4.142621
4.142621
4.142621
4.142621
4.142621
4.142621
4.142621
4.142621
4.142621
4.142621
4.142621
4.142621
4.142621
4.142621
4.142621
5.255798
5.255798
5.255798
5.255798
5.255798
5.255798
5.255798
5.255798
5.255798
5.255798
5.255798
5.255798
5.255798
5.255798
5.255798
4.611352
4.611352
4.611352
4.611352
4.611352
4.611352
4.611352
4.611352
4.611352
4.611352
4.611352
4.611352
4.611352
4.611352
4.611352
5.141598
5.141598
5.141598
5.141598
5.141598
5.141598
5.141598
5.141598
5.141598
5.141598
5.141598
5.141598
5.141598
5.141598
5.141598
5.045779
5.045779
5.045779
5.045779
5.045779
5.045779
5.045779
5.045779
5.045779
5.045779
5.045779
5.045779
5.045779
5.045779
5.045779
6.345296
6.345296
6.345296
6.345296
6.345296
6.345296
6.345296
6.345296
6.345296
6.345296
6.345296
6.345296
6.345296
6.345296
6.345296
8.260265
8.260265
8.260265
8.260265
8.260265
8.260265
8.260265
8.260265
8.260265
8.260265
8.260265
8.260265
8.260265
8.260265
8.260265
7.562538
7.562538
7.562538
7.562538
7.562538
7.562538
7.562538
7.562538
7.562538
7.562538
7.562538
7.562538
7.562538
7.562538
7.562538
7.072570
7.072570
7.072570
7.072570
7.072570
7.072570
7.072570
7.072570
7.072570
7.072570
7.072570
7.072570
7.072570
7.072570
7.072570
4.610723
4.610723
4.610723
4.610723
4.610723
4.610723
4.610723
4.610723
4.610723
4.610723
4.610723
4.610723
4.610723
4.610723
4.610723
4.837509
4.837509
4.837509
4.837509
4.837509
4.837509
4.837509
4.837509
4.837509
4.837509
4.837509
4.837509
4.837509
4.837509
4.837509
4.684506
4.684506
4.684506
4.684506
4.684506
4.684506
4.684506
4.684506
4.684506
4.684506
4.684506
4.684506
4.684506
4.684506
4.684506
4.574723
4.574723
4.574723
4.574723
4.574723
4.574723
4.574723
4.574723
4.574723
4.574723
4.574723
4.574723
4.574723
4.574723
4.574723
5.288552
5.288552
5.288552
5.288552
5.288552
5.288552
5.288552
5.288552
5.288552
5.288552
5.288552
5.288552
5.288552
5.288552
5.288552
4.742762
4.742762
4.742762
4.742762
4.742762
4.742762
4.742762
4.742762
4.742762
4.742762
4.742762
4.742762
4.742762
4.742762
4.742762
4.810536
4.810536
4.810536
4.810536
4.810536
4.810536
4.810536
4.810536
4.810536
4.810536
4.810536
4.810536
4.810536
4.810536
4.810536
4.698090
4.698090
4.698090
4.698090
4.698090
4.698090
4.698090
4.698090
4.698090
4.698090
4.698090
4.698090
4.698090
4.698090
4.698090
4.418578
4.418578
4.418578
4.418578
4.418578
4.418578
4.418578
4.418578
4.418578
4.418578
4.418578
4.418578
4.418578
4.418578
4.418578
4.508143
4.508143
4.508143
4.508143
4.508143
4.508143
4.508143
4.508143
4.508143
4.508143
4.508143
4.508143
4.508143
4.508143
4.508143
3.870178
3.870178
3.870178
3.870178
3.870178
3.870178
3.870178
3.870178
3.870178
3.870178
3.870178
3.870178
3.870178
3.870178
3.870178
4.177578
4.177578
4.177578
4.177578
4.177578
4.177578
4.177578
4.177578
4.177578
4.177578
4.177578
4.177578
4.177578
4.177578
4.177578
4.551516
4.551516
4.551516
4.551516
4.551516
4.551516
4.551516
4.551516
4.551516
4.551516
4.551516
4.551516
4.551516
4.551516
4.551516
7.829376
7.829376
7.829376
7.829376
7.829376
7.829376
7.829376
7.829376
7.829376
7.829376
7.829376
7.829376
7.829376
7.829376
7.829376
8.022376
8.022376
8.022376
8.022376
8.022376
8.022376
8.022376
8.022376
8.022376
8.022376
8.022376
8.022376
8.022376
8.022376
8.022376
6.649397
6.649397
6.649397
6.649397
6.649397
6.649397
6.649397
6.649397
6.649397
6.649397
6.649397
6.649397
6.649397
6.649397
6.649397
4.987913
4.987913
4.987913
4.987913
4.987913
4.987913
4.987913
4.987913
4.987913
4.987913
4.987913
4.987913
4.987913
4.987913
4.987913
5.047685
5.047685
5.047685
5.047685
5.047685
5.047685
5.047685
5.047685
5.047685
5.047685
5.047685
5.047685
5.047685
5.047685
5.047685
5.462221
5.462221
5.462221
5.462221
5.462221
5.462221
5.462221
5.462221
5.462221
5.462221
5.462221
5.462221
5.462221
5.462221
5.462221
5.225067
5.225067
5.225067
5.225067
5.225067
5.225067
5.225067
5.225067
5.225067
5.225067
5.225067
5.225067
5.225067
5.225067
5.225067
6.752150
6.752150
6.752150
6.752150
6.752150
6.752150
6.752150
6.752150
6.752150
6.752150
6.752150
6.752150
6.752150
6.752150
6.752150
6.899709
6.899709
6.899709
6.899709
6.899709
6.899709
6.899709
6.899709
6.899709
6.899709
6.899709
6.899709
6.899709
6.899709
6.899709
5.393380
5.393380
5.393380
5.393380
5.393380
5.393380
5.393380
5.393380
5.393380
5.393380
5.393380
5.393380
5.393380
5.393380
5.393380
6.006326
6.006326
6.006326
6.006326
6.006326
6.006326
6.006326
6.006326
6.006326
6.006326
6.006326
6.006326
6.006326
6.006326
6.006326
8.193707
8.193707
8.193707
8.193707
8.193707
8.193707
8.193707
8.193707
8.193707
8.193707
8.193707
8.193707
8.193707
8.193707
8.193707
9.646313
9.646313
9.646313
9.646313
9.646313
9.646313
9.646313
9.646313
9.646313
9.646313
9.646313
9.646313
9.646313
9.646313
9.646313
11.128985
11.128985
11.128985
11.128985
11.128985
11.128985
11.128985
11.128985
11.128985
11.128985
11.128985
11.128985
11.128985
11.128985
11.128985
13.930693
13.930693
13.930693
13.930693
13.930693
13.930693
13.930693
13.930693
13.930693
13.930693
13.930693
13.930693
13.930693
13.930693
13.930693
10.437345
10.437345
10.437345
10.437345
10.437345
10.437345
10.437345
10.437345
10.437345
10.437345
10.437345
10.437345
10.437345
10.437345
10.437345
12.133568
12.133568
12.133568
12.133568
12.133568
12.133568
12.133568
12.133568
12.133568
12.133568
12.133568
12.133568
12.133568
12.133568
12.133568
11.008252
11.008252
11.008252
11.008252
11.008252
11.008252
11.008252
11.008252
11.008252
11.008252
11.008252
11.008252
11.008252
11.008252
11.008252
11.914383
11.914383
11.914383
11.914383
11.914383
11.914383
11.914383
11.914383
11.914383
11.914383
11.914383
11.914383
11.914383
11.914383
11.914383
18.021391
18.021391
18.021391
18.021391
18.021391
18.021391
18.021391
18.021391
18.021391
18.021391
18.021391
18.021391
18.021391
18.021391
18.021391
19.550816
19.550816
19.550816
19.550816
19.550816
19.550816
19.550816
19.550816
19.550816
19.550816
19.550816
19.550816
19.550816
19.550816
19.550816
18.446473
18.446473
18.446473
18.446473
18.446473
18.446473
18.446473
18.446473
18.446473
18.446473
18.446473
18.446473
18.446473
18.446473
18.446473
20.198599
20.198599
20.198599
20.198599
20.198599
20.198599
20.198599
20.198599
20.198599
20.198599
20.198599
20.198599
20.198599
20.198599
20.198599
13.366734
13.366734
13.366734
13.366734
13.366734
13.366734
13.366734
13.366734
13.366734
13.366734
13.366734
13.366734
13.366734
13.366734
13.366734
11.845234
11.845234
11.845234
11.845234
11.845234
11.845234
11.845234
11.845234
11.845234
11.845234
11.845234
11.845234
11.845234
11.845234
11.845234
11.819899
11.819899
11.819899
11.819899
11.819899
11.819899
11.819899
11.819899
11.819899
11.819899
11.819899
11.819899
11.819899
11.819899
11.819899
11.504451
11.504451
11.504451
11.504451
11.504451
11.504451
11.504451
11.504451
11.504451
11.504451
11.504451
11.504451
11.504451
11.504451
11.504451
10.199278
10.199278
10.199278
10.199278
10.199278
10.199278
10.199278
10.199278
10.199278
10.199278
10.199278
10.199278
10.199278
10.199278
10.199278
7.845977
7.845977
7.845977
7.845977
7.845977
7.845977
7.845977
7.845977
7.845977
7.845977
7.845977
7.845977
7.845977
7.845977
7.845977
6.781506
6.781506
6.781506
6.781506
6.781506
6.781506
6.781506
6.781506
6.781506
6.781506
6.781506
6.781506
6.781506
6.781506
6.781506
7.634466
7.634466
7.634466
7.634466
7.634466
7.634466
7.634466
7.634466
7.634466
7.634466
7.634466
7.634466
7.634466
7.634466
7.634466
10.113537
10.113537
10.113537
10.113537
10.113537
10.113537
10.113537
10.113537
10.113537
10.113537
10.113537
10.113537
10.113537
10.113537
10.113537
12.833441
12.833441
12.833441
12.833441
12.833441
12.833441
12.833441
12.833441
12.833441
12.833441
12.833441
12.833441
12.833441
12.833441
12.833441
11.176415
11.176415
11.176415
11.176415
11.176415
11.176415
11.176415
11.176415
11.176415
11.176415
11.176415
11.176415
11.176415
11.176415
11.176415
6.845859
6.845859
6.845859
6.845859
6.845859
6.845859
6.845859
6.845859
6.845859
6.845859
6.845859
6.845859
6.845859
6.845859
6.845859
6.294679
6.294679
6.294679
6.294679
6.294679
6.294679
6.294679
6.294679
6.294679
6.294679
6.294679
6.294679
6.294679
6.294679
6.294679
6.110741
6.110741
6.110741
6.110741
6.110741
6.110741
6.110741
6.110741
6.110741
6.110741
6.110741
6.110741
6.110741
6.110741
6.110741
8.935350
8.935350
8.935350
8.935350
8.935350
8.935350
8.935350
8.935350
8.935350
8.935350
8.935350
8.935350
8.935350
8.935350
8.935350
10.727814
10.727814
10.727814
10.727814
10.727814
10.727814
10.727814
10.727814
10.727814
10.727814
10.727814
10.727814
10.727814
10.727814
10.727814
6.986866
6.986866
6.986866
6.986866
6.986866
6.986866
6.986866
6.986866
6.986866
6.986866
6.986866
6.986866
6.986866
6.986866
6.986866
6.278693
6.278693
6.278693
6.278693
6.278693
6.278693
6.278693
6.278693
6.278693
6.278693
6.278693
6.278693
6.278693
6.278693
6.278693
7.246588
7.246588
7.246588
7.246588
7.246588
7.246588
7.246588
7.246588
7.246588
7.246588
7.246588
7.246588
7.246588
7.246588
7.246588
10.698555
10.698555
10.698555
10.698555
10.698555
10.698555
10.698555
10.698555
10.698555
10.698555
10.698555
10.698555
10.698555
10.698555
10.698555
12.407629
12.407629
12.407629
12.407629
12.407629
12.407629
12.407629
12.407629
12.407629
12.407629
12.407629
12.407629
12.407629
12.407629
12.407629
13.461451
13.461451
13.461451
13.461451
13.461451
13.461451
13.461451
13.461451
13.461451
13.461451
13.461451
13.461451
13.461451
13.461451
13.461451
12.836759
12.836759
12.836759
12.836759
12.836759
12.836759
12.836759
12.836759
12.836759
12.836759
12.836759
12.836759
12.836759
12.836759
12.836759
9.734521
9.734521
9.734521
9.734521
9.734521
9.734521
9.734521
9.734521
9.734521
9.734521
9.734521
9.734521
9.734521
9.734521
9.734521
8.935027
8.935027
8.935027
8.935027
8.935027
8.935027
8.935027
8.935027
8.935027
8.935027
8.935027
8.935027
8.935027
8.935027
8.935027
10.716562
10.716562
10.716562
10.716562
10.716562
10.716562
10.716562
10.716562
10.716562
10.716562
10.716562
10.716562
10.716562
10.716562
10.716562
10.613343
10.613343
10.613343
10.613343
10.613343
10.613343
10.613343
10.613343
10.613343
10.613343
10.613343
10.613343
10.613343
10.613343
10.613343
9.020071
9.020071
9.020071
9.020071
9.020071
9.020071
9.020071
9.020071
9.020071
9.020071
9.020071
9.020071
9.020071
9.020071
9.020071
9.167251
9.167251
9.167251
9.167251
9.167251
9.167251
9.167251
9.167251
9.167251
9.167251
9.167251
9.167251
9.167251
9.167251
9.167251
8.106689
8.106689
8.106689
8.106689
8.106689
8.106689
8.106689
8.106689
8.106689
8.106689
8.106689
8.106689
8.106689
8.106689
8.106689
7.141887
7.141887
7.141887
7.141887
7.141887
7.141887
7.141887
7.141887
7.141887
7.141887
7.141887
7.141887
7.141887
7.141887
7.141887
6.860911
6.860911
6.860911
6.860911
6.860911
6.860911
6.860911
6.860911
6.860911
6.860911
6.860911
6.860911
6.860911
6.860911
6.860911
6.294556
6.294556
6.294556
6.294556
6.294556
6.294556
6.294556
6.294556
6.294556
6.294556
6.294556
6.294556
6.294556
6.294556
6.294556
6.741012
6.741012
6.741012
6.741012
6.741012
6.741012
6.741012
6.741012
6.741012
6.741012
6.741012
6.741012
6.741012
6.741012
6.741012
7.150257
7.150257
7.150257
7.150257
7.150257
7.150257
7.150257
7.150257
7.150257
7.150257
7.150257
7.150257
7.150257
7.150257
7.150257
7.533152
7.533152
7.533152
7.533152
7.533152
7.533152
7.533152
7.533152
7.533152
7.533152
7.533152
7.533152
7.533152
7.533152
7.533152
6.574885
6.574885
6.574885
6.574885
6.574885
6.574885
6.574885
6.574885
6.574885
6.574885
6.574885
6.574885
6.574885
6.574885
6.574885
9.126729
9.126729
9.126729
9.126729
9.126729
9.126729
9.126729
9.126729
9.126729
9.126729
9.126729
9.126729
9.126729
9.126729
9.126729
9.001158
9.001158
9.001158
9.001158
9.001158
9.001158
9.001158
9.001158
9.001158
9.001158
9.001158
9.001158
9.001158
9.001158
9.001158
9.299535
9.299535
9.299535
9.299535
9.299535
9.299535
9.299535
9.299535
9.299535
9.299535
9.299535
9.299535
9.299535
9.299535
9.299535
6.828718
6.828718
6.828718
6.828718
6.828718
6.828718
6.828718
6.828718
6.828718
6.828718
6.828718
6.828718
6.828718
6.828718
6.828718
6.478810
6.478810
6.478810
6.478810
6.478810
6.478810
6.478810
6.478810
6.478810
6.478810
6.478810
6.478810
6.478810
6.478810
6.478810
5.142892
5.142892
5.142892
5.142892
5.142892
5.142892
5.142892
5.142892
5.142892
5.142892
5.142892
5.142892
5.142892
5.142892
5.142892
4.420309
4.420309
4.420309
4.420309
4.420309
4.420309
4.420309
4.420309
4.420309
4.420309
4.420309
4.420309
4.420309
4.420309
4.420309
4.922795
4.922795
4.922795
4.922795
4.922795
4.922795
4.922795
4.922795
4.922795
4.922795
4.922795
4.922795
4.922795
4.922795
4.922795
5.290684
5.290684
5.290684
5.290684
5.290684
5.290684
5.290684
5.290684
5.290684
5.290684
5.290684
5.290684
5.290684
5.290684
5.290684
4.985925
4.985925
4.985925
4.985925
4.985925
4.985925
4.985925
4.985925
4.985925
4.985925
4.985925
4.985925
4.985925
4.985925
4.985925
4.781716
4.781716
4.781716
4.781716
4.781716
4.781716
4.781716
4.781716
4.781716
4.781716
4.781716
4.781716
4.781716
4.781716
4.781716
4.108619
4.108619
4.108619
4.108619
4.108619
4.108619
4.108619
4.108619
4.108619
4.108619
4.108619
4.108619
4.108619
4.108619
4.108619
4.245730
4.245730
4.245730
4.245730
4.245730
4.245730
4.245730
4.245730
4.245730
4.245730
4.245730
4.245730
4.245730
4.245730
4.245730
4.266466
4.266466
4.266466
4.266466
4.266466
4.266466
4.266466
4.266466
4.266466
4.266466
4.266466
4.266466
4.266466
4.266466
4.266466
