12.277367
12.277367
12.277367
12.277367
12.277367
12.277367
12.277367
12.277367
12.277367
12.277367
12.277367
12.277367
12.277367
12.277367
12.277367
12.251856
12.251856
12.251856
12.251856
12.251856
12.251856
12.251856
12.251856
12.251856
12.251856
12.251856
12.251856
12.251856
12.251856
12.251856
13.280115
13.280115
13.280115
13.280115
13.280115
13.280115
13.280115
13.280115
13.280115
13.280115
13.280115
13.280115
13.280115
13.280115
13.280115
12.918441
12.918441
12.918441
12.918441
12.918441
12.918441
12.918441
12.918441
12.918441
12.918441
12.918441
12.918441
12.918441
12.918441
12.918441
12.423771
12.423771
12.423771
12.423771
12.423771
12.423771
12.423771
12.423771
12.423771
12.423771
12.423771
12.423771
12.423771
12.423771
12.423771
12.465209
12.465209
12.465209
12.465209
12.465209
12.465209
12.465209
12.465209
12.465209
12.465209
12.465209
12.465209
12.465209
12.465209
12.465209
11.844719
11.844719
11.844719
11.844719
11.844719
11.844719
11.844719
11.844719
11.844719
11.844719
11.844719
11.844719
11.844719
11.844719
11.844719
11.841014
11.841014
11.841014
11.841014
11.841014
11.841014
11.841014
11.841014
11.841014
11.841014
11.841014
11.841014
11.841014
11.841014
11.841014
11.066962
11.066962
11.066962
11.066962
11.066962
11.066962
11.066962
11.066962
11.066962
11.066962
11.066962
11.066962
11.066962
11.066962
11.066962
11.718040
11.718040
11.718040
11.718040
11.718040
11.718040
11.718040
11.718040
11.718040
11.718040
11.718040
11.718040
11.718040
11.718040
11.718040
11.297259
11.297259
11.297259
11.297259
11.297259
11.297259
11.297259
11.297259
11.297259
11.297259
11.297259
11.297259
11.297259
11.297259
11.297259
11.801797
11.801797
11.801797
11.801797
11.801797
11.801797
11.801797
11.801797
11.801797
11.801797
11.801797
11.801797
11.801797
11.801797
11.801797
11.159859
11.159859
11.159859
11.159859
11.159859
11.159859
11.159859
11.159859
11.159859
11.159859
11.159859
11.159859
11.159859
11.159859
11.159859
11.152729
11.152729
11.152729
11.152729
11.152729
11.152729
11.152729
11.152729
11.152729
11.152729
11.152729
11.152729
11.152729
11.152729
11.152729
10.834498
10.834498
10.834498
10.834498
10.834498
10.834498
10.834498
10.834498
10.834498
10.834498
10.834498
10.834498
10.834498
10.834498
10.834498
11.203035
11.203035
11.203035
11.203035
11.203035
11.203035
11.203035
11.203035
11.203035
11.203035
11.203035
11.203035
11.203035
11.203035
11.203035
12.957237
12.957237
12.957237
12.957237
12.957237
12.957237
12.957237
12.957237
12.957237
12.957237
12.957237
12.957237
12.957237
12.957237
12.957237
11.020515
11.020515
11.020515
11.020515
11.020515
11.020515
11.020515
11.020515
11.020515
11.020515
11.020515
11.020515
11.020515
11.020515
11.020515
11.662985
11.662985
11.662985
11.662985
11.662985
11.662985
11.662985
11.662985
11.662985
11.662985
11.662985
11.662985
11.662985
11.662985
11.662985
12.524342
12.524342
12.524342
12.524342
12.524342
12.524342
12.524342
12.524342
12.524342
12.524342
12.524342
12.524342
12.524342
12.524342
12.524342
11.631692
11.631692
11.631692
11.631692
11.631692
11.631692
11.631692
11.631692
11.631692
11.631692
11.631692
11.631692
11.631692
11.631692
11.631692
11.939562
11.939562
11.939562
11.939562
11.939562
11.939562
11.939562
11.939562
11.939562
11.939562
11.939562
11.939562
11.939562
11.939562
11.939562
12.043410
12.043410
12.043410
12.043410
12.043410
12.043410
12.043410
12.043410
12.043410
12.043410
12.043410
12.043410
12.043410
12.043410
12.043410
12.353903
12.353903
12.353903
12.353903
12.353903
12.353903
12.353903
12.353903
12.353903
12.353903
12.353903
12.353903
12.353903
12.353903
12.353903
12.555082
12.555082
12.555082
12.555082
12.555082
12.555082
12.555082
12.555082
12.555082
12.555082
12.555082
12.555082
12.555082
12.555082
12.555082
11.765349
11.765349
11.765349
11.765349
11.765349
11.765349
11.765349
11.765349
11.765349
11.765349
11.765349
11.765349
11.765349
11.765349
11.765349
12.138113
12.138113
12.138113
12.138113
12.138113
12.138113
12.138113
12.138113
12.138113
12.138113
12.138113
12.138113
12.138113
12.138113
12.138113
12.662162
12.662162
12.662162
12.662162
12.662162
12.662162
12.662162
12.662162
12.662162
12.662162
12.662162
12.662162
12.662162
12.662162
12.662162
11.789506
11.789506
11.789506
11.789506
11.789506
11.789506
11.789506
11.789506
11.789506
11.789506
11.789506
11.789506
11.789506
11.789506
11.789506
11.590322
11.590322
11.590322
11.590322
11.590322
11.590322
11.590322
11.590322
11.590322
11.590322
11.590322
11.590322
11.590322
11.590322
11.590322
10.372815
10.372815
10.372815
10.372815
10.372815
10.372815
10.372815
10.372815
10.372815
10.372815
10.372815
10.372815
10.372815
10.372815
10.372815
10.359730
10.359730
10.359730
10.359730
10.359730
10.359730
10.359730
10.359730
10.359730
10.359730
10.359730
10.359730
10.359730
10.359730
10.359730
10.022806
10.022806
10.022806
10.022806
10.022806
10.022806
10.022806
10.022806
10.022806
10.022806
10.022806
10.022806
10.022806
10.022806
10.022806
10.134927
10.134927
10.134927
10.134927
10.134927
10.134927
10.134927
10.134927
10.134927
10.134927
10.134927
10.134927
10.134927
10.134927
10.134927
9.078445
9.078445
9.078445
9.078445
9.078445
9.078445
9.078445
9.078445
9.078445
9.078445
9.078445
9.078445
9.078445
9.078445
9.078445
8.239658
8.239658
8.239658
8.239658
8.239658
8.239658
8.239658
8.239658
8.239658
8.239658
8.239658
8.239658
8.239658
8.239658
8.239658
11.112813
11.112813
11.112813
11.112813
11.112813
11.112813
11.112813
11.112813
11.112813
11.112813
11.112813
11.112813
11.112813
11.112813
11.112813
10.008728
10.008728
10.008728
10.008728
10.008728
10.008728
10.008728
10.008728
10.008728
10.008728
10.008728
10.008728
10.008728
10.008728
10.008728
10.354340
10.354340
10.354340
10.354340
10.354340
10.354340
10.354340
10.354340
10.354340
10.354340
10.354340
10.354340
10.354340
10.354340
10.354340
10.753074
10.753074
10.753074
10.753074
10.753074
10.753074
10.753074
10.753074
10.753074
10.753074
10.753074
10.753074
10.753074
10.753074
10.753074
9.792005
9.792005
9.792005
9.792005
9.792005
9.792005
9.792005
9.792005
9.792005
9.792005
9.792005
9.792005
9.792005
9.792005
9.792005
10.625991
10.625991
10.625991
10.625991
10.625991
10.625991
10.625991
10.625991
10.625991
10.625991
10.625991
10.625991
10.625991
10.625991
10.625991
10.888780
10.888780
10.888780
10.888780
10.888780
10.888780
10.888780
10.888780
10.888780
10.888780
10.888780
10.888780
10.888780
10.888780
10.888780
10.491526
10.491526
10.491526
10.491526
10.491526
10.491526
10.491526
10.491526
10.491526
10.491526
10.491526
10.491526
10.491526
10.491526
10.491526
9.821068
9.821068
9.821068
9.821068
9.821068
9.821068
9.821068
9.821068
9.821068
9.821068
9.821068
9.821068
9.821068
9.821068
9.821068
9.017125
9.017125
9.017125
9.017125
9.017125
9.017125
9.017125
9.017125
9.017125
9.017125
9.017125
9.017125
9.017125
9.017125
9.017125
9.503636
9.503636
9.503636
9.503636
9.503636
9.503636
9.503636
9.503636
9.503636
9.503636
9.503636
9.503636
9.503636
9.503636
9.503636
9.102675
9.102675
9.102675
9.102675
9.102675
9.102675
9.102675
9.102675
9.102675
9.102675
9.102675
9.102675
9.102675
9.102675
9.102675
8.351836
8.351836
8.351836
8.351836
8.351836
8.351836
8.351836
8.351836
8.351836
8.351836
8.351836
8.351836
8.351836
8.351836
8.351836
8.160479
8.160479
8.160479
8.160479
8.160479
8.160479
8.160479
8.160479
8.160479
8.160479
8.160479
8.160479
8.160479
8.160479
8.160479
8.370545
8.370545
8.370545
8.370545
8.370545
8.370545
8.370545
8.370545
8.370545
8.370545
8.370545
8.370545
8.370545
8.370545
8.370545
8.898319
8.898319
8.898319
8.898319
8.898319
8.898319
8.898319
8.898319
8.898319
8.898319
8.898319
8.898319
8.898319
8.898319
8.898319
8.812683
8.812683
8.812683
8.812683
8.812683
8.812683
8.812683
8.812683
8.812683
8.812683
8.812683
8.812683
8.812683
8.812683
8.812683
6.701834
6.701834
6.701834
6.701834
6.701834
6.701834
6.701834
6.701834
6.701834
6.701834
6.701834
6.701834
6.701834
6.701834
6.701834
7.099249
7.099249
7.099249
7.099249
7.099249
7.099249
7.099249
7.099249
7.099249
7.099249
7.099249
7.099249
7.099249
7.099249
7.099249
6.767593
6.767593
6.767593
6.767593
6.767593
6.767593
6.767593
6.767593
6.767593
6.767593
6.767593
6.767593
6.767593
6.767593
6.767593
9.031171
9.031171
9.031171
9.031171
9.031171
9.031171
9.031171
9.031171
9.031171
9.031171
9.031171
9.031171
9.031171
9.031171
9.031171
10.092406
10.092406
10.092406
10.092406
10.092406
10.092406
10.092406
10.092406
10.092406
10.092406
10.092406
10.092406
10.092406
10.092406
10.092406
8.382636
8.382636
8.382636
8.382636
8.382636
8.382636
8.382636
8.382636
8.382636
8.382636
8.382636
8.382636
8.382636
8.382636
8.382636
8.412183
8.412183
8.412183
8.412183
8.412183
8.412183
8.412183
8.412183
8.412183
8.412183
8.412183
8.412183
8.412183
8.412183
8.412183
9.583179
9.583179
9.583179
9.583179
9.583179
9.583179
9.583179
9.583179
9.583179
9.583179
9.583179
9.583179
9.583179
9.583179
9.583179
9.262232
9.262232
9.262232
9.262232
9.262232
9.262232
9.262232
9.262232
9.262232
9.262232
9.262232
9.262232
9.262232
9.262232
9.262232
9.354976
9.354976
9.354976
9.354976
9.354976
9.354976
9.354976
9.354976
9.354976
9.354976
9.354976
9.354976
9.354976
9.354976
9.354976
10.611578
10.611578
10.611578
10.611578
10.611578
10.611578
10.611578
10.611578
10.611578
10.611578
10.611578
10.611578
10.611578
10.611578
10.611578
11.909296
11.909296
11.909296
11.909296
11.909296
11.909296
11.909296
11.909296
11.909296
11.909296
11.909296
11.909296
11.909296
11.909296
11.909296
10.445166
10.445166
10.445166
10.445166
10.445166
10.445166
10.445166
10.445166
10.445166
10.445166
10.445166
10.445166
10.445166
10.445166
10.445166
9.067477
9.067477
9.067477
9.067477
9.067477
9.067477
9.067477
9.067477
9.067477
9.067477
9.067477
9.067477
9.067477
9.067477
9.067477
8.965147
8.965147
8.965147
8.965147
8.965147
8.965147
8.965147
8.965147
8.965147
8.965147
8.965147
8.965147
8.965147
8.965147
8.965147
9.090825
9.090825
9.090825
9.090825
9.090825
9.090825
9.090825
9.090825
9.090825
9.090825
9.090825
9.090825
9.090825
9.090825
9.090825
9.191336
9.191336
9.191336
9.191336
9.191336
9.191336
9.191336
9.191336
9.191336
9.191336
9.191336
9.191336
9.191336
9.191336
9.191336
8.436575
8.436575
8.436575
8.436575
8.436575
8.436575
8.436575
8.436575
8.436575
8.436575
8.436575
8.436575
8.436575
8.436575
8.436575
7.526402
7.526402
7.526402
7.526402
7.526402
7.526402
7.526402
7.526402
7.526402
7.526402
7.526402
7.526402
7.526402
7.526402
7.526402
7.970670
7.970670
7.970670
7.970670
7.970670
7.970670
7.970670
7.970670
7.970670
7.970670
7.970670
7.970670
7.970670
7.970670
7.970670
8.860524
8.860524
8.860524
8.860524
8.860524
8.860524
8.860524
8.860524
8.860524
8.860524
8.860524
8.860524
8.860524
8.860524
8.860524
9.015920
9.015920
9.015920
9.015920
9.015920
9.015920
9.015920
9.015920
9.015920
9.015920
9.015920
9.015920
9.015920
9.015920
9.015920
10.106727
10.106727
10.106727
10.106727
10.106727
10.106727
10.106727
10.106727
10.106727
10.106727
10.106727
10.106727
10.106727
10.106727
10.106727
10.311826
10.311826
10.311826
10.311826
10.311826
10.311826
10.311826
10.311826
10.311826
10.311826
10.311826
10.311826
10.311826
10.311826
10.311826
13.117760
13.117760
13.117760
13.117760
13.117760
13.117760
13.117760
13.117760
13.117760
13.117760
13.117760
13.117760
13.117760
13.117760
13.117760
14.605401
14.605401
14.605401
14.605401
14.605401
14.605401
14.605401
14.605401
14.605401
14.605401
14.605401
14.605401
14.605401
14.605401
14.605401
14.990906
14.990906
14.990906
14.990906
14.990906
14.990906
14.990906
14.990906
14.990906
14.990906
14.990906
14.990906
14.990906
14.990906
14.990906
12.605307
12.605307
12.605307
12.605307
12.605307
12.605307
12.605307
12.605307
12.605307
12.605307
12.605307
12.605307
12.605307
12.605307
12.605307
11.072979
11.072979
11.072979
11.072979
11.072979
11.072979
11.072979
11.072979
11.072979
11.072979
11.072979
11.072979
11.072979
11.072979
11.072979
10.853025
10.853025
10.853025
10.853025
10.853025
10.853025
10.853025
10.853025
10.853025
10.853025
10.853025
10.853025
10.853025
10.853025
10.853025
11.026113
11.026113
11.026113
11.026113
11.026113
11.026113
11.026113
11.026113
11.026113
11.026113
11.026113
11.026113
11.026113
11.026113
11.026113
12.576110
12.576110
12.576110
12.576110
12.576110
12.576110
12.576110
12.576110
12.576110
12.576110
12.576110
12.576110
12.576110
12.576110
12.576110
12.716825
12.716825
12.716825
12.716825
12.716825
12.716825
12.716825
12.716825
12.716825
12.716825
12.716825
12.716825
12.716825
12.716825
12.716825
14.399083
14.399083
14.399083
14.399083
14.399083
14.399083
14.399083
14.399083
14.399083
14.399083
14.399083
14.399083
14.399083
14.399083
14.399083
14.313065
14.313065
14.313065
14.313065
14.313065
14.313065
14.313065
14.313065
14.313065
14.313065
14.313065
14.313065
14.313065
14.313065
14.313065
13.445646
13.445646
13.445646
13.445646
13.445646
13.445646
13.445646
13.445646
13.445646
13.445646
13.445646
13.445646
13.445646
13.445646
13.445646
13.060421
13.060421
13.060421
13.060421
13.060421
13.060421
13.060421
13.060421
13.060421
13.060421
13.060421
13.060421
13.060421
13.060421
13.060421
13.351795
13.351795
13.351795
13.351795
13.351795
13.351795
13.351795
13.351795
13.351795
13.351795
13.351795
13.351795
13.351795
13.351795
13.351795
13.634992
13.634992
13.634992
13.634992
13.634992
13.634992
13.634992
13.634992
13.634992
13.634992
13.634992
13.634992
13.634992
13.634992
13.634992
13.453540
13.453540
13.453540
13.453540
13.453540
13.453540
13.453540
13.453540
13.453540
13.453540
13.453540
13.453540
13.453540
13.453540
13.453540
13.394465
13.394465
13.394465
13.394465
13.394465
13.394465
13.394465
13.394465
13.394465
13.394465
13.394465
13.394465
13.394465
13.394465
13.394465
13.880978
13.880978
13.880978
13.880978
13.880978
13.880978
13.880978
13.880978
13.880978
13.880978
13.880978
13.880978
13.880978
13.880978
13.880978
13.745763
13.745763
13.745763
13.745763
13.745763
13.745763
13.745763
13.745763
13.745763
13.745763
13.745763
13.745763
13.745763
13.745763
13.745763
