1.386091
1.386091
1.386091
1.386091
1.386091
1.386091
1.386091
1.386091
1.386091
1.386091
1.386091
1.386091
1.386091
1.386091
1.386091
2.114793
2.114793
2.114793
2.114793
2.114793
2.114793
2.114793
2.114793
2.114793
2.114793
2.114793
2.114793
2.114793
2.114793
2.114793
2.070290
2.070290
2.070290
2.070290
2.070290
2.070290
2.070290
2.070290
2.070290
2.070290
2.070290
2.070290
2.070290
2.070290
2.070290
1.227685
1.227685
1.227685
1.227685
1.227685
1.227685
1.227685
1.227685
1.227685
1.227685
1.227685
1.227685
1.227685
1.227685
1.227685
1.281990
1.281990
1.281990
1.281990
1.281990
1.281990
1.281990
1.281990
1.281990
1.281990
1.281990
1.281990
1.281990
1.281990
1.281990
1.312180
1.312180
1.312180
1.312180
1.312180
1.312180
1.312180
1.312180
1.312180
1.312180
1.312180
1.312180
1.312180
1.312180
1.312180
1.329530
1.329530
1.329530
1.329530
1.329530
1.329530
1.329530
1.329530
1.329530
1.329530
1.329530
1.329530
1.329530
1.329530
1.329530
1.368741
1.368741
1.368741
1.368741
1.368741
1.368741
1.368741
1.368741
1.368741
1.368741
1.368741
1.368741
1.368741
1.368741
1.368741
1.604094
1.604094
1.604094
1.604094
1.604094
1.604094
1.604094
1.604094
1.604094
1.604094
1.604094
1.604094
1.604094
1.604094
1.604094
2.077837
2.077837
2.077837
2.077837
2.077837
2.077837
2.077837
2.077837
2.077837
2.077837
2.077837
2.077837
2.077837
2.077837
2.077837
1.684078
1.684078
1.684078
1.684078
1.684078
1.684078
1.684078
1.684078
1.684078
1.684078
1.684078
1.684078
1.684078
1.684078
1.684078
1.478133
1.478133
1.478133
1.478133
1.478133
1.478133
1.478133
1.478133
1.478133
1.478133
1.478133
1.478133
1.478133
1.478133
1.478133
2.198506
2.198506
2.198506
2.198506
2.198506
2.198506
2.198506
2.198506
2.198506
2.198506
2.198506
2.198506
2.198506
2.198506
2.198506
1.328749
1.328749
1.328749
1.328749
1.328749
1.328749
1.328749
1.328749
1.328749
1.328749
1.328749
1.328749
1.328749
1.328749
1.328749
1.328749
1.328749
1.328749
1.328749
1.328749
1.328749
1.328749
1.328749
1.328749
1.328749
1.328749
1.328749
1.328749
1.328749
1.328749
1.316690
1.316690
1.316690
1.316690
1.316690
1.316690
1.316690
1.316690
1.316690
1.316690
1.316690
1.316690
1.316690
1.316690
1.316690
1.366485
1.366485
1.366485
1.366485
1.366485
1.366485
1.366485
1.366485
1.366485
1.366485
1.366485
1.366485
1.366485
1.366485
1.366485
1.744369
1.744369
1.744369
1.744369
1.744369
1.744369
1.744369
1.744369
1.744369
1.744369
1.744369
1.744369
1.744369
1.744369
1.744369
2.193215
2.193215
2.193215
2.193215
2.193215
2.193215
2.193215
2.193215
2.193215
2.193215
2.193215
2.193215
2.193215
2.193215
2.193215
1.806222
1.806222
1.806222
1.806222
1.806222
1.806222
1.806222
1.806222
1.806222
1.806222
1.806222
1.806222
1.806222
1.806222
1.806222
1.205043
1.205043
1.205043
1.205043
1.205043
1.205043
1.205043
1.205043
1.205043
1.205043
1.205043
1.205043
1.205043
1.205043
1.205043
1.286501
1.286501
1.286501
1.286501
1.286501
1.286501
1.286501
1.286501
1.286501
1.286501
1.286501
1.286501
1.286501
1.286501
1.286501
1.328749
1.328749
1.328749
1.328749
1.328749
1.328749
1.328749
1.328749
1.328749
1.328749
1.328749
1.328749
1.328749
1.328749
1.328749
1.309143
1.309143
1.309143
1.309143
1.309143
1.309143
1.309143
1.309143
1.309143
1.309143
1.309143
1.309143
1.309143
1.309143
1.309143
1.267677
1.267677
1.267677
1.267677
1.267677
1.267677
1.267677
1.267677
1.267677
1.267677
1.267677
1.267677
1.267677
1.267677
1.267677
1.377069
1.377069
1.377069
1.377069
1.377069
1.377069
1.377069
1.377069
1.377069
1.377069
1.377069
1.377069
1.377069
1.377069
1.377069
1.537730
1.537730
1.537730
1.537730
1.537730
1.537730
1.537730
1.537730
1.537730
1.537730
1.537730
1.537730
1.537730
1.537730
1.537730
2.107246
2.107246
2.107246
2.107246
2.107246
2.107246
2.107246
2.107246
2.107246
2.107246
2.107246
2.107246
2.107246
2.107246
2.107246
1.762500
1.762500
1.762500
1.762500
1.762500
1.762500
1.762500
1.762500
1.762500
1.762500
1.762500
1.762500
1.762500
1.762500
1.762500
1.188474
1.188474
1.188474
1.188474
1.188474
1.188474
1.188474
1.188474
1.188474
1.188474
1.188474
1.188474
1.188474
1.188474
1.188474
1.186219
1.186219
1.186219
1.186219
1.186219
1.186219
1.186219
1.186219
1.186219
1.186219
1.186219
1.186219
1.186219
1.186219
1.186219
1.085155
1.085155
1.085155
1.085155
1.085155
1.085155
1.085155
1.085155
1.085155
1.085155
1.085155
1.085155
1.085155
1.085155
1.085155
1.294830
1.294830
1.294830
1.294830
1.294830
1.294830
1.294830
1.294830
1.294830
1.294830
1.294830
1.294830
1.294830
1.294830
1.294830
1.297866
1.297866
1.297866
1.297866
1.297866
1.297866
1.297866
1.297866
1.297866
1.297866
1.297866
1.297866
1.297866
1.297866
1.297866
1.491665
1.491665
1.491665
1.491665
1.491665
1.491665
1.491665
1.491665
1.491665
1.491665
1.491665
1.491665
1.491665
1.491665
1.491665
2.402802
2.402802
2.402802
2.402802
2.402802
2.402802
2.402802
2.402802
2.402802
2.402802
2.402802
2.402802
2.402802
2.402802
2.402802
1.753303
1.753303
1.753303
1.753303
1.753303
1.753303
1.753303
1.753303
1.753303
1.753303
1.753303
1.753303
1.753303
1.753303
1.753303
2.850867
2.850867
2.850867
2.850867
2.850867
2.850867
2.850867
2.850867
2.850867
2.850867
2.850867
2.850867
2.850867
2.850867
2.850867
3.605940
3.605940
3.605940
3.605940
3.605940
3.605940
3.605940
3.605940
3.605940
3.605940
3.605940
3.605940
3.605940
3.605940
3.605940
2.321343
2.321343
2.321343
2.321343
2.321343
2.321343
2.321343
2.321343
2.321343
2.321343
2.321343
2.321343
2.321343
2.321343
2.321343
2.439757
2.439757
2.439757
2.439757
2.439757
2.439757
2.439757
2.439757
2.439757
2.439757
2.439757
2.439757
2.439757
2.439757
2.439757
3.262757
3.262757
3.262757
3.262757
3.262757
3.262757
3.262757
3.262757
3.262757
3.262757
3.262757
3.262757
3.262757
3.262757
3.262757
2.154609
2.154609
2.154609
2.154609
2.154609
2.154609
2.154609
2.154609
2.154609
2.154609
2.154609
2.154609
2.154609
2.154609
2.154609
2.337912
2.337912
2.337912
2.337912
2.337912
2.337912
2.337912
2.337912
2.337912
2.337912
2.337912
2.337912
2.337912
2.337912
2.337912
2.112362
2.112362
2.112362
2.112362
2.112362
2.112362
2.112362
2.112362
2.112362
2.112362
2.112362
2.112362
2.112362
2.112362
2.112362
2.506121
2.506121
2.506121
2.506121
2.506121
2.506121
2.506121
2.506121
2.506121
2.506121
2.506121
2.506121
2.506121
2.506121
2.506121
2.583850
2.583850
2.583850
2.583850
2.583850
2.583850
2.583850
2.583850
2.583850
2.583850
2.583850
2.583850
2.583850
2.583850
2.583850
2.278315
2.278315
2.278315
2.278315
2.278315
2.278315
2.278315
2.278315
2.278315
2.278315
2.278315
2.278315
2.278315
2.278315
2.278315
2.002970
2.002970
2.002970
2.002970
2.002970
2.002970
2.002970
2.002970
2.002970
2.002970
2.002970
2.002970
2.002970
2.002970
2.002970
1.785747
1.785747
1.785747
1.785747
1.785747
1.785747
1.785747
1.785747
1.785747
1.785747
1.785747
1.785747
1.785747
1.785747
1.785747
1.963759
1.963759
1.963759
1.963759
1.963759
1.963759
1.963759
1.963759
1.963759
1.963759
1.963759
1.963759
1.963759
1.963759
1.963759
2.908209
2.908209
2.908209
2.908209
2.908209
2.908209
2.908209
2.908209
2.908209
2.908209
2.908209
2.908209
2.908209
2.908209
2.908209
3.572021
3.572021
3.572021
3.572021
3.572021
3.572021
3.572021
3.572021
3.572021
3.572021
3.572021
3.572021
3.572021
3.572021
3.572021
1.871717
1.871717
1.871717
1.871717
1.871717
1.871717
1.871717
1.871717
1.871717
1.871717
1.871717
1.871717
1.871717
1.871717
1.871717
1.876227
1.876227
1.876227
1.876227
1.876227
1.876227
1.876227
1.876227
1.876227
1.876227
1.876227
1.876227
1.876227
1.876227
1.876227
1.757814
1.757814
1.757814
1.757814
1.757814
1.757814
1.757814
1.757814
1.757814
1.757814
1.757814
1.757814
1.757814
1.757814
1.757814
1.812900
1.812900
1.812900
1.812900
1.812900
1.812900
1.812900
1.812900
1.812900
1.812900
1.812900
1.812900
1.812900
1.812900
1.812900
2.620805
2.620805
2.620805
2.620805
2.620805
2.620805
2.620805
2.620805
2.620805
2.620805
2.620805
2.620805
2.620805
2.620805
2.620805
2.618550
2.618550
2.618550
2.618550
2.618550
2.618550
2.618550
2.618550
2.618550
2.618550
2.618550
2.618550
2.618550
2.618550
2.618550
1.966014
1.966014
1.966014
1.966014
1.966014
1.966014
1.966014
1.966014
1.966014
1.966014
1.966014
1.966014
1.966014
1.966014
1.966014
1.653713
1.653713
1.653713
1.653713
1.653713
1.653713
1.653713
1.653713
1.653713
1.653713
1.653713
1.653713
1.653713
1.653713
1.653713
1.767616
1.767616
1.767616
1.767616
1.767616
1.767616
1.767616
1.767616
1.767616
1.767616
1.767616
1.767616
1.767616
1.767616
1.767616
1.973561
1.973561
1.973561
1.973561
1.973561
1.973561
1.973561
1.973561
1.973561
1.973561
1.973561
1.973561
1.973561
1.973561
1.973561
2.635119
2.635119
2.635119
2.635119
2.635119
2.635119
2.635119
2.635119
2.635119
2.635119
2.635119
2.635119
2.635119
2.635119
2.635119
2.466910
2.466910
2.466910
2.466910
2.466910
2.466910
2.466910
2.466910
2.466910
2.466910
2.466910
2.466910
2.466910
2.466910
2.466910
1.190817
1.190817
1.190817
1.190817
1.190817
1.190817
1.190817
1.190817
1.190817
1.190817
1.190817
1.190817
1.190817
1.190817
1.190817
0.798708
0.798708
0.798708
0.798708
0.798708
0.798708
0.798708
0.798708
0.798708
0.798708
0.798708
0.798708
0.798708
0.798708
0.798708
1.153949
1.153949
1.153949
1.153949
1.153949
1.153949
1.153949
1.153949
1.153949
1.153949
1.153949
1.153949
1.153949
1.153949
1.153949
1.610342
1.610342
1.610342
1.610342
1.610342
1.610342
1.610342
1.610342
1.610342
1.610342
1.610342
1.610342
1.610342
1.610342
1.610342
1.642787
1.642787
1.642787
1.642787
1.642787
1.642787
1.642787
1.642787
1.642787
1.642787
1.642787
1.642787
1.642787
1.642787
1.642787
1.078476
1.078476
1.078476
1.078476
1.078476
1.078476
1.078476
1.078476
1.078476
1.078476
1.078476
1.078476
1.078476
1.078476
1.078476
0.892918
0.892918
0.892918
0.892918
0.892918
0.892918
0.892918
0.892918
0.892918
0.892918
0.892918
0.892918
0.892918
0.892918
0.892918
0.890662
0.890662
0.890662
0.890662
0.890662
0.890662
0.890662
0.890662
0.890662
0.890662
0.890662
0.890662
0.890662
0.890662
0.890662
1.604270
1.604270
1.604270
1.604270
1.604270
1.604270
1.604270
1.604270
1.604270
1.604270
1.604270
1.604270
1.604270
1.604270
1.604270
1.574861
1.574861
1.574861
1.574861
1.574861
1.574861
1.574861
1.574861
1.574861
1.574861
1.574861
1.574861
1.574861
1.574861
1.574861
1.356858
1.356858
1.356858
1.356858
1.356858
1.356858
1.356858
1.356858
1.356858
1.356858
1.356858
1.356858
1.356858
1.356858
1.356858
1.904512
1.904512
1.904512
1.904512
1.904512
1.904512
1.904512
1.904512
1.904512
1.904512
1.904512
1.904512
1.904512
1.904512
1.904512
1.205218
1.205218
1.205218
1.205218
1.205218
1.205218
1.205218
1.205218
1.205218
1.205218
1.205218
1.205218
1.205218
1.205218
1.205218
1.130526
1.130526
1.130526
1.130526
1.130526
1.130526
1.130526
1.130526
1.130526
1.130526
1.130526
1.130526
1.130526
1.130526
1.130526
1.616328
1.616328
1.616328
1.616328
1.616328
1.616328
1.616328
1.616328
1.616328
1.616328
1.616328
1.616328
1.616328
1.616328
1.616328
1.740815
1.740815
1.740815
1.740815
1.740815
1.740815
1.740815
1.740815
1.740815
1.740815
1.740815
1.740815
1.740815
1.740815
1.740815
1.054360
1.054360
1.054360
1.054360
1.054360
1.054360
1.054360
1.054360
1.054360
1.054360
1.054360
1.054360
1.054360
1.054360
1.054360
0.892918
0.892918
0.892918
0.892918
0.892918
0.892918
0.892918
0.892918
0.892918
0.892918
0.892918
0.892918
0.892918
0.892918
0.892918
0.990945
0.990945
0.990945
0.990945
0.990945
0.990945
0.990945
0.990945
0.990945
0.990945
0.990945
0.990945
0.990945
0.990945
0.990945
1.734742
1.734742
1.734742
1.734742
1.734742
1.734742
1.734742
1.734742
1.734742
1.734742
1.734742
1.734742
1.734742
1.734742
1.734742
1.663086
1.663086
1.663086
1.663086
1.663086
1.663086
1.663086
1.663086
1.663086
1.663086
1.663086
1.663086
1.663086
1.663086
1.663086
0.897428
0.897428
0.897428
0.897428
0.897428
0.897428
0.897428
0.897428
0.897428
0.897428
0.897428
0.897428
0.897428
0.897428
0.897428
0.934384
0.934384
0.934384
0.934384
0.934384
0.934384
0.934384
0.934384
0.934384
0.934384
0.934384
0.934384
0.934384
0.934384
0.934384
1.417149
1.417149
1.417149
1.417149
1.417149
1.417149
1.417149
1.417149
1.417149
1.417149
1.417149
1.417149
1.417149
1.417149
1.417149
1.851681
1.851681
1.851681
1.851681
1.851681
1.851681
1.851681
1.851681
1.851681
1.851681
1.851681
1.851681
1.851681
1.851681
1.851681
1.525848
1.525848
1.525848
1.525848
1.525848
1.525848
1.525848
1.525848
1.525848
1.525848
1.525848
1.525848
1.525848
1.525848
1.525848
1.148657
1.148657
1.148657
1.148657
1.148657
1.148657
1.148657
1.148657
1.148657
1.148657
1.148657
1.148657
1.148657
1.148657
1.148657
1.053579
1.053579
1.053579
1.053579
1.053579
1.053579
1.053579
1.053579
1.053579
1.053579
1.053579
1.053579
1.053579
1.053579
1.053579
0.872531
0.872531
0.872531
0.872531
0.872531
0.872531
0.872531
0.872531
0.872531
0.872531
0.872531
0.872531
0.872531
0.872531
0.872531
0.726964
0.726964
0.726964
0.726964
0.726964
0.726964
0.726964
0.726964
0.726964
0.726964
0.726964
0.726964
0.726964
0.726964
0.726964
1.359113
1.359113
1.359113
1.359113
1.359113
1.359113
1.359113
1.359113
1.359113
1.359113
1.359113
1.359113
1.359113
1.359113
1.359113
