10.128672
10.128672
10.128672
10.128672
10.128672
10.128672
10.128672
10.128672
10.128672
10.128672
10.128672
10.128672
10.128672
10.128672
10.128672
10.432633
10.432633
10.432633
10.432633
10.432633
10.432633
10.432633
10.432633
10.432633
10.432633
10.432633
10.432633
10.432633
10.432633
10.432633
10.278257
10.278257
10.278257
10.278257
10.278257
10.278257
10.278257
10.278257
10.278257
10.278257
10.278257
10.278257
10.278257
10.278257
10.278257
10.309009
10.309009
10.309009
10.309009
10.309009
10.309009
10.309009
10.309009
10.309009
10.309009
10.309009
10.309009
10.309009
10.309009
10.309009
10.605623
10.605623
10.605623
10.605623
10.605623
10.605623
10.605623
10.605623
10.605623
10.605623
10.605623
10.605623
10.605623
10.605623
10.605623
9.862440
9.862440
9.862440
9.862440
9.862440
9.862440
9.862440
9.862440
9.862440
9.862440
9.862440
9.862440
9.862440
9.862440
9.862440
9.947248
9.947248
9.947248
9.947248
9.947248
9.947248
9.947248
9.947248
9.947248
9.947248
9.947248
9.947248
9.947248
9.947248
9.947248
10.957138
10.957138
10.957138
10.957138
10.957138
10.957138
10.957138
10.957138
10.957138
10.957138
10.957138
10.957138
10.957138
10.957138
10.957138
10.112462
10.112462
10.112462
10.112462
10.112462
10.112462
10.112462
10.112462
10.112462
10.112462
10.112462
10.112462
10.112462
10.112462
10.112462
10.742153
10.742153
10.742153
10.742153
10.742153
10.742153
10.742153
10.742153
10.742153
10.742153
10.742153
10.742153
10.742153
10.742153
10.742153
10.727759
10.727759
10.727759
10.727759
10.727759
10.727759
10.727759
10.727759
10.727759
10.727759
10.727759
10.727759
10.727759
10.727759
10.727759
10.002028
10.002028
10.002028
10.002028
10.002028
10.002028
10.002028
10.002028
10.002028
10.002028
10.002028
10.002028
10.002028
10.002028
10.002028
10.203908
10.203908
10.203908
10.203908
10.203908
10.203908
10.203908
10.203908
10.203908
10.203908
10.203908
10.203908
10.203908
10.203908
10.203908
9.965053
9.965053
9.965053
9.965053
9.965053
9.965053
9.965053
9.965053
9.965053
9.965053
9.965053
9.965053
9.965053
9.965053
9.965053
10.049782
10.049782
10.049782
10.049782
10.049782
10.049782
10.049782
10.049782
10.049782
10.049782
10.049782
10.049782
10.049782
10.049782
10.049782
10.238979
10.238979
10.238979
10.238979
10.238979
10.238979
10.238979
10.238979
10.238979
10.238979
10.238979
10.238979
10.238979
10.238979
10.238979
9.728071
9.728071
9.728071
9.728071
9.728071
9.728071
9.728071
9.728071
9.728071
9.728071
9.728071
9.728071
9.728071
9.728071
9.728071
8.957339
8.957339
8.957339
8.957339
8.957339
8.957339
8.957339
8.957339
8.957339
8.957339
8.957339
8.957339
8.957339
8.957339
8.957339
9.095282
9.095282
9.095282
9.095282
9.095282
9.095282
9.095282
9.095282
9.095282
9.095282
9.095282
9.095282
9.095282
9.095282
9.095282
9.167416
9.167416
9.167416
9.167416
9.167416
9.167416
9.167416
9.167416
9.167416
9.167416
9.167416
9.167416
9.167416
9.167416
9.167416
9.051397
9.051397
9.051397
9.051397
9.051397
9.051397
9.051397
9.051397
9.051397
9.051397
9.051397
9.051397
9.051397
9.051397
9.051397
9.174482
9.174482
9.174482
9.174482
9.174482
9.174482
9.174482
9.174482
9.174482
9.174482
9.174482
9.174482
9.174482
9.174482
9.174482
9.938460
9.938460
9.938460
9.938460
9.938460
9.938460
9.938460
9.938460
9.938460
9.938460
9.938460
9.938460
9.938460
9.938460
9.938460
10.299016
10.299016
10.299016
10.299016
10.299016
10.299016
10.299016
10.299016
10.299016
10.299016
10.299016
10.299016
10.299016
10.299016
10.299016
10.977569
10.977569
10.977569
10.977569
10.977569
10.977569
10.977569
10.977569
10.977569
10.977569
10.977569
10.977569
10.977569
10.977569
10.977569
11.628266
11.628266
11.628266
11.628266
11.628266
11.628266
11.628266
11.628266
11.628266
11.628266
11.628266
11.628266
11.628266
11.628266
11.628266
11.398504
11.398504
11.398504
11.398504
11.398504
11.398504
11.398504
11.398504
11.398504
11.398504
11.398504
11.398504
11.398504
11.398504
11.398504
11.223285
11.223285
11.223285
11.223285
11.223285
11.223285
11.223285
11.223285
11.223285
11.223285
11.223285
11.223285
11.223285
11.223285
11.223285
10.868794
10.868794
10.868794
10.868794
10.868794
10.868794
10.868794
10.868794
10.868794
10.868794
10.868794
10.868794
10.868794
10.868794
10.868794
10.197895
10.197895
10.197895
10.197895
10.197895
10.197895
10.197895
10.197895
10.197895
10.197895
10.197895
10.197895
10.197895
10.197895
10.197895
10.823669
10.823669
10.823669
10.823669
10.823669
10.823669
10.823669
10.823669
10.823669
10.823669
10.823669
10.823669
10.823669
10.823669
10.823669
10.644294
10.644294
10.644294
10.644294
10.644294
10.644294
10.644294
10.644294
10.644294
10.644294
10.644294
10.644294
10.644294
10.644294
10.644294
10.786252
10.786252
10.786252
10.786252
10.786252
10.786252
10.786252
10.786252
10.786252
10.786252
10.786252
10.786252
10.786252
10.786252
10.786252
10.379664
10.379664
10.379664
10.379664
10.379664
10.379664
10.379664
10.379664
10.379664
10.379664
10.379664
10.379664
10.379664
10.379664
10.379664
12.087971
12.087971
12.087971
12.087971
12.087971
12.087971
12.087971
12.087971
12.087971
12.087971
12.087971
12.087971
12.087971
12.087971
12.087971
13.825958
13.825958
13.825958
13.825958
13.825958
13.825958
13.825958
13.825958
13.825958
13.825958
13.825958
13.825958
13.825958
13.825958
13.825958
14.067090
14.067090
14.067090
14.067090
14.067090
14.067090
14.067090
14.067090
14.067090
14.067090
14.067090
14.067090
14.067090
14.067090
14.067090
13.714804
13.714804
13.714804
13.714804
13.714804
13.714804
13.714804
13.714804
13.714804
13.714804
13.714804
13.714804
13.714804
13.714804
13.714804
14.402096
14.402096
14.402096
14.402096
14.402096
14.402096
14.402096
14.402096
14.402096
14.402096
14.402096
14.402096
14.402096
14.402096
14.402096
15.125822
15.125822
15.125822
15.125822
15.125822
15.125822
15.125822
15.125822
15.125822
15.125822
15.125822
15.125822
15.125822
15.125822
15.125822
15.431681
15.431681
15.431681
15.431681
15.431681
15.431681
15.431681
15.431681
15.431681
15.431681
15.431681
15.431681
15.431681
15.431681
15.431681
15.760660
15.760660
15.760660
15.760660
15.760660
15.760660
15.760660
15.760660
15.760660
15.760660
15.760660
15.760660
15.760660
15.760660
15.760660
16.923883
16.923883
16.923883
16.923883
16.923883
16.923883
16.923883
16.923883
16.923883
16.923883
16.923883
16.923883
16.923883
16.923883
16.923883
17.217551
17.217551
17.217551
17.217551
17.217551
17.217551
17.217551
17.217551
17.217551
17.217551
17.217551
17.217551
17.217551
17.217551
17.217551
16.721833
16.721833
16.721833
16.721833
16.721833
16.721833
16.721833
16.721833
16.721833
16.721833
16.721833
16.721833
16.721833
16.721833
16.721833
17.175390
17.175390
17.175390
17.175390
17.175390
17.175390
17.175390
17.175390
17.175390
17.175390
17.175390
17.175390
17.175390
17.175390
17.175390
17.991310
17.991310
17.991310
17.991310
17.991310
17.991310
17.991310
17.991310
17.991310
17.991310
17.991310
17.991310
17.991310
17.991310
17.991310
18.497404
18.497404
18.497404
18.497404
18.497404
18.497404
18.497404
18.497404
18.497404
18.497404
18.497404
18.497404
18.497404
18.497404
18.497404
17.312156
17.312156
17.312156
17.312156
17.312156
17.312156
17.312156
17.312156
17.312156
17.312156
17.312156
17.312156
17.312156
17.312156
17.312156
17.358209
17.358209
17.358209
17.358209
17.358209
17.358209
17.358209
17.358209
17.358209
17.358209
17.358209
17.358209
17.358209
17.358209
17.358209
17.179703
17.179703
17.179703
17.179703
17.179703
17.179703
17.179703
17.179703
17.179703
17.179703
17.179703
17.179703
17.179703
17.179703
17.179703
16.485776
16.485776
16.485776
16.485776
16.485776
16.485776
16.485776
16.485776
16.485776
16.485776
16.485776
16.485776
16.485776
16.485776
16.485776
15.708237
15.708237
15.708237
15.708237
15.708237
15.708237
15.708237
15.708237
15.708237
15.708237
15.708237
15.708237
15.708237
15.708237
15.708237
14.666784
14.666784
14.666784
14.666784
14.666784
14.666784
14.666784
14.666784
14.666784
14.666784
14.666784
14.666784
14.666784
14.666784
14.666784
15.084053
15.084053
15.084053
15.084053
15.084053
15.084053
15.084053
15.084053
15.084053
15.084053
15.084053
15.084053
15.084053
15.084053
15.084053
13.908004
13.908004
13.908004
13.908004
13.908004
13.908004
13.908004
13.908004
13.908004
13.908004
13.908004
13.908004
13.908004
13.908004
13.908004
14.257552
14.257552
14.257552
14.257552
14.257552
14.257552
14.257552
14.257552
14.257552
14.257552
14.257552
14.257552
14.257552
14.257552
14.257552
12.702000
12.702000
12.702000
12.702000
12.702000
12.702000
12.702000
12.702000
12.702000
12.702000
12.702000
12.702000
12.702000
12.702000
12.702000
13.586645
13.586645
13.586645
13.586645
13.586645
13.586645
13.586645
13.586645
13.586645
13.586645
13.586645
13.586645
13.586645
13.586645
13.586645
13.402490
13.402490
13.402490
13.402490
13.402490
13.402490
13.402490
13.402490
13.402490
13.402490
13.402490
13.402490
13.402490
13.402490
13.402490
12.960633
12.960633
12.960633
12.960633
12.960633
12.960633
12.960633
12.960633
12.960633
12.960633
12.960633
12.960633
12.960633
12.960633
12.960633
13.023244
13.023244
13.023244
13.023244
13.023244
13.023244
13.023244
13.023244
13.023244
13.023244
13.023244
13.023244
13.023244
13.023244
13.023244
13.699169
13.699169
13.699169
13.699169
13.699169
13.699169
13.699169
13.699169
13.699169
13.699169
13.699169
13.699169
13.699169
13.699169
13.699169
13.174704
13.174704
13.174704
13.174704
13.174704
13.174704
13.174704
13.174704
13.174704
13.174704
13.174704
13.174704
13.174704
13.174704
13.174704
13.017294
13.017294
13.017294
13.017294
13.017294
13.017294
13.017294
13.017294
13.017294
13.017294
13.017294
13.017294
13.017294
13.017294
13.017294
12.728919
12.728919
12.728919
12.728919
12.728919
12.728919
12.728919
12.728919
12.728919
12.728919
12.728919
12.728919
12.728919
12.728919
12.728919
12.737086
12.737086
12.737086
12.737086
12.737086
12.737086
12.737086
12.737086
12.737086
12.737086
12.737086
12.737086
12.737086
12.737086
12.737086
12.526285
12.526285
12.526285
12.526285
12.526285
12.526285
12.526285
12.526285
12.526285
12.526285
12.526285
12.526285
12.526285
12.526285
12.526285
12.948840
12.948840
12.948840
12.948840
12.948840
12.948840
12.948840
12.948840
12.948840
12.948840
12.948840
12.948840
12.948840
12.948840
12.948840
11.873374
11.873374
11.873374
11.873374
11.873374
11.873374
11.873374
11.873374
11.873374
11.873374
11.873374
11.873374
11.873374
11.873374
11.873374
11.829859
11.829859
11.829859
11.829859
11.829859
11.829859
11.829859
11.829859
11.829859
11.829859
11.829859
11.829859
11.829859
11.829859
11.829859
11.553330
11.553330
11.553330
11.553330
11.553330
11.553330
11.553330
11.553330
11.553330
11.553330
11.553330
11.553330
11.553330
11.553330
11.553330
12.567480
12.567480
12.567480
12.567480
12.567480
12.567480
12.567480
12.567480
12.567480
12.567480
12.567480
12.567480
12.567480
12.567480
12.567480
12.352009
12.352009
12.352009
12.352009
12.352009
12.352009
12.352009
12.352009
12.352009
12.352009
12.352009
12.352009
12.352009
12.352009
12.352009
12.107301
12.107301
12.107301
12.107301
12.107301
12.107301
12.107301
12.107301
12.107301
12.107301
12.107301
12.107301
12.107301
12.107301
12.107301
11.224881
11.224881
11.224881
11.224881
11.224881
11.224881
11.224881
11.224881
11.224881
11.224881
11.224881
11.224881
11.224881
11.224881
11.224881
11.630166
11.630166
11.630166
11.630166
11.630166
11.630166
11.630166
11.630166
11.630166
11.630166
11.630166
11.630166
11.630166
11.630166
11.630166
10.415755
10.415755
10.415755
10.415755
10.415755
10.415755
10.415755
10.415755
10.415755
10.415755
10.415755
10.415755
10.415755
10.415755
10.415755
10.279184
10.279184
10.279184
10.279184
10.279184
10.279184
10.279184
10.279184
10.279184
10.279184
10.279184
10.279184
10.279184
10.279184
10.279184
10.258386
10.258386
10.258386
10.258386
10.258386
10.258386
10.258386
10.258386
10.258386
10.258386
10.258386
10.258386
10.258386
10.258386
10.258386
10.192938
10.192938
10.192938
10.192938
10.192938
10.192938
10.192938
10.192938
10.192938
10.192938
10.192938
10.192938
10.192938
10.192938
10.192938
10.372264
10.372264
10.372264
10.372264
10.372264
10.372264
10.372264
10.372264
10.372264
10.372264
10.372264
10.372264
10.372264
10.372264
10.372264
10.277696
10.277696
10.277696
10.277696
10.277696
10.277696
10.277696
10.277696
10.277696
10.277696
10.277696
10.277696
10.277696
10.277696
10.277696
10.413069
10.413069
10.413069
10.413069
10.413069
10.413069
10.413069
10.413069
10.413069
10.413069
10.413069
10.413069
10.413069
10.413069
10.413069
10.412159
10.412159
10.412159
10.412159
10.412159
10.412159
10.412159
10.412159
10.412159
10.412159
10.412159
10.412159
10.412159
10.412159
10.412159
10.436543
10.436543
10.436543
10.436543
10.436543
10.436543
10.436543
10.436543
10.436543
10.436543
10.436543
10.436543
10.436543
10.436543
10.436543
9.821482
9.821482
9.821482
9.821482
9.821482
9.821482
9.821482
9.821482
9.821482
9.821482
9.821482
9.821482
9.821482
9.821482
9.821482
9.696849
9.696849
9.696849
9.696849
9.696849
9.696849
9.696849
9.696849
9.696849
9.696849
9.696849
9.696849
9.696849
9.696849
9.696849
9.564304
9.564304
9.564304
9.564304
9.564304
9.564304
9.564304
9.564304
9.564304
9.564304
9.564304
9.564304
9.564304
9.564304
9.564304
9.751753
9.751753
9.751753
9.751753
9.751753
9.751753
9.751753
9.751753
9.751753
9.751753
9.751753
9.751753
9.751753
9.751753
9.751753
9.583337
9.583337
9.583337
9.583337
9.583337
9.583337
9.583337
9.583337
9.583337
9.583337
9.583337
9.583337
9.583337
9.583337
9.583337
9.586853
9.586853
9.586853
9.586853
9.586853
9.586853
9.586853
9.586853
9.586853
9.586853
9.586853
9.586853
9.586853
9.586853
9.586853
9.736595
9.736595
9.736595
9.736595
9.736595
9.736595
9.736595
9.736595
9.736595
9.736595
9.736595
9.736595
9.736595
9.736595
9.736595
9.299985
9.299985
9.299985
9.299985
9.299985
9.299985
9.299985
9.299985
9.299985
9.299985
9.299985
9.299985
9.299985
9.299985
9.299985
9.949662
9.949662
9.949662
9.949662
9.949662
9.949662
9.949662
9.949662
9.949662
9.949662
9.949662
9.949662
9.949662
9.949662
9.949662
9.650698
9.650698
9.650698
9.650698
9.650698
9.650698
9.650698
9.650698
9.650698
9.650698
9.650698
9.650698
9.650698
9.650698
9.650698
