15.632064
15.632064
15.632064
15.632064
15.632064
15.632064
15.632064
15.632064
15.632064
15.632064
15.632064
15.632064
15.632064
15.632064
15.632064
15.900235
15.900235
15.900235
15.900235
15.900235
15.900235
15.900235
15.900235
15.900235
15.900235
15.900235
15.900235
15.900235
15.900235
15.900235
17.148719
17.148719
17.148719
17.148719
17.148719
17.148719
17.148719
17.148719
17.148719
17.148719
17.148719
17.148719
17.148719
17.148719
17.148719
16.943986
16.943986
16.943986
16.943986
16.943986
16.943986
16.943986
16.943986
16.943986
16.943986
16.943986
16.943986
16.943986
16.943986
16.943986
16.491979
16.491979
16.491979
16.491979
16.491979
16.491979
16.491979
16.491979
16.491979
16.491979
16.491979
16.491979
16.491979
16.491979
16.491979
15.519110
15.519110
15.519110
15.519110
15.519110
15.519110
15.519110
15.519110
15.519110
15.519110
15.519110
15.519110
15.519110
15.519110
15.519110
16.027093
16.027093
16.027093
16.027093
16.027093
16.027093
16.027093
16.027093
16.027093
16.027093
16.027093
16.027093
16.027093
16.027093
16.027093
15.894692
15.894692
15.894692
15.894692
15.894692
15.894692
15.894692
15.894692
15.894692
15.894692
15.894692
15.894692
15.894692
15.894692
15.894692
15.325975
15.325975
15.325975
15.325975
15.325975
15.325975
15.325975
15.325975
15.325975
15.325975
15.325975
15.325975
15.325975
15.325975
15.325975
15.768812
15.768812
15.768812
15.768812
15.768812
15.768812
15.768812
15.768812
15.768812
15.768812
15.768812
15.768812
15.768812
15.768812
15.768812
15.350448
15.350448
15.350448
15.350448
15.350448
15.350448
15.350448
15.350448
15.350448
15.350448
15.350448
15.350448
15.350448
15.350448
15.350448
15.320190
15.320190
15.320190
15.320190
15.320190
15.320190
15.320190
15.320190
15.320190
15.320190
15.320190
15.320190
15.320190
15.320190
15.320190
15.224705
15.224705
15.224705
15.224705
15.224705
15.224705
15.224705
15.224705
15.224705
15.224705
15.224705
15.224705
15.224705
15.224705
15.224705
15.049517
15.049517
15.049517
15.049517
15.049517
15.049517
15.049517
15.049517
15.049517
15.049517
15.049517
15.049517
15.049517
15.049517
15.049517
14.881257
14.881257
14.881257
14.881257
14.881257
14.881257
14.881257
14.881257
14.881257
14.881257
14.881257
14.881257
14.881257
14.881257
14.881257
14.982539
14.982539
14.982539
14.982539
14.982539
14.982539
14.982539
14.982539
14.982539
14.982539
14.982539
14.982539
14.982539
14.982539
14.982539
15.339452
15.339452
15.339452
15.339452
15.339452
15.339452
15.339452
15.339452
15.339452
15.339452
15.339452
15.339452
15.339452
15.339452
15.339452
15.017612
15.017612
15.017612
15.017612
15.017612
15.017612
15.017612
15.017612
15.017612
15.017612
15.017612
15.017612
15.017612
15.017612
15.017612
15.295069
15.295069
15.295069
15.295069
15.295069
15.295069
15.295069
15.295069
15.295069
15.295069
15.295069
15.295069
15.295069
15.295069
15.295069
15.367173
15.367173
15.367173
15.367173
15.367173
15.367173
15.367173
15.367173
15.367173
15.367173
15.367173
15.367173
15.367173
15.367173
15.367173
14.848142
14.848142
14.848142
14.848142
14.848142
14.848142
14.848142
14.848142
14.848142
14.848142
14.848142
14.848142
14.848142
14.848142
14.848142
14.816507
14.816507
14.816507
14.816507
14.816507
14.816507
14.816507
14.816507
14.816507
14.816507
14.816507
14.816507
14.816507
14.816507
14.816507
14.834126
14.834126
14.834126
14.834126
14.834126
14.834126
14.834126
14.834126
14.834126
14.834126
14.834126
14.834126
14.834126
14.834126
14.834126
14.389023
14.389023
14.389023
14.389023
14.389023
14.389023
14.389023
14.389023
14.389023
14.389023
14.389023
14.389023
14.389023
14.389023
14.389023
13.226588
13.226588
13.226588
13.226588
13.226588
13.226588
13.226588
13.226588
13.226588
13.226588
13.226588
13.226588
13.226588
13.226588
13.226588
13.510248
13.510248
13.510248
13.510248
13.510248
13.510248
13.510248
13.510248
13.510248
13.510248
13.510248
13.510248
13.510248
13.510248
13.510248
13.443730
13.443730
13.443730
13.443730
13.443730
13.443730
13.443730
13.443730
13.443730
13.443730
13.443730
13.443730
13.443730
13.443730
13.443730
13.486820
13.486820
13.486820
13.486820
13.486820
13.486820
13.486820
13.486820
13.486820
13.486820
13.486820
13.486820
13.486820
13.486820
13.486820
13.055462
13.055462
13.055462
13.055462
13.055462
13.055462
13.055462
13.055462
13.055462
13.055462
13.055462
13.055462
13.055462
13.055462
13.055462
13.387202
13.387202
13.387202
13.387202
13.387202
13.387202
13.387202
13.387202
13.387202
13.387202
13.387202
13.387202
13.387202
13.387202
13.387202
13.495130
13.495130
13.495130
13.495130
13.495130
13.495130
13.495130
13.495130
13.495130
13.495130
13.495130
13.495130
13.495130
13.495130
13.495130
13.583327
13.583327
13.583327
13.583327
13.583327
13.583327
13.583327
13.583327
13.583327
13.583327
13.583327
13.583327
13.583327
13.583327
13.583327
13.673256
13.673256
13.673256
13.673256
13.673256
13.673256
13.673256
13.673256
13.673256
13.673256
13.673256
13.673256
13.673256
13.673256
13.673256
13.720036
13.720036
13.720036
13.720036
13.720036
13.720036
13.720036
13.720036
13.720036
13.720036
13.720036
13.720036
13.720036
13.720036
13.720036
13.121950
13.121950
13.121950
13.121950
13.121950
13.121950
13.121950
13.121950
13.121950
13.121950
13.121950
13.121950
13.121950
13.121950
13.121950
12.845376
12.845376
12.845376
12.845376
12.845376
12.845376
12.845376
12.845376
12.845376
12.845376
12.845376
12.845376
12.845376
12.845376
12.845376
12.703018
12.703018
12.703018
12.703018
12.703018
12.703018
12.703018
12.703018
12.703018
12.703018
12.703018
12.703018
12.703018
12.703018
12.703018
12.854659
12.854659
12.854659
12.854659
12.854659
12.854659
12.854659
12.854659
12.854659
12.854659
12.854659
12.854659
12.854659
12.854659
12.854659
14.123838
14.123838
14.123838
14.123838
14.123838
14.123838
14.123838
14.123838
14.123838
14.123838
14.123838
14.123838
14.123838
14.123838
14.123838
13.344739
13.344739
13.344739
13.344739
13.344739
13.344739
13.344739
13.344739
13.344739
13.344739
13.344739
13.344739
13.344739
13.344739
13.344739
12.967366
12.967366
12.967366
12.967366
12.967366
12.967366
12.967366
12.967366
12.967366
12.967366
12.967366
12.967366
12.967366
12.967366
12.967366
13.687746
13.687746
13.687746
13.687746
13.687746
13.687746
13.687746
13.687746
13.687746
13.687746
13.687746
13.687746
13.687746
13.687746
13.687746
12.864299
12.864299
12.864299
12.864299
12.864299
12.864299
12.864299
12.864299
12.864299
12.864299
12.864299
12.864299
12.864299
12.864299
12.864299
13.173701
13.173701
13.173701
13.173701
13.173701
13.173701
13.173701
13.173701
13.173701
13.173701
13.173701
13.173701
13.173701
13.173701
13.173701
13.856504
13.856504
13.856504
13.856504
13.856504
13.856504
13.856504
13.856504
13.856504
13.856504
13.856504
13.856504
13.856504
13.856504
13.856504
13.612668
13.612668
13.612668
13.612668
13.612668
13.612668
13.612668
13.612668
13.612668
13.612668
13.612668
13.612668
13.612668
13.612668
13.612668
14.294761
14.294761
14.294761
14.294761
14.294761
14.294761
14.294761
14.294761
14.294761
14.294761
14.294761
14.294761
14.294761
14.294761
14.294761
14.741006
14.741006
14.741006
14.741006
14.741006
14.741006
14.741006
14.741006
14.741006
14.741006
14.741006
14.741006
14.741006
14.741006
14.741006
14.829415
14.829415
14.829415
14.829415
14.829415
14.829415
14.829415
14.829415
14.829415
14.829415
14.829415
14.829415
14.829415
14.829415
14.829415
15.459791
15.459791
15.459791
15.459791
15.459791
15.459791
15.459791
15.459791
15.459791
15.459791
15.459791
15.459791
15.459791
15.459791
15.459791
15.453587
15.453587
15.453587
15.453587
15.453587
15.453587
15.453587
15.453587
15.453587
15.453587
15.453587
15.453587
15.453587
15.453587
15.453587
15.463584
15.463584
15.463584
15.463584
15.463584
15.463584
15.463584
15.463584
15.463584
15.463584
15.463584
15.463584
15.463584
15.463584
15.463584
15.721981
15.721981
15.721981
15.721981
15.721981
15.721981
15.721981
15.721981
15.721981
15.721981
15.721981
15.721981
15.721981
15.721981
15.721981
15.039598
15.039598
15.039598
15.039598
15.039598
15.039598
15.039598
15.039598
15.039598
15.039598
15.039598
15.039598
15.039598
15.039598
15.039598
15.263345
15.263345
15.263345
15.263345
15.263345
15.263345
15.263345
15.263345
15.263345
15.263345
15.263345
15.263345
15.263345
15.263345
15.263345
15.128454
15.128454
15.128454
15.128454
15.128454
15.128454
15.128454
15.128454
15.128454
15.128454
15.128454
15.128454
15.128454
15.128454
15.128454
14.797241
14.797241
14.797241
14.797241
14.797241
14.797241
14.797241
14.797241
14.797241
14.797241
14.797241
14.797241
14.797241
14.797241
14.797241
15.871033
15.871033
15.871033
15.871033
15.871033
15.871033
15.871033
15.871033
15.871033
15.871033
15.871033
15.871033
15.871033
15.871033
15.871033
15.444927
15.444927
15.444927
15.444927
15.444927
15.444927
15.444927
15.444927
15.444927
15.444927
15.444927
15.444927
15.444927
15.444927
15.444927
16.455390
16.455390
16.455390
16.455390
16.455390
16.455390
16.455390
16.455390
16.455390
16.455390
16.455390
16.455390
16.455390
16.455390
16.455390
16.021943
16.021943
16.021943
16.021943
16.021943
16.021943
16.021943
16.021943
16.021943
16.021943
16.021943
16.021943
16.021943
16.021943
16.021943
15.406961
15.406961
15.406961
15.406961
15.406961
15.406961
15.406961
15.406961
15.406961
15.406961
15.406961
15.406961
15.406961
15.406961
15.406961
15.510350
15.510350
15.510350
15.510350
15.510350
15.510350
15.510350
15.510350
15.510350
15.510350
15.510350
15.510350
15.510350
15.510350
15.510350
15.121974
15.121974
15.121974
15.121974
15.121974
15.121974
15.121974
15.121974
15.121974
15.121974
15.121974
15.121974
15.121974
15.121974
15.121974
15.510539
15.510539
15.510539
15.510539
15.510539
15.510539
15.510539
15.510539
15.510539
15.510539
15.510539
15.510539
15.510539
15.510539
15.510539
14.940013
14.940013
14.940013
14.940013
14.940013
14.940013
14.940013
14.940013
14.940013
14.940013
14.940013
14.940013
14.940013
14.940013
14.940013
14.155605
14.155605
14.155605
14.155605
14.155605
14.155605
14.155605
14.155605
14.155605
14.155605
14.155605
14.155605
14.155605
14.155605
14.155605
14.082251
14.082251
14.082251
14.082251
14.082251
14.082251
14.082251
14.082251
14.082251
14.082251
14.082251
14.082251
14.082251
14.082251
14.082251
13.974730
13.974730
13.974730
13.974730
13.974730
13.974730
13.974730
13.974730
13.974730
13.974730
13.974730
13.974730
13.974730
13.974730
13.974730
13.945334
13.945334
13.945334
13.945334
13.945334
13.945334
13.945334
13.945334
13.945334
13.945334
13.945334
13.945334
13.945334
13.945334
13.945334
15.001023
15.001023
15.001023
15.001023
15.001023
15.001023
15.001023
15.001023
15.001023
15.001023
15.001023
15.001023
15.001023
15.001023
15.001023
15.381351
15.381351
15.381351
15.381351
15.381351
15.381351
15.381351
15.381351
15.381351
15.381351
15.381351
15.381351
15.381351
15.381351
15.381351
15.102919
15.102919
15.102919
15.102919
15.102919
15.102919
15.102919
15.102919
15.102919
15.102919
15.102919
15.102919
15.102919
15.102919
15.102919
16.433172
16.433172
16.433172
16.433172
16.433172
16.433172
16.433172
16.433172
16.433172
16.433172
16.433172
16.433172
16.433172
16.433172
16.433172
16.385736
16.385736
16.385736
16.385736
16.385736
16.385736
16.385736
16.385736
16.385736
16.385736
16.385736
16.385736
16.385736
16.385736
16.385736
16.456107
16.456107
16.456107
16.456107
16.456107
16.456107
16.456107
16.456107
16.456107
16.456107
16.456107
16.456107
16.456107
16.456107
16.456107
16.715624
16.715624
16.715624
16.715624
16.715624
16.715624
16.715624
16.715624
16.715624
16.715624
16.715624
16.715624
16.715624
16.715624
16.715624
17.475540
17.475540
17.475540
17.475540
17.475540
17.475540
17.475540
17.475540
17.475540
17.475540
17.475540
17.475540
17.475540
17.475540
17.475540
17.702262
17.702262
17.702262
17.702262
17.702262
17.702262
17.702262
17.702262
17.702262
17.702262
17.702262
17.702262
17.702262
17.702262
17.702262
17.651745
17.651745
17.651745
17.651745
17.651745
17.651745
17.651745
17.651745
17.651745
17.651745
17.651745
17.651745
17.651745
17.651745
17.651745
17.518775
17.518775
17.518775
17.518775
17.518775
17.518775
17.518775
17.518775
17.518775
17.518775
17.518775
17.518775
17.518775
17.518775
17.518775
17.047380
17.047380
17.047380
17.047380
17.047380
17.047380
17.047380
17.047380
17.047380
17.047380
17.047380
17.047380
17.047380
17.047380
17.047380
17.395391
17.395391
17.395391
17.395391
17.395391
17.395391
17.395391
17.395391
17.395391
17.395391
17.395391
17.395391
17.395391
17.395391
17.395391
17.724822
17.724822
17.724822
17.724822
17.724822
17.724822
17.724822
17.724822
17.724822
17.724822
17.724822
17.724822
17.724822
17.724822
17.724822
17.335438
17.335438
17.335438
17.335438
17.335438
17.335438
17.335438
17.335438
17.335438
17.335438
17.335438
17.335438
17.335438
17.335438
17.335438
16.825016
16.825016
16.825016
16.825016
16.825016
16.825016
16.825016
16.825016
16.825016
16.825016
16.825016
16.825016
16.825016
16.825016
16.825016
17.291538
17.291538
17.291538
17.291538
17.291538
17.291538
17.291538
17.291538
17.291538
17.291538
17.291538
17.291538
17.291538
17.291538
17.291538
17.338227
17.338227
17.338227
17.338227
17.338227
17.338227
17.338227
17.338227
17.338227
17.338227
17.338227
17.338227
17.338227
17.338227
17.338227
16.770956
16.770956
16.770956
16.770956
16.770956
16.770956
16.770956
16.770956
16.770956
16.770956
16.770956
16.770956
16.770956
16.770956
16.770956
16.875229
16.875229
16.875229
16.875229
16.875229
16.875229
16.875229
16.875229
16.875229
16.875229
16.875229
16.875229
16.875229
16.875229
16.875229
16.852014
16.852014
16.852014
16.852014
16.852014
16.852014
16.852014
16.852014
16.852014
16.852014
16.852014
16.852014
16.852014
16.852014
16.852014
17.972304
17.972304
17.972304
17.972304
17.972304
17.972304
17.972304
17.972304
17.972304
17.972304
17.972304
17.972304
17.972304
17.972304
17.972304
16.982687
16.982687
16.982687
16.982687
16.982687
16.982687
16.982687
16.982687
16.982687
16.982687
16.982687
16.982687
16.982687
16.982687
16.982687
16.764069
16.764069
16.764069
16.764069
16.764069
16.764069
16.764069
16.764069
16.764069
16.764069
16.764069
16.764069
16.764069
16.764069
16.764069
16.050669
16.050669
16.050669
16.050669
16.050669
16.050669
16.050669
16.050669
16.050669
16.050669
16.050669
16.050669
16.050669
16.050669
16.050669
16.251695
16.251695
16.251695
16.251695
16.251695
16.251695
16.251695
16.251695
16.251695
16.251695
16.251695
16.251695
16.251695
16.251695
16.251695
