8.960113
8.960113
8.960113
8.960113
8.960113
8.960113
8.960113
8.960113
8.960113
8.960113
8.960113
8.960113
8.960113
8.960113
8.960113
8.898667
8.898667
8.898667
8.898667
8.898667
8.898667
8.898667
8.898667
8.898667
8.898667
8.898667
8.898667
8.898667
8.898667
8.898667
8.784385
8.784385
8.784385
8.784385
8.784385
8.784385
8.784385
8.784385
8.784385
8.784385
8.784385
8.784385
8.784385
8.784385
8.784385
8.844826
8.844826
8.844826
8.844826
8.844826
8.844826
8.844826
8.844826
8.844826
8.844826
8.844826
8.844826
8.844826
8.844826
8.844826
8.796810
8.796810
8.796810
8.796810
8.796810
8.796810
8.796810
8.796810
8.796810
8.796810
8.796810
8.796810
8.796810
8.796810
8.796810
8.677964
8.677964
8.677964
8.677964
8.677964
8.677964
8.677964
8.677964
8.677964
8.677964
8.677964
8.677964
8.677964
8.677964
8.677964
8.098664
8.098664
8.098664
8.098664
8.098664
8.098664
8.098664
8.098664
8.098664
8.098664
8.098664
8.098664
8.098664
8.098664
8.098664
7.953530
7.953530
7.953530
7.953530
7.953530
7.953530
7.953530
7.953530
7.953530
7.953530
7.953530
7.953530
7.953530
7.953530
7.953530
8.994138
8.994138
8.994138
8.994138
8.994138
8.994138
8.994138
8.994138
8.994138
8.994138
8.994138
8.994138
8.994138
8.994138
8.994138
8.747118
8.747118
8.747118
8.747118
8.747118
8.747118
8.747118
8.747118
8.747118
8.747118
8.747118
8.747118
8.747118
8.747118
8.747118
9.367929
9.367929
9.367929
9.367929
9.367929
9.367929
9.367929
9.367929
9.367929
9.367929
9.367929
9.367929
9.367929
9.367929
9.367929
8.952455
8.952455
8.952455
8.952455
8.952455
8.952455
8.952455
8.952455
8.952455
8.952455
8.952455
8.952455
8.952455
8.952455
8.952455
8.773078
8.773078
8.773078
8.773078
8.773078
8.773078
8.773078
8.773078
8.773078
8.773078
8.773078
8.773078
8.773078
8.773078
8.773078
8.736362
8.736362
8.736362
8.736362
8.736362
8.736362
8.736362
8.736362
8.736362
8.736362
8.736362
8.736362
8.736362
8.736362
8.736362
8.705300
8.705300
8.705300
8.705300
8.705300
8.705300
8.705300
8.705300
8.705300
8.705300
8.705300
8.705300
8.705300
8.705300
8.705300
9.303977
9.303977
9.303977
9.303977
9.303977
9.303977
9.303977
9.303977
9.303977
9.303977
9.303977
9.303977
9.303977
9.303977
9.303977
9.266494
9.266494
9.266494
9.266494
9.266494
9.266494
9.266494
9.266494
9.266494
9.266494
9.266494
9.266494
9.266494
9.266494
9.266494
8.799501
8.799501
8.799501
8.799501
8.799501
8.799501
8.799501
8.799501
8.799501
8.799501
8.799501
8.799501
8.799501
8.799501
8.799501
8.939094
8.939094
8.939094
8.939094
8.939094
8.939094
8.939094
8.939094
8.939094
8.939094
8.939094
8.939094
8.939094
8.939094
8.939094
8.977784
8.977784
8.977784
8.977784
8.977784
8.977784
8.977784
8.977784
8.977784
8.977784
8.977784
8.977784
8.977784
8.977784
8.977784
8.546424
8.546424
8.546424
8.546424
8.546424
8.546424
8.546424
8.546424
8.546424
8.546424
8.546424
8.546424
8.546424
8.546424
8.546424
7.992995
7.992995
7.992995
7.992995
7.992995
7.992995
7.992995
7.992995
7.992995
7.992995
7.992995
7.992995
7.992995
7.992995
7.992995
8.424535
8.424535
8.424535
8.424535
8.424535
8.424535
8.424535
8.424535
8.424535
8.424535
8.424535
8.424535
8.424535
8.424535
8.424535
8.703205
8.703205
8.703205
8.703205
8.703205
8.703205
8.703205
8.703205
8.703205
8.703205
8.703205
8.703205
8.703205
8.703205
8.703205
8.816022
8.816022
8.816022
8.816022
8.816022
8.816022
8.816022
8.816022
8.816022
8.816022
8.816022
8.816022
8.816022
8.816022
8.816022
9.280136
9.280136
9.280136
9.280136
9.280136
9.280136
9.280136
9.280136
9.280136
9.280136
9.280136
9.280136
9.280136
9.280136
9.280136
9.324583
9.324583
9.324583
9.324583
9.324583
9.324583
9.324583
9.324583
9.324583
9.324583
9.324583
9.324583
9.324583
9.324583
9.324583
9.208957
9.208957
9.208957
9.208957
9.208957
9.208957
9.208957
9.208957
9.208957
9.208957
9.208957
9.208957
9.208957
9.208957
9.208957
8.278566
8.278566
8.278566
8.278566
8.278566
8.278566
8.278566
8.278566
8.278566
8.278566
8.278566
8.278566
8.278566
8.278566
8.278566
9.238365
9.238365
9.238365
9.238365
9.238365
9.238365
9.238365
9.238365
9.238365
9.238365
9.238365
9.238365
9.238365
9.238365
9.238365
9.336326
9.336326
9.336326
9.336326
9.336326
9.336326
9.336326
9.336326
9.336326
9.336326
9.336326
9.336326
9.336326
9.336326
9.336326
9.970870
9.970870
9.970870
9.970870
9.970870
9.970870
9.970870
9.970870
9.970870
9.970870
9.970870
9.970870
9.970870
9.970870
9.970870
9.888652
9.888652
9.888652
9.888652
9.888652
9.888652
9.888652
9.888652
9.888652
9.888652
9.888652
9.888652
9.888652
9.888652
9.888652
10.006562
10.006562
10.006562
10.006562
10.006562
10.006562
10.006562
10.006562
10.006562
10.006562
10.006562
10.006562
10.006562
10.006562
10.006562
10.478103
10.478103
10.478103
10.478103
10.478103
10.478103
10.478103
10.478103
10.478103
10.478103
10.478103
10.478103
10.478103
10.478103
10.478103
10.974337
10.974337
10.974337
10.974337
10.974337
10.974337
10.974337
10.974337
10.974337
10.974337
10.974337
10.974337
10.974337
10.974337
10.974337
12.049759
12.049759
12.049759
12.049759
12.049759
12.049759
12.049759
12.049759
12.049759
12.049759
12.049759
12.049759
12.049759
12.049759
12.049759
11.629438
11.629438
11.629438
11.629438
11.629438
11.629438
11.629438
11.629438
11.629438
11.629438
11.629438
11.629438
11.629438
11.629438
11.629438
12.670057
12.670057
12.670057
12.670057
12.670057
12.670057
12.670057
12.670057
12.670057
12.670057
12.670057
12.670057
12.670057
12.670057
12.670057
12.500201
12.500201
12.500201
12.500201
12.500201
12.500201
12.500201
12.500201
12.500201
12.500201
12.500201
12.500201
12.500201
12.500201
12.500201
12.112383
12.112383
12.112383
12.112383
12.112383
12.112383
12.112383
12.112383
12.112383
12.112383
12.112383
12.112383
12.112383
12.112383
12.112383
12.741671
12.741671
12.741671
12.741671
12.741671
12.741671
12.741671
12.741671
12.741671
12.741671
12.741671
12.741671
12.741671
12.741671
12.741671
12.452981
12.452981
12.452981
12.452981
12.452981
12.452981
12.452981
12.452981
12.452981
12.452981
12.452981
12.452981
12.452981
12.452981
12.452981
12.753917
12.753917
12.753917
12.753917
12.753917
12.753917
12.753917
12.753917
12.753917
12.753917
12.753917
12.753917
12.753917
12.753917
12.753917
12.168184
12.168184
12.168184
12.168184
12.168184
12.168184
12.168184
12.168184
12.168184
12.168184
12.168184
12.168184
12.168184
12.168184
12.168184
13.134689
13.134689
13.134689
13.134689
13.134689
13.134689
13.134689
13.134689
13.134689
13.134689
13.134689
13.134689
13.134689
13.134689
13.134689
13.391023
13.391023
13.391023
13.391023
13.391023
13.391023
13.391023
13.391023
13.391023
13.391023
13.391023
13.391023
13.391023
13.391023
13.391023
11.968834
11.968834
11.968834
11.968834
11.968834
11.968834
11.968834
11.968834
11.968834
11.968834
11.968834
11.968834
11.968834
11.968834
11.968834
12.700089
12.700089
12.700089
12.700089
12.700089
12.700089
12.700089
12.700089
12.700089
12.700089
12.700089
12.700089
12.700089
12.700089
12.700089
12.673694
12.673694
12.673694
12.673694
12.673694
12.673694
12.673694
12.673694
12.673694
12.673694
12.673694
12.673694
12.673694
12.673694
12.673694
13.242625
13.242625
13.242625
13.242625
13.242625
13.242625
13.242625
13.242625
13.242625
13.242625
13.242625
13.242625
13.242625
13.242625
13.242625
11.749979
11.749979
11.749979
11.749979
11.749979
11.749979
11.749979
11.749979
11.749979
11.749979
11.749979
11.749979
11.749979
11.749979
11.749979
11.329207
11.329207
11.329207
11.329207
11.329207
11.329207
11.329207
11.329207
11.329207
11.329207
11.329207
11.329207
11.329207
11.329207
11.329207
11.392315
11.392315
11.392315
11.392315
11.392315
11.392315
11.392315
11.392315
11.392315
11.392315
11.392315
11.392315
11.392315
11.392315
11.392315
11.680310
11.680310
11.680310
11.680310
11.680310
11.680310
11.680310
11.680310
11.680310
11.680310
11.680310
11.680310
11.680310
11.680310
11.680310
11.678176
11.678176
11.678176
11.678176
11.678176
11.678176
11.678176
11.678176
11.678176
11.678176
11.678176
11.678176
11.678176
11.678176
11.678176
11.287270
11.287270
11.287270
11.287270
11.287270
11.287270
11.287270
11.287270
11.287270
11.287270
11.287270
11.287270
11.287270
11.287270
11.287270
12.215375
12.215375
12.215375
12.215375
12.215375
12.215375
12.215375
12.215375
12.215375
12.215375
12.215375
12.215375
12.215375
12.215375
12.215375
11.870375
11.870375
11.870375
11.870375
11.870375
11.870375
11.870375
11.870375
11.870375
11.870375
11.870375
11.870375
11.870375
11.870375
11.870375
11.720120
11.720120
11.720120
11.720120
11.720120
11.720120
11.720120
11.720120
11.720120
11.720120
11.720120
11.720120
11.720120
11.720120
11.720120
11.260294
11.260294
11.260294
11.260294
11.260294
11.260294
11.260294
11.260294
11.260294
11.260294
11.260294
11.260294
11.260294
11.260294
11.260294
10.758787
10.758787
10.758787
10.758787
10.758787
10.758787
10.758787
10.758787
10.758787
10.758787
10.758787
10.758787
10.758787
10.758787
10.758787
11.892643
11.892643
11.892643
11.892643
11.892643
11.892643
11.892643
11.892643
11.892643
11.892643
11.892643
11.892643
11.892643
11.892643
11.892643
12.019669
12.019669
12.019669
12.019669
12.019669
12.019669
12.019669
12.019669
12.019669
12.019669
12.019669
12.019669
12.019669
12.019669
12.019669
12.090162
12.090162
12.090162
12.090162
12.090162
12.090162
12.090162
12.090162
12.090162
12.090162
12.090162
12.090162
12.090162
12.090162
12.090162
11.808980
11.808980
11.808980
11.808980
11.808980
11.808980
11.808980
11.808980
11.808980
11.808980
11.808980
11.808980
11.808980
11.808980
11.808980
11.095830
11.095830
11.095830
11.095830
11.095830
11.095830
11.095830
11.095830
11.095830
11.095830
11.095830
11.095830
11.095830
11.095830
11.095830
10.859774
10.859774
10.859774
10.859774
10.859774
10.859774
10.859774
10.859774
10.859774
10.859774
10.859774
10.859774
10.859774
10.859774
10.859774
12.025254
12.025254
12.025254
12.025254
12.025254
12.025254
12.025254
12.025254
12.025254
12.025254
12.025254
12.025254
12.025254
12.025254
12.025254
11.093073
11.093073
11.093073
11.093073
11.093073
11.093073
11.093073
11.093073
11.093073
11.093073
11.093073
11.093073
11.093073
11.093073
11.093073
10.249677
10.249677
10.249677
10.249677
10.249677
10.249677
10.249677
10.249677
10.249677
10.249677
10.249677
10.249677
10.249677
10.249677
10.249677
9.996522
9.996522
9.996522
9.996522
9.996522
9.996522
9.996522
9.996522
9.996522
9.996522
9.996522
9.996522
9.996522
9.996522
9.996522
10.258388
10.258388
10.258388
10.258388
10.258388
10.258388
10.258388
10.258388
10.258388
10.258388
10.258388
10.258388
10.258388
10.258388
10.258388
10.984287
10.984287
10.984287
10.984287
10.984287
10.984287
10.984287
10.984287
10.984287
10.984287
10.984287
10.984287
10.984287
10.984287
10.984287
11.499376
11.499376
11.499376
11.499376
11.499376
11.499376
11.499376
11.499376
11.499376
11.499376
11.499376
11.499376
11.499376
11.499376
11.499376
11.092146
11.092146
11.092146
11.092146
11.092146
11.092146
11.092146
11.092146
11.092146
11.092146
11.092146
11.092146
11.092146
11.092146
11.092146
10.967131
10.967131
10.967131
10.967131
10.967131
10.967131
10.967131
10.967131
10.967131
10.967131
10.967131
10.967131
10.967131
10.967131
10.967131
10.847706
10.847706
10.847706
10.847706
10.847706
10.847706
10.847706
10.847706
10.847706
10.847706
10.847706
10.847706
10.847706
10.847706
10.847706
11.376211
11.376211
11.376211
11.376211
11.376211
11.376211
11.376211
11.376211
11.376211
11.376211
11.376211
11.376211
11.376211
11.376211
11.376211
10.596783
10.596783
10.596783
10.596783
10.596783
10.596783
10.596783
10.596783
10.596783
10.596783
10.596783
10.596783
10.596783
10.596783
10.596783
10.545618
10.545618
10.545618
10.545618
10.545618
10.545618
10.545618
10.545618
10.545618
10.545618
10.545618
10.545618
10.545618
10.545618
10.545618
10.284084
10.284084
10.284084
10.284084
10.284084
10.284084
10.284084
10.284084
10.284084
10.284084
10.284084
10.284084
10.284084
10.284084
10.284084
10.187125
10.187125
10.187125
10.187125
10.187125
10.187125
10.187125
10.187125
10.187125
10.187125
10.187125
10.187125
10.187125
10.187125
10.187125
9.914910
9.914910
9.914910
9.914910
9.914910
9.914910
9.914910
9.914910
9.914910
9.914910
9.914910
9.914910
9.914910
9.914910
9.914910
10.101251
10.101251
10.101251
10.101251
10.101251
10.101251
10.101251
10.101251
10.101251
10.101251
10.101251
10.101251
10.101251
10.101251
10.101251
10.079742
10.079742
10.079742
10.079742
10.079742
10.079742
10.079742
10.079742
10.079742
10.079742
10.079742
10.079742
10.079742
10.079742
10.079742
9.648485
9.648485
9.648485
9.648485
9.648485
9.648485
9.648485
9.648485
9.648485
9.648485
9.648485
9.648485
9.648485
9.648485
9.648485
10.208251
10.208251
10.208251
10.208251
10.208251
10.208251
10.208251
10.208251
10.208251
10.208251
10.208251
10.208251
10.208251
10.208251
10.208251
9.928838
9.928838
9.928838
9.928838
9.928838
9.928838
9.928838
9.928838
9.928838
9.928838
9.928838
9.928838
9.928838
9.928838
9.928838
9.953532
9.953532
9.953532
9.953532
9.953532
9.953532
9.953532
9.953532
9.953532
9.953532
9.953532
9.953532
9.953532
9.953532
9.953532
9.252692
9.252692
9.252692
9.252692
9.252692
9.252692
9.252692
9.252692
9.252692
9.252692
9.252692
9.252692
9.252692
9.252692
9.252692
9.498860
9.498860
9.498860
9.498860
9.498860
9.498860
9.498860
9.498860
9.498860
9.498860
9.498860
9.498860
9.498860
9.498860
9.498860
10.293963
10.293963
10.293963
10.293963
10.293963
10.293963
10.293963
10.293963
10.293963
10.293963
10.293963
10.293963
10.293963
10.293963
10.293963
9.846504
9.846504
9.846504
9.846504
9.846504
9.846504
9.846504
9.846504
9.846504
9.846504
9.846504
9.846504
9.846504
9.846504
9.846504
10.018077
10.018077
10.018077
10.018077
10.018077
10.018077
10.018077
10.018077
10.018077
10.018077
10.018077
10.018077
10.018077
10.018077
10.018077
10.051044
10.051044
10.051044
10.051044
10.051044
10.051044
10.051044
10.051044
10.051044
10.051044
10.051044
10.051044
10.051044
10.051044
10.051044
