72.067176
72.067176
72.067176
72.067176
72.067176
72.067176
72.067176
72.067176
72.067176
72.067176
72.067176
72.067176
72.067176
72.067176
72.067176
77.472442
77.472442
77.472442
77.472442
77.472442
77.472442
77.472442
77.472442
77.472442
77.472442
77.472442
77.472442
77.472442
77.472442
77.472442
46.231052
46.231052
46.231052
46.231052
46.231052
46.231052
46.231052
46.231052
46.231052
46.231052
46.231052
46.231052
46.231052
46.231052
46.231052
24.110112
24.110112
24.110112
24.110112
24.110112
24.110112
24.110112
24.110112
24.110112
24.110112
24.110112
24.110112
24.110112
24.110112
24.110112
18.258099
18.258099
18.258099
18.258099
18.258099
18.258099
18.258099
18.258099
18.258099
18.258099
18.258099
18.258099
18.258099
18.258099
18.258099
16.212642
16.212642
16.212642
16.212642
16.212642
16.212642
16.212642
16.212642
16.212642
16.212642
16.212642
16.212642
16.212642
16.212642
16.212642
14.939902
14.939902
14.939902
14.939902
14.939902
14.939902
14.939902
14.939902
14.939902
14.939902
14.939902
14.939902
14.939902
14.939902
14.939902
16.632689
16.632689
16.632689
16.632689
16.632689
16.632689
16.632689
16.632689
16.632689
16.632689
16.632689
16.632689
16.632689
16.632689
16.632689
16.108429
16.108429
16.108429
16.108429
16.108429
16.108429
16.108429
16.108429
16.108429
16.108429
16.108429
16.108429
16.108429
16.108429
16.108429
13.628476
13.628476
13.628476
13.628476
13.628476
13.628476
13.628476
13.628476
13.628476
13.628476
13.628476
13.628476
13.628476
13.628476
13.628476
16.886461
16.886461
16.886461
16.886461
16.886461
16.886461
16.886461
16.886461
16.886461
16.886461
16.886461
16.886461
16.886461
16.886461
16.886461
13.694864
13.694864
13.694864
13.694864
13.694864
13.694864
13.694864
13.694864
13.694864
13.694864
13.694864
13.694864
13.694864
13.694864
13.694864
15.095157
15.095157
15.095157
15.095157
15.095157
15.095157
15.095157
15.095157
15.095157
15.095157
15.095157
15.095157
15.095157
15.095157
15.095157
12.913406
12.913406
12.913406
12.913406
12.913406
12.913406
12.913406
12.913406
12.913406
12.913406
12.913406
12.913406
12.913406
12.913406
12.913406
10.582840
10.582840
10.582840
10.582840
10.582840
10.582840
10.582840
10.582840
10.582840
10.582840
10.582840
10.582840
10.582840
10.582840
10.582840
17.169614
17.169614
17.169614
17.169614
17.169614
17.169614
17.169614
17.169614
17.169614
17.169614
17.169614
17.169614
17.169614
17.169614
17.169614
16.248510
16.248510
16.248510
16.248510
16.248510
16.248510
16.248510
16.248510
16.248510
16.248510
16.248510
16.248510
16.248510
16.248510
16.248510
13.712305
13.712305
13.712305
13.712305
13.712305
13.712305
13.712305
13.712305
13.712305
13.712305
13.712305
13.712305
13.712305
13.712305
13.712305
13.309283
13.309283
13.309283
13.309283
13.309283
13.309283
13.309283
13.309283
13.309283
13.309283
13.309283
13.309283
13.309283
13.309283
13.309283
17.743029
17.743029
17.743029
17.743029
17.743029
17.743029
17.743029
17.743029
17.743029
17.743029
17.743029
17.743029
17.743029
17.743029
17.743029
15.820398
15.820398
15.820398
15.820398
15.820398
15.820398
15.820398
15.820398
15.820398
15.820398
15.820398
15.820398
15.820398
15.820398
15.820398
15.488125
15.488125
15.488125
15.488125
15.488125
15.488125
15.488125
15.488125
15.488125
15.488125
15.488125
15.488125
15.488125
15.488125
15.488125
16.766661
16.766661
16.766661
16.766661
16.766661
16.766661
16.766661
16.766661
16.766661
16.766661
16.766661
16.766661
16.766661
16.766661
16.766661
13.496943
13.496943
13.496943
13.496943
13.496943
13.496943
13.496943
13.496943
13.496943
13.496943
13.496943
13.496943
13.496943
13.496943
13.496943
15.093651
15.093651
15.093651
15.093651
15.093651
15.093651
15.093651
15.093651
15.093651
15.093651
15.093651
15.093651
15.093651
15.093651
15.093651
16.261190
16.261190
16.261190
16.261190
16.261190
16.261190
16.261190
16.261190
16.261190
16.261190
16.261190
16.261190
16.261190
16.261190
16.261190
13.070995
13.070995
13.070995
13.070995
13.070995
13.070995
13.070995
13.070995
13.070995
13.070995
13.070995
13.070995
13.070995
13.070995
13.070995
12.224550
12.224550
12.224550
12.224550
12.224550
12.224550
12.224550
12.224550
12.224550
12.224550
12.224550
12.224550
12.224550
12.224550
12.224550
10.082198
10.082198
10.082198
10.082198
10.082198
10.082198
10.082198
10.082198
10.082198
10.082198
10.082198
10.082198
10.082198
10.082198
10.082198
10.372254
10.372254
10.372254
10.372254
10.372254
10.372254
10.372254
10.372254
10.372254
10.372254
10.372254
10.372254
10.372254
10.372254
10.372254
14.349669
14.349669
14.349669
14.349669
14.349669
14.349669
14.349669
14.349669
14.349669
14.349669
14.349669
14.349669
14.349669
14.349669
14.349669
13.836534
13.836534
13.836534
13.836534
13.836534
13.836534
13.836534
13.836534
13.836534
13.836534
13.836534
13.836534
13.836534
13.836534
13.836534
14.139082
14.139082
14.139082
14.139082
14.139082
14.139082
14.139082
14.139082
14.139082
14.139082
14.139082
14.139082
14.139082
14.139082
14.139082
14.689502
14.689502
14.689502
14.689502
14.689502
14.689502
14.689502
14.689502
14.689502
14.689502
14.689502
14.689502
14.689502
14.689502
14.689502
14.056083
14.056083
14.056083
14.056083
14.056083
14.056083
14.056083
14.056083
14.056083
14.056083
14.056083
14.056083
14.056083
14.056083
14.056083
14.646317
14.646317
14.646317
14.646317
14.646317
14.646317
14.646317
14.646317
14.646317
14.646317
14.646317
14.646317
14.646317
14.646317
14.646317
13.026822
13.026822
13.026822
13.026822
13.026822
13.026822
13.026822
13.026822
13.026822
13.026822
13.026822
13.026822
13.026822
13.026822
13.026822
21.363734
21.363734
21.363734
21.363734
21.363734
21.363734
21.363734
21.363734
21.363734
21.363734
21.363734
21.363734
21.363734
21.363734
21.363734
8.766722
8.766722
8.766722
8.766722
8.766722
8.766722
8.766722
8.766722
8.766722
8.766722
8.766722
8.766722
8.766722
8.766722
8.766722
7.420830
7.420830
7.420830
7.420830
7.420830
7.420830
7.420830
7.420830
7.420830
7.420830
7.420830
7.420830
7.420830
7.420830
7.420830
10.566905
10.566905
10.566905
10.566905
10.566905
10.566905
10.566905
10.566905
10.566905
10.566905
10.566905
10.566905
10.566905
10.566905
10.566905
10.773512
10.773512
10.773512
10.773512
10.773512
10.773512
10.773512
10.773512
10.773512
10.773512
10.773512
10.773512
10.773512
10.773512
10.773512
8.115448
8.115448
8.115448
8.115448
8.115448
8.115448
8.115448
8.115448
8.115448
8.115448
8.115448
8.115448
8.115448
8.115448
8.115448
12.866309
12.866309
12.866309
12.866309
12.866309
12.866309
12.866309
12.866309
12.866309
12.866309
12.866309
12.866309
12.866309
12.866309
12.866309
7.926212
7.926212
7.926212
7.926212
7.926212
7.926212
7.926212
7.926212
7.926212
7.926212
7.926212
7.926212
7.926212
7.926212
7.926212
10.996019
10.996019
10.996019
10.996019
10.996019
10.996019
10.996019
10.996019
10.996019
10.996019
10.996019
10.996019
10.996019
10.996019
10.996019
11.277354
11.277354
11.277354
11.277354
11.277354
11.277354
11.277354
11.277354
11.277354
11.277354
11.277354
11.277354
11.277354
11.277354
11.277354
9.531259
9.531259
9.531259
9.531259
9.531259
9.531259
9.531259
9.531259
9.531259
9.531259
9.531259
9.531259
9.531259
9.531259
9.531259
9.264960
9.264960
9.264960
9.264960
9.264960
9.264960
9.264960
9.264960
9.264960
9.264960
9.264960
9.264960
9.264960
9.264960
9.264960
12.696281
12.696281
12.696281
12.696281
12.696281
12.696281
12.696281
12.696281
12.696281
12.696281
12.696281
12.696281
12.696281
12.696281
12.696281
17.764710
17.764710
17.764710
17.764710
17.764710
17.764710
17.764710
17.764710
17.764710
17.764710
17.764710
17.764710
17.764710
17.764710
17.764710
16.621894
16.621894
16.621894
16.621894
16.621894
16.621894
16.621894
16.621894
16.621894
16.621894
16.621894
16.621894
16.621894
16.621894
16.621894
16.392464
16.392464
16.392464
16.392464
16.392464
16.392464
16.392464
16.392464
16.392464
16.392464
16.392464
16.392464
16.392464
16.392464
16.392464
16.911950
16.911950
16.911950
16.911950
16.911950
16.911950
16.911950
16.911950
16.911950
16.911950
16.911950
16.911950
16.911950
16.911950
16.911950
17.218858
17.218858
17.218858
17.218858
17.218858
17.218858
17.218858
17.218858
17.218858
17.218858
17.218858
17.218858
17.218858
17.218858
17.218858
16.350682
16.350682
16.350682
16.350682
16.350682
16.350682
16.350682
16.350682
16.350682
16.350682
16.350682
16.350682
16.350682
16.350682
16.350682
13.137265
13.137265
13.137265
13.137265
13.137265
13.137265
13.137265
13.137265
13.137265
13.137265
13.137265
13.137265
13.137265
13.137265
13.137265
14.129049
14.129049
14.129049
14.129049
14.129049
14.129049
14.129049
14.129049
14.129049
14.129049
14.129049
14.129049
14.129049
14.129049
14.129049
12.945624
12.945624
12.945624
12.945624
12.945624
12.945624
12.945624
12.945624
12.945624
12.945624
12.945624
12.945624
12.945624
12.945624
12.945624
13.156626
13.156626
13.156626
13.156626
13.156626
13.156626
13.156626
13.156626
13.156626
13.156626
13.156626
13.156626
13.156626
13.156626
13.156626
18.474812
18.474812
18.474812
18.474812
18.474812
18.474812
18.474812
18.474812
18.474812
18.474812
18.474812
18.474812
18.474812
18.474812
18.474812
19.806761
19.806761
19.806761
19.806761
19.806761
19.806761
19.806761
19.806761
19.806761
19.806761
19.806761
19.806761
19.806761
19.806761
19.806761
21.689593
21.689593
21.689593
21.689593
21.689593
21.689593
21.689593
21.689593
21.689593
21.689593
21.689593
21.689593
21.689593
21.689593
21.689593
16.050953
16.050953
16.050953
16.050953
16.050953
16.050953
16.050953
16.050953
16.050953
16.050953
16.050953
16.050953
16.050953
16.050953
16.050953
13.216180
13.216180
13.216180
13.216180
13.216180
13.216180
13.216180
13.216180
13.216180
13.216180
13.216180
13.216180
13.216180
13.216180
13.216180
15.596820
15.596820
15.596820
15.596820
15.596820
15.596820
15.596820
15.596820
15.596820
15.596820
15.596820
15.596820
15.596820
15.596820
15.596820
12.769987
12.769987
12.769987
12.769987
12.769987
12.769987
12.769987
12.769987
12.769987
12.769987
12.769987
12.769987
12.769987
12.769987
12.769987
12.713134
12.713134
12.713134
12.713134
12.713134
12.713134
12.713134
12.713134
12.713134
12.713134
12.713134
12.713134
12.713134
12.713134
12.713134
11.896863
11.896863
11.896863
11.896863
11.896863
11.896863
11.896863
11.896863
11.896863
11.896863
11.896863
11.896863
11.896863
11.896863
11.896863
11.095628
11.095628
11.095628
11.095628
11.095628
11.095628
11.095628
11.095628
11.095628
11.095628
11.095628
11.095628
11.095628
11.095628
11.095628
19.017846
19.017846
19.017846
19.017846
19.017846
19.017846
19.017846
19.017846
19.017846
19.017846
19.017846
19.017846
19.017846
19.017846
19.017846
14.265253
14.265253
14.265253
14.265253
14.265253
14.265253
14.265253
14.265253
14.265253
14.265253
14.265253
14.265253
14.265253
14.265253
14.265253
11.270693
11.270693
11.270693
11.270693
11.270693
11.270693
11.270693
11.270693
11.270693
11.270693
11.270693
11.270693
11.270693
11.270693
11.270693
10.333012
10.333012
10.333012
10.333012
10.333012
10.333012
10.333012
10.333012
10.333012
10.333012
10.333012
10.333012
10.333012
10.333012
10.333012
12.302222
12.302222
12.302222
12.302222
12.302222
12.302222
12.302222
12.302222
12.302222
12.302222
12.302222
12.302222
12.302222
12.302222
12.302222
13.634218
13.634218
13.634218
13.634218
13.634218
13.634218
13.634218
13.634218
13.634218
13.634218
13.634218
13.634218
13.634218
13.634218
13.634218
18.121377
18.121377
18.121377
18.121377
18.121377
18.121377
18.121377
18.121377
18.121377
18.121377
18.121377
18.121377
18.121377
18.121377
18.121377
19.023604
19.023604
19.023604
19.023604
19.023604
19.023604
19.023604
19.023604
19.023604
19.023604
19.023604
19.023604
19.023604
19.023604
19.023604
17.838224
17.838224
17.838224
17.838224
17.838224
17.838224
17.838224
17.838224
17.838224
17.838224
17.838224
17.838224
17.838224
17.838224
17.838224
18.662800
18.662800
18.662800
18.662800
18.662800
18.662800
18.662800
18.662800
18.662800
18.662800
18.662800
18.662800
18.662800
18.662800
18.662800
25.138593
25.138593
25.138593
25.138593
25.138593
25.138593
25.138593
25.138593
25.138593
25.138593
25.138593
25.138593
25.138593
25.138593
25.138593
17.495310
17.495310
17.495310
17.495310
17.495310
17.495310
17.495310
17.495310
17.495310
17.495310
17.495310
17.495310
17.495310
17.495310
17.495310
16.517386
16.517386
16.517386
16.517386
16.517386
16.517386
16.517386
16.517386
16.517386
16.517386
16.517386
16.517386
16.517386
16.517386
16.517386
16.518374
16.518374
16.518374
16.518374
16.518374
16.518374
16.518374
16.518374
16.518374
16.518374
16.518374
16.518374
16.518374
16.518374
16.518374
15.576472
15.576472
15.576472
15.576472
15.576472
15.576472
15.576472
15.576472
15.576472
15.576472
15.576472
15.576472
15.576472
15.576472
15.576472
17.015036
17.015036
17.015036
17.015036
17.015036
17.015036
17.015036
17.015036
17.015036
17.015036
17.015036
17.015036
17.015036
17.015036
17.015036
24.828505
24.828505
24.828505
24.828505
24.828505
24.828505
24.828505
24.828505
24.828505
24.828505
24.828505
24.828505
24.828505
24.828505
24.828505
30.865732
30.865732
30.865732
30.865732
30.865732
30.865732
30.865732
30.865732
30.865732
30.865732
30.865732
30.865732
30.865732
30.865732
30.865732
24.941397
24.941397
24.941397
24.941397
24.941397
24.941397
24.941397
24.941397
24.941397
24.941397
24.941397
24.941397
24.941397
24.941397
24.941397
25.821858
25.821858
25.821858
25.821858
25.821858
25.821858
25.821858
25.821858
25.821858
25.821858
25.821858
25.821858
25.821858
25.821858
25.821858
28.328994
28.328994
28.328994
28.328994
28.328994
28.328994
28.328994
28.328994
28.328994
28.328994
28.328994
28.328994
28.328994
28.328994
28.328994
29.596993
29.596993
29.596993
29.596993
29.596993
29.596993
29.596993
29.596993
29.596993
29.596993
29.596993
29.596993
29.596993
29.596993
29.596993
27.625814
27.625814
27.625814
27.625814
27.625814
27.625814
27.625814
27.625814
27.625814
27.625814
27.625814
27.625814
27.625814
27.625814
27.625814
27.859465
27.859465
27.859465
27.859465
27.859465
27.859465
27.859465
27.859465
27.859465
27.859465
27.859465
27.859465
27.859465
27.859465
27.859465
19.873787
19.873787
19.873787
19.873787
19.873787
19.873787
19.873787
19.873787
19.873787
19.873787
19.873787
19.873787
19.873787
19.873787
19.873787
18.393004
18.393004
18.393004
18.393004
18.393004
18.393004
18.393004
18.393004
18.393004
18.393004
18.393004
18.393004
18.393004
18.393004
18.393004
