28.065976
28.065976
28.065976
28.065976
28.065976
28.065976
28.065976
28.065976
28.065976
28.065976
28.065976
28.065976
28.065976
28.065976
28.065976
31.849333
31.849333
31.849333
31.849333
31.849333
31.849333
31.849333
31.849333
31.849333
31.849333
31.849333
31.849333
31.849333
31.849333
31.849333
31.688270
31.688270
31.688270
31.688270
31.688270
31.688270
31.688270
31.688270
31.688270
31.688270
31.688270
31.688270
31.688270
31.688270
31.688270
33.632041
33.632041
33.632041
33.632041
33.632041
33.632041
33.632041
33.632041
33.632041
33.632041
33.632041
33.632041
33.632041
33.632041
33.632041
33.220778
33.220778
33.220778
33.220778
33.220778
33.220778
33.220778
33.220778
33.220778
33.220778
33.220778
33.220778
33.220778
33.220778
33.220778
29.148802
29.148802
29.148802
29.148802
29.148802
29.148802
29.148802
29.148802
29.148802
29.148802
29.148802
29.148802
29.148802
29.148802
29.148802
28.278064
28.278064
28.278064
28.278064
28.278064
28.278064
28.278064
28.278064
28.278064
28.278064
28.278064
28.278064
28.278064
28.278064
28.278064
33.039055
33.039055
33.039055
33.039055
33.039055
33.039055
33.039055
33.039055
33.039055
33.039055
33.039055
33.039055
33.039055
33.039055
33.039055
32.435046
32.435046
32.435046
32.435046
32.435046
32.435046
32.435046
32.435046
32.435046
32.435046
32.435046
32.435046
32.435046
32.435046
32.435046
29.063660
29.063660
29.063660
29.063660
29.063660
29.063660
29.063660
29.063660
29.063660
29.063660
29.063660
29.063660
29.063660
29.063660
29.063660
29.458531
29.458531
29.458531
29.458531
29.458531
29.458531
29.458531
29.458531
29.458531
29.458531
29.458531
29.458531
29.458531
29.458531
29.458531
32.860165
32.860165
32.860165
32.860165
32.860165
32.860165
32.860165
32.860165
32.860165
32.860165
32.860165
32.860165
32.860165
32.860165
32.860165
31.766179
31.766179
31.766179
31.766179
31.766179
31.766179
31.766179
31.766179
31.766179
31.766179
31.766179
31.766179
31.766179
31.766179
31.766179
29.808473
29.808473
29.808473
29.808473
29.808473
29.808473
29.808473
29.808473
29.808473
29.808473
29.808473
29.808473
29.808473
29.808473
29.808473
29.938623
29.938623
29.938623
29.938623
29.938623
29.938623
29.938623
29.938623
29.938623
29.938623
29.938623
29.938623
29.938623
29.938623
29.938623
29.310556
29.310556
29.310556
29.310556
29.310556
29.310556
29.310556
29.310556
29.310556
29.310556
29.310556
29.310556
29.310556
29.310556
29.310556
26.024228
26.024228
26.024228
26.024228
26.024228
26.024228
26.024228
26.024228
26.024228
26.024228
26.024228
26.024228
26.024228
26.024228
26.024228
20.626545
20.626545
20.626545
20.626545
20.626545
20.626545
20.626545
20.626545
20.626545
20.626545
20.626545
20.626545
20.626545
20.626545
20.626545
22.207185
22.207185
22.207185
22.207185
22.207185
22.207185
22.207185
22.207185
22.207185
22.207185
22.207185
22.207185
22.207185
22.207185
22.207185
28.147542
28.147542
28.147542
28.147542
28.147542
28.147542
28.147542
28.147542
28.147542
28.147542
28.147542
28.147542
28.147542
28.147542
28.147542
30.490488
30.490488
30.490488
30.490488
30.490488
30.490488
30.490488
30.490488
30.490488
30.490488
30.490488
30.490488
30.490488
30.490488
30.490488
30.360301
30.360301
30.360301
30.360301
30.360301
30.360301
30.360301
30.360301
30.360301
30.360301
30.360301
30.360301
30.360301
30.360301
30.360301
26.919888
26.919888
26.919888
26.919888
26.919888
26.919888
26.919888
26.919888
26.919888
26.919888
26.919888
26.919888
26.919888
26.919888
26.919888
28.276376
28.276376
28.276376
28.276376
28.276376
28.276376
28.276376
28.276376
28.276376
28.276376
28.276376
28.276376
28.276376
28.276376
28.276376
27.965780
27.965780
27.965780
27.965780
27.965780
27.965780
27.965780
27.965780
27.965780
27.965780
27.965780
27.965780
27.965780
27.965780
27.965780
26.887422
26.887422
26.887422
26.887422
26.887422
26.887422
26.887422
26.887422
26.887422
26.887422
26.887422
26.887422
26.887422
26.887422
26.887422
25.830696
25.830696
25.830696
25.830696
25.830696
25.830696
25.830696
25.830696
25.830696
25.830696
25.830696
25.830696
25.830696
25.830696
25.830696
27.009037
27.009037
27.009037
27.009037
27.009037
27.009037
27.009037
27.009037
27.009037
27.009037
27.009037
27.009037
27.009037
27.009037
27.009037
25.015462
25.015462
25.015462
25.015462
25.015462
25.015462
25.015462
25.015462
25.015462
25.015462
25.015462
25.015462
25.015462
25.015462
25.015462
24.214244
24.214244
24.214244
24.214244
24.214244
24.214244
24.214244
24.214244
24.214244
24.214244
24.214244
24.214244
24.214244
24.214244
24.214244
26.104437
26.104437
26.104437
26.104437
26.104437
26.104437
26.104437
26.104437
26.104437
26.104437
26.104437
26.104437
26.104437
26.104437
26.104437
24.779420
24.779420
24.779420
24.779420
24.779420
24.779420
24.779420
24.779420
24.779420
24.779420
24.779420
24.779420
24.779420
24.779420
24.779420
24.357208
24.357208
24.357208
24.357208
24.357208
24.357208
24.357208
24.357208
24.357208
24.357208
24.357208
24.357208
24.357208
24.357208
24.357208
25.226841
25.226841
25.226841
25.226841
25.226841
25.226841
25.226841
25.226841
25.226841
25.226841
25.226841
25.226841
25.226841
25.226841
25.226841
26.253805
26.253805
26.253805
26.253805
26.253805
26.253805
26.253805
26.253805
26.253805
26.253805
26.253805
26.253805
26.253805
26.253805
26.253805
25.619552
25.619552
25.619552
25.619552
25.619552
25.619552
25.619552
25.619552
25.619552
25.619552
25.619552
25.619552
25.619552
25.619552
25.619552
23.595437
23.595437
23.595437
23.595437
23.595437
23.595437
23.595437
23.595437
23.595437
23.595437
23.595437
23.595437
23.595437
23.595437
23.595437
19.492328
19.492328
19.492328
19.492328
19.492328
19.492328
19.492328
19.492328
19.492328
19.492328
19.492328
19.492328
19.492328
19.492328
19.492328
24.225369
24.225369
24.225369
24.225369
24.225369
24.225369
24.225369
24.225369
24.225369
24.225369
24.225369
24.225369
24.225369
24.225369
24.225369
21.056025
21.056025
21.056025
21.056025
21.056025
21.056025
21.056025
21.056025
21.056025
21.056025
21.056025
21.056025
21.056025
21.056025
21.056025
16.744702
16.744702
16.744702
16.744702
16.744702
16.744702
16.744702
16.744702
16.744702
16.744702
16.744702
16.744702
16.744702
16.744702
16.744702
18.484306
18.484306
18.484306
18.484306
18.484306
18.484306
18.484306
18.484306
18.484306
18.484306
18.484306
18.484306
18.484306
18.484306
18.484306
21.782480
21.782480
21.782480
21.782480
21.782480
21.782480
21.782480
21.782480
21.782480
21.782480
21.782480
21.782480
21.782480
21.782480
21.782480
21.086233
21.086233
21.086233
21.086233
21.086233
21.086233
21.086233
21.086233
21.086233
21.086233
21.086233
21.086233
21.086233
21.086233
21.086233
20.073342
20.073342
20.073342
20.073342
20.073342
20.073342
20.073342
20.073342
20.073342
20.073342
20.073342
20.073342
20.073342
20.073342
20.073342
19.502368
19.502368
19.502368
19.502368
19.502368
19.502368
19.502368
19.502368
19.502368
19.502368
19.502368
19.502368
19.502368
19.502368
19.502368
20.275225
20.275225
20.275225
20.275225
20.275225
20.275225
20.275225
20.275225
20.275225
20.275225
20.275225
20.275225
20.275225
20.275225
20.275225
20.188647
20.188647
20.188647
20.188647
20.188647
20.188647
20.188647
20.188647
20.188647
20.188647
20.188647
20.188647
20.188647
20.188647
20.188647
16.837625
16.837625
16.837625
16.837625
16.837625
16.837625
16.837625
16.837625
16.837625
16.837625
16.837625
16.837625
16.837625
16.837625
16.837625
20.033891
20.033891
20.033891
20.033891
20.033891
20.033891
20.033891
20.033891
20.033891
20.033891
20.033891
20.033891
20.033891
20.033891
20.033891
20.456236
20.456236
20.456236
20.456236
20.456236
20.456236
20.456236
20.456236
20.456236
20.456236
20.456236
20.456236
20.456236
20.456236
20.456236
17.478250
17.478250
17.478250
17.478250
17.478250
17.478250
17.478250
17.478250
17.478250
17.478250
17.478250
17.478250
17.478250
17.478250
17.478250
21.157443
21.157443
21.157443
21.157443
21.157443
21.157443
21.157443
21.157443
21.157443
21.157443
21.157443
21.157443
21.157443
21.157443
21.157443
28.134967
28.134967
28.134967
28.134967
28.134967
28.134967
28.134967
28.134967
28.134967
28.134967
28.134967
28.134967
28.134967
28.134967
28.134967
27.716762
27.716762
27.716762
27.716762
27.716762
27.716762
27.716762
27.716762
27.716762
27.716762
27.716762
27.716762
27.716762
27.716762
27.716762
29.124075
29.124075
29.124075
29.124075
29.124075
29.124075
29.124075
29.124075
29.124075
29.124075
29.124075
29.124075
29.124075
29.124075
29.124075
25.425211
25.425211
25.425211
25.425211
25.425211
25.425211
25.425211
25.425211
25.425211
25.425211
25.425211
25.425211
25.425211
25.425211
25.425211
27.284667
27.284667
27.284667
27.284667
27.284667
27.284667
27.284667
27.284667
27.284667
27.284667
27.284667
27.284667
27.284667
27.284667
27.284667
27.736473
27.736473
27.736473
27.736473
27.736473
27.736473
27.736473
27.736473
27.736473
27.736473
27.736473
27.736473
27.736473
27.736473
27.736473
28.581265
28.581265
28.581265
28.581265
28.581265
28.581265
28.581265
28.581265
28.581265
28.581265
28.581265
28.581265
28.581265
28.581265
28.581265
25.419706
25.419706
25.419706
25.419706
25.419706
25.419706
25.419706
25.419706
25.419706
25.419706
25.419706
25.419706
25.419706
25.419706
25.419706
26.242782
26.242782
26.242782
26.242782
26.242782
26.242782
26.242782
26.242782
26.242782
26.242782
26.242782
26.242782
26.242782
26.242782
26.242782
27.047207
27.047207
27.047207
27.047207
27.047207
27.047207
27.047207
27.047207
27.047207
27.047207
27.047207
27.047207
27.047207
27.047207
27.047207
30.896719
30.896719
30.896719
30.896719
30.896719
30.896719
30.896719
30.896719
30.896719
30.896719
30.896719
30.896719
30.896719
30.896719
30.896719
26.758587
26.758587
26.758587
26.758587
26.758587
26.758587
26.758587
26.758587
26.758587
26.758587
26.758587
26.758587
26.758587
26.758587
26.758587
25.493629
25.493629
25.493629
25.493629
25.493629
25.493629
25.493629
25.493629
25.493629
25.493629
25.493629
25.493629
25.493629
25.493629
25.493629
26.936651
26.936651
26.936651
26.936651
26.936651
26.936651
26.936651
26.936651
26.936651
26.936651
26.936651
26.936651
26.936651
26.936651
26.936651
26.614991
26.614991
26.614991
26.614991
26.614991
26.614991
26.614991
26.614991
26.614991
26.614991
26.614991
26.614991
26.614991
26.614991
26.614991
23.881322
23.881322
23.881322
23.881322
23.881322
23.881322
23.881322
23.881322
23.881322
23.881322
23.881322
23.881322
23.881322
23.881322
23.881322
22.781067
22.781067
22.781067
22.781067
22.781067
22.781067
22.781067
22.781067
22.781067
22.781067
22.781067
22.781067
22.781067
22.781067
22.781067
28.790918
28.790918
28.790918
28.790918
28.790918
28.790918
28.790918
28.790918
28.790918
28.790918
28.790918
28.790918
28.790918
28.790918
28.790918
28.758684
28.758684
28.758684
28.758684
28.758684
28.758684
28.758684
28.758684
28.758684
28.758684
28.758684
28.758684
28.758684
28.758684
28.758684
23.611176
23.611176
23.611176
23.611176
23.611176
23.611176
23.611176
23.611176
23.611176
23.611176
23.611176
23.611176
23.611176
23.611176
23.611176
24.521928
24.521928
24.521928
24.521928
24.521928
24.521928
24.521928
24.521928
24.521928
24.521928
24.521928
24.521928
24.521928
24.521928
24.521928
24.996459
24.996459
24.996459
24.996459
24.996459
24.996459
24.996459
24.996459
24.996459
24.996459
24.996459
24.996459
24.996459
24.996459
24.996459
24.947306
24.947306
24.947306
24.947306
24.947306
24.947306
24.947306
24.947306
24.947306
24.947306
24.947306
24.947306
24.947306
24.947306
24.947306
27.014388
27.014388
27.014388
27.014388
27.014388
27.014388
27.014388
27.014388
27.014388
27.014388
27.014388
27.014388
27.014388
27.014388
27.014388
26.524940
26.524940
26.524940
26.524940
26.524940
26.524940
26.524940
26.524940
26.524940
26.524940
26.524940
26.524940
26.524940
26.524940
26.524940
25.691999
25.691999
25.691999
25.691999
25.691999
25.691999
25.691999
25.691999
25.691999
25.691999
25.691999
25.691999
25.691999
25.691999
25.691999
25.479579
25.479579
25.479579
25.479579
25.479579
25.479579
25.479579
25.479579
25.479579
25.479579
25.479579
25.479579
25.479579
25.479579
25.479579
22.730285
22.730285
22.730285
22.730285
22.730285
22.730285
22.730285
22.730285
22.730285
22.730285
22.730285
22.730285
22.730285
22.730285
22.730285
28.982551
28.982551
28.982551
28.982551
28.982551
28.982551
28.982551
28.982551
28.982551
28.982551
28.982551
28.982551
28.982551
28.982551
28.982551
30.919305
30.919305
30.919305
30.919305
30.919305
30.919305
30.919305
30.919305
30.919305
30.919305
30.919305
30.919305
30.919305
30.919305
30.919305
27.113583
27.113583
27.113583
27.113583
27.113583
27.113583
27.113583
27.113583
27.113583
27.113583
27.113583
27.113583
27.113583
27.113583
27.113583
27.109471
27.109471
27.109471
27.109471
27.109471
27.109471
27.109471
27.109471
27.109471
27.109471
27.109471
27.109471
27.109471
27.109471
27.109471
28.209807
28.209807
28.209807
28.209807
28.209807
28.209807
28.209807
28.209807
28.209807
28.209807
28.209807
28.209807
28.209807
28.209807
28.209807
27.844222
27.844222
27.844222
27.844222
27.844222
27.844222
27.844222
27.844222
27.844222
27.844222
27.844222
27.844222
27.844222
27.844222
27.844222
26.591118
26.591118
26.591118
26.591118
26.591118
26.591118
26.591118
26.591118
26.591118
26.591118
26.591118
26.591118
26.591118
26.591118
26.591118
26.130780
26.130780
26.130780
26.130780
26.130780
26.130780
26.130780
26.130780
26.130780
26.130780
26.130780
26.130780
26.130780
26.130780
26.130780
28.534179
28.534179
28.534179
28.534179
28.534179
28.534179
28.534179
28.534179
28.534179
28.534179
28.534179
28.534179
28.534179
28.534179
28.534179
30.689915
30.689915
30.689915
30.689915
30.689915
30.689915
30.689915
30.689915
30.689915
30.689915
30.689915
30.689915
30.689915
30.689915
30.689915
30.309178
30.309178
30.309178
30.309178
30.309178
30.309178
30.309178
30.309178
30.309178
30.309178
30.309178
30.309178
30.309178
30.309178
30.309178
31.021640
31.021640
31.021640
31.021640
31.021640
31.021640
31.021640
31.021640
31.021640
31.021640
31.021640
31.021640
31.021640
31.021640
31.021640
31.239680
31.239680
31.239680
31.239680
31.239680
31.239680
31.239680
31.239680
31.239680
31.239680
31.239680
31.239680
31.239680
31.239680
31.239680
30.653301
30.653301
30.653301
30.653301
30.653301
30.653301
30.653301
30.653301
30.653301
30.653301
30.653301
30.653301
30.653301
30.653301
30.653301
29.113697
29.113697
29.113697
29.113697
29.113697
29.113697
29.113697
29.113697
29.113697
29.113697
29.113697
29.113697
29.113697
29.113697
29.113697
