38.627073
38.627073
38.627073
38.627073
38.627073
38.627073
38.627073
38.627073
38.627073
38.627073
38.627073
38.627073
38.627073
38.627073
38.627073
39.867050
39.867050
39.867050
39.867050
39.867050
39.867050
39.867050
39.867050
39.867050
39.867050
39.867050
39.867050
39.867050
39.867050
39.867050
41.175958
41.175958
41.175958
41.175958
41.175958
41.175958
41.175958
41.175958
41.175958
41.175958
41.175958
41.175958
41.175958
41.175958
41.175958
35.931678
35.931678
35.931678
35.931678
35.931678
35.931678
35.931678
35.931678
35.931678
35.931678
35.931678
35.931678
35.931678
35.931678
35.931678
36.194539
36.194539
36.194539
36.194539
36.194539
36.194539
36.194539
36.194539
36.194539
36.194539
36.194539
36.194539
36.194539
36.194539
36.194539
33.982013
33.982013
33.982013
33.982013
33.982013
33.982013
33.982013
33.982013
33.982013
33.982013
33.982013
33.982013
33.982013
33.982013
33.982013
33.166169
33.166169
33.166169
33.166169
33.166169
33.166169
33.166169
33.166169
33.166169
33.166169
33.166169
33.166169
33.166169
33.166169
33.166169
33.566326
33.566326
33.566326
33.566326
33.566326
33.566326
33.566326
33.566326
33.566326
33.566326
33.566326
33.566326
33.566326
33.566326
33.566326
34.044549
34.044549
34.044549
34.044549
34.044549
34.044549
34.044549
34.044549
34.044549
34.044549
34.044549
34.044549
34.044549
34.044549
34.044549
34.319855
34.319855
34.319855
34.319855
34.319855
34.319855
34.319855
34.319855
34.319855
34.319855
34.319855
34.319855
34.319855
34.319855
34.319855
35.178369
35.178369
35.178369
35.178369
35.178369
35.178369
35.178369
35.178369
35.178369
35.178369
35.178369
35.178369
35.178369
35.178369
35.178369
34.374638
34.374638
34.374638
34.374638
34.374638
34.374638
34.374638
34.374638
34.374638
34.374638
34.374638
34.374638
34.374638
34.374638
34.374638
36.613344
36.613344
36.613344
36.613344
36.613344
36.613344
36.613344
36.613344
36.613344
36.613344
36.613344
36.613344
36.613344
36.613344
36.613344
34.632171
34.632171
34.632171
34.632171
34.632171
34.632171
34.632171
34.632171
34.632171
34.632171
34.632171
34.632171
34.632171
34.632171
34.632171
33.615114
33.615114
33.615114
33.615114
33.615114
33.615114
33.615114
33.615114
33.615114
33.615114
33.615114
33.615114
33.615114
33.615114
33.615114
34.940655
34.940655
34.940655
34.940655
34.940655
34.940655
34.940655
34.940655
34.940655
34.940655
34.940655
34.940655
34.940655
34.940655
34.940655
35.915160
35.915160
35.915160
35.915160
35.915160
35.915160
35.915160
35.915160
35.915160
35.915160
35.915160
35.915160
35.915160
35.915160
35.915160
31.739407
31.739407
31.739407
31.739407
31.739407
31.739407
31.739407
31.739407
31.739407
31.739407
31.739407
31.739407
31.739407
31.739407
31.739407
33.726850
33.726850
33.726850
33.726850
33.726850
33.726850
33.726850
33.726850
33.726850
33.726850
33.726850
33.726850
33.726850
33.726850
33.726850
32.736147
32.736147
32.736147
32.736147
32.736147
32.736147
32.736147
32.736147
32.736147
32.736147
32.736147
32.736147
32.736147
32.736147
32.736147
33.624120
33.624120
33.624120
33.624120
33.624120
33.624120
33.624120
33.624120
33.624120
33.624120
33.624120
33.624120
33.624120
33.624120
33.624120
33.139917
33.139917
33.139917
33.139917
33.139917
33.139917
33.139917
33.139917
33.139917
33.139917
33.139917
33.139917
33.139917
33.139917
33.139917
33.807305
33.807305
33.807305
33.807305
33.807305
33.807305
33.807305
33.807305
33.807305
33.807305
33.807305
33.807305
33.807305
33.807305
33.807305
29.827406
29.827406
29.827406
29.827406
29.827406
29.827406
29.827406
29.827406
29.827406
29.827406
29.827406
29.827406
29.827406
29.827406
29.827406
34.098685
34.098685
34.098685
34.098685
34.098685
34.098685
34.098685
34.098685
34.098685
34.098685
34.098685
34.098685
34.098685
34.098685
34.098685
33.720615
33.720615
33.720615
33.720615
33.720615
33.720615
33.720615
33.720615
33.720615
33.720615
33.720615
33.720615
33.720615
33.720615
33.720615
29.945019
29.945019
29.945019
29.945019
29.945019
29.945019
29.945019
29.945019
29.945019
29.945019
29.945019
29.945019
29.945019
29.945019
29.945019
28.364049
28.364049
28.364049
28.364049
28.364049
28.364049
28.364049
28.364049
28.364049
28.364049
28.364049
28.364049
28.364049
28.364049
28.364049
28.027450
28.027450
28.027450
28.027450
28.027450
28.027450
28.027450
28.027450
28.027450
28.027450
28.027450
28.027450
28.027450
28.027450
28.027450
32.236459
32.236459
32.236459
32.236459
32.236459
32.236459
32.236459
32.236459
32.236459
32.236459
32.236459
32.236459
32.236459
32.236459
32.236459
31.983194
31.983194
31.983194
31.983194
31.983194
31.983194
31.983194
31.983194
31.983194
31.983194
31.983194
31.983194
31.983194
31.983194
31.983194
31.906602
31.906602
31.906602
31.906602
31.906602
31.906602
31.906602
31.906602
31.906602
31.906602
31.906602
31.906602
31.906602
31.906602
31.906602
26.939071
26.939071
26.939071
26.939071
26.939071
26.939071
26.939071
26.939071
26.939071
26.939071
26.939071
26.939071
26.939071
26.939071
26.939071
28.365799
28.365799
28.365799
28.365799
28.365799
28.365799
28.365799
28.365799
28.365799
28.365799
28.365799
28.365799
28.365799
28.365799
28.365799
29.790190
29.790190
29.790190
29.790190
29.790190
29.790190
29.790190
29.790190
29.790190
29.790190
29.790190
29.790190
29.790190
29.790190
29.790190
31.116790
31.116790
31.116790
31.116790
31.116790
31.116790
31.116790
31.116790
31.116790
31.116790
31.116790
31.116790
31.116790
31.116790
31.116790
28.446808
28.446808
28.446808
28.446808
28.446808
28.446808
28.446808
28.446808
28.446808
28.446808
28.446808
28.446808
28.446808
28.446808
28.446808
29.802592
29.802592
29.802592
29.802592
29.802592
29.802592
29.802592
29.802592
29.802592
29.802592
29.802592
29.802592
29.802592
29.802592
29.802592
28.544751
28.544751
28.544751
28.544751
28.544751
28.544751
28.544751
28.544751
28.544751
28.544751
28.544751
28.544751
28.544751
28.544751
28.544751
30.478826
30.478826
30.478826
30.478826
30.478826
30.478826
30.478826
30.478826
30.478826
30.478826
30.478826
30.478826
30.478826
30.478826
30.478826
27.627293
27.627293
27.627293
27.627293
27.627293
27.627293
27.627293
27.627293
27.627293
27.627293
27.627293
27.627293
27.627293
27.627293
27.627293
27.436583
27.436583
27.436583
27.436583
27.436583
27.436583
27.436583
27.436583
27.436583
27.436583
27.436583
27.436583
27.436583
27.436583
27.436583
28.328100
28.328100
28.328100
28.328100
28.328100
28.328100
28.328100
28.328100
28.328100
28.328100
28.328100
28.328100
28.328100
28.328100
28.328100
31.290829
31.290829
31.290829
31.290829
31.290829
31.290829
31.290829
31.290829
31.290829
31.290829
31.290829
31.290829
31.290829
31.290829
31.290829
35.861771
35.861771
35.861771
35.861771
35.861771
35.861771
35.861771
35.861771
35.861771
35.861771
35.861771
35.861771
35.861771
35.861771
35.861771
38.652484
38.652484
38.652484
38.652484
38.652484
38.652484
38.652484
38.652484
38.652484
38.652484
38.652484
38.652484
38.652484
38.652484
38.652484
33.869748
33.869748
33.869748
33.869748
33.869748
33.869748
33.869748
33.869748
33.869748
33.869748
33.869748
33.869748
33.869748
33.869748
33.869748
34.929381
34.929381
34.929381
34.929381
34.929381
34.929381
34.929381
34.929381
34.929381
34.929381
34.929381
34.929381
34.929381
34.929381
34.929381
36.188522
36.188522
36.188522
36.188522
36.188522
36.188522
36.188522
36.188522
36.188522
36.188522
36.188522
36.188522
36.188522
36.188522
36.188522
38.760159
38.760159
38.760159
38.760159
38.760159
38.760159
38.760159
38.760159
38.760159
38.760159
38.760159
38.760159
38.760159
38.760159
38.760159
37.314163
37.314163
37.314163
37.314163
37.314163
37.314163
37.314163
37.314163
37.314163
37.314163
37.314163
37.314163
37.314163
37.314163
37.314163
40.255106
40.255106
40.255106
40.255106
40.255106
40.255106
40.255106
40.255106
40.255106
40.255106
40.255106
40.255106
40.255106
40.255106
40.255106
40.110032
40.110032
40.110032
40.110032
40.110032
40.110032
40.110032
40.110032
40.110032
40.110032
40.110032
40.110032
40.110032
40.110032
40.110032
38.222683
38.222683
38.222683
38.222683
38.222683
38.222683
38.222683
38.222683
38.222683
38.222683
38.222683
38.222683
38.222683
38.222683
38.222683
36.808631
36.808631
36.808631
36.808631
36.808631
36.808631
36.808631
36.808631
36.808631
36.808631
36.808631
36.808631
36.808631
36.808631
36.808631
35.824660
35.824660
35.824660
35.824660
35.824660
35.824660
35.824660
35.824660
35.824660
35.824660
35.824660
35.824660
35.824660
35.824660
35.824660
37.363698
37.363698
37.363698
37.363698
37.363698
37.363698
37.363698
37.363698
37.363698
37.363698
37.363698
37.363698
37.363698
37.363698
37.363698
38.437629
38.437629
38.437629
38.437629
38.437629
38.437629
38.437629
38.437629
38.437629
38.437629
38.437629
38.437629
38.437629
38.437629
38.437629
36.479786
36.479786
36.479786
36.479786
36.479786
36.479786
36.479786
36.479786
36.479786
36.479786
36.479786
36.479786
36.479786
36.479786
36.479786
37.355794
37.355794
37.355794
37.355794
37.355794
37.355794
37.355794
37.355794
37.355794
37.355794
37.355794
37.355794
37.355794
37.355794
37.355794
39.151630
39.151630
39.151630
39.151630
39.151630
39.151630
39.151630
39.151630
39.151630
39.151630
39.151630
39.151630
39.151630
39.151630
39.151630
37.533805
37.533805
37.533805
37.533805
37.533805
37.533805
37.533805
37.533805
37.533805
37.533805
37.533805
37.533805
37.533805
37.533805
37.533805
38.558707
38.558707
38.558707
38.558707
38.558707
38.558707
38.558707
38.558707
38.558707
38.558707
38.558707
38.558707
38.558707
38.558707
38.558707
39.480512
39.480512
39.480512
39.480512
39.480512
39.480512
39.480512
39.480512
39.480512
39.480512
39.480512
39.480512
39.480512
39.480512
39.480512
45.822906
45.822906
45.822906
45.822906
45.822906
45.822906
45.822906
45.822906
45.822906
45.822906
45.822906
45.822906
45.822906
45.822906
45.822906
38.011106
38.011106
38.011106
38.011106
38.011106
38.011106
38.011106
38.011106
38.011106
38.011106
38.011106
38.011106
38.011106
38.011106
38.011106
36.309600
36.309600
36.309600
36.309600
36.309600
36.309600
36.309600
36.309600
36.309600
36.309600
36.309600
36.309600
36.309600
36.309600
36.309600
39.942937
39.942937
39.942937
39.942937
39.942937
39.942937
39.942937
39.942937
39.942937
39.942937
39.942937
39.942937
39.942937
39.942937
39.942937
39.576740
39.576740
39.576740
39.576740
39.576740
39.576740
39.576740
39.576740
39.576740
39.576740
39.576740
39.576740
39.576740
39.576740
39.576740
41.470866
41.470866
41.470866
41.470866
41.470866
41.470866
41.470866
41.470866
41.470866
41.470866
41.470866
41.470866
41.470866
41.470866
41.470866
35.485737
35.485737
35.485737
35.485737
35.485737
35.485737
35.485737
35.485737
35.485737
35.485737
35.485737
35.485737
35.485737
35.485737
35.485737
35.004350
35.004350
35.004350
35.004350
35.004350
35.004350
35.004350
35.004350
35.004350
35.004350
35.004350
35.004350
35.004350
35.004350
35.004350
36.856693
36.856693
36.856693
36.856693
36.856693
36.856693
36.856693
36.856693
36.856693
36.856693
36.856693
36.856693
36.856693
36.856693
36.856693
35.537295
35.537295
35.537295
35.537295
35.537295
35.537295
35.537295
35.537295
35.537295
35.537295
35.537295
35.537295
35.537295
35.537295
35.537295
37.221730
37.221730
37.221730
37.221730
37.221730
37.221730
37.221730
37.221730
37.221730
37.221730
37.221730
37.221730
37.221730
37.221730
37.221730
37.269148
37.269148
37.269148
37.269148
37.269148
37.269148
37.269148
37.269148
37.269148
37.269148
37.269148
37.269148
37.269148
37.269148
37.269148
37.275177
37.275177
37.275177
37.275177
37.275177
37.275177
37.275177
37.275177
37.275177
37.275177
37.275177
37.275177
37.275177
37.275177
37.275177
36.390896
36.390896
36.390896
36.390896
36.390896
36.390896
36.390896
36.390896
36.390896
36.390896
36.390896
36.390896
36.390896
36.390896
36.390896
34.379296
34.379296
34.379296
34.379296
34.379296
34.379296
34.379296
34.379296
34.379296
34.379296
34.379296
34.379296
34.379296
34.379296
34.379296
35.124554
35.124554
35.124554
35.124554
35.124554
35.124554
35.124554
35.124554
35.124554
35.124554
35.124554
35.124554
35.124554
35.124554
35.124554
33.700069
33.700069
33.700069
33.700069
33.700069
33.700069
33.700069
33.700069
33.700069
33.700069
33.700069
33.700069
33.700069
33.700069
33.700069
35.054553
35.054553
35.054553
35.054553
35.054553
35.054553
35.054553
35.054553
35.054553
35.054553
35.054553
35.054553
35.054553
35.054553
35.054553
36.507856
36.507856
36.507856
36.507856
36.507856
36.507856
36.507856
36.507856
36.507856
36.507856
36.507856
36.507856
36.507856
36.507856
36.507856
36.876744
36.876744
36.876744
36.876744
36.876744
36.876744
36.876744
36.876744
36.876744
36.876744
36.876744
36.876744
36.876744
36.876744
36.876744
36.632244
36.632244
36.632244
36.632244
36.632244
36.632244
36.632244
36.632244
36.632244
36.632244
36.632244
36.632244
36.632244
36.632244
36.632244
38.300849
38.300849
38.300849
38.300849
38.300849
38.300849
38.300849
38.300849
38.300849
38.300849
38.300849
38.300849
38.300849
38.300849
38.300849
40.512880
40.512880
40.512880
40.512880
40.512880
40.512880
40.512880
40.512880
40.512880
40.512880
40.512880
40.512880
40.512880
40.512880
40.512880
38.718205
38.718205
38.718205
38.718205
38.718205
38.718205
38.718205
38.718205
38.718205
38.718205
38.718205
38.718205
38.718205
38.718205
38.718205
37.365391
37.365391
37.365391
37.365391
37.365391
37.365391
37.365391
37.365391
37.365391
37.365391
37.365391
37.365391
37.365391
37.365391
37.365391
39.008020
39.008020
39.008020
39.008020
39.008020
39.008020
39.008020
39.008020
39.008020
39.008020
39.008020
39.008020
39.008020
39.008020
39.008020
37.491022
37.491022
37.491022
37.491022
37.491022
37.491022
37.491022
37.491022
37.491022
37.491022
37.491022
37.491022
37.491022
37.491022
37.491022
37.268930
37.268930
37.268930
37.268930
37.268930
37.268930
37.268930
37.268930
37.268930
37.268930
37.268930
37.268930
37.268930
37.268930
37.268930
37.385602
37.385602
37.385602
37.385602
37.385602
37.385602
37.385602
37.385602
37.385602
37.385602
37.385602
37.385602
37.385602
37.385602
37.385602
36.931836
36.931836
36.931836
36.931836
36.931836
36.931836
36.931836
36.931836
36.931836
36.931836
36.931836
36.931836
36.931836
36.931836
36.931836
35.017327
35.017327
35.017327
35.017327
35.017327
35.017327
35.017327
35.017327
35.017327
35.017327
35.017327
35.017327
35.017327
35.017327
35.017327
35.881936
35.881936
35.881936
35.881936
35.881936
35.881936
35.881936
35.881936
35.881936
35.881936
35.881936
35.881936
35.881936
35.881936
35.881936
