70.930722
70.930722
70.930722
70.930722
70.930722
70.930722
70.930722
70.930722
70.930722
70.930722
70.930722
70.930722
70.930722
70.930722
70.930722
73.553836
73.553836
73.553836
73.553836
73.553836
73.553836
73.553836
73.553836
73.553836
73.553836
73.553836
73.553836
73.553836
73.553836
73.553836
69.956246
69.956246
69.956246
69.956246
69.956246
69.956246
69.956246
69.956246
69.956246
69.956246
69.956246
69.956246
69.956246
69.956246
69.956246
69.689190
69.689190
69.689190
69.689190
69.689190
69.689190
69.689190
69.689190
69.689190
69.689190
69.689190
69.689190
69.689190
69.689190
69.689190
71.262039
71.262039
71.262039
71.262039
71.262039
71.262039
71.262039
71.262039
71.262039
71.262039
71.262039
71.262039
71.262039
71.262039
71.262039
71.082042
71.082042
71.082042
71.082042
71.082042
71.082042
71.082042
71.082042
71.082042
71.082042
71.082042
71.082042
71.082042
71.082042
71.082042
70.563271
70.563271
70.563271
70.563271
70.563271
70.563271
70.563271
70.563271
70.563271
70.563271
70.563271
70.563271
70.563271
70.563271
70.563271
67.032313
67.032313
67.032313
67.032313
67.032313
67.032313
67.032313
67.032313
67.032313
67.032313
67.032313
67.032313
67.032313
67.032313
67.032313
70.543966
70.543966
70.543966
70.543966
70.543966
70.543966
70.543966
70.543966
70.543966
70.543966
70.543966
70.543966
70.543966
70.543966
70.543966
68.125587
68.125587
68.125587
68.125587
68.125587
68.125587
68.125587
68.125587
68.125587
68.125587
68.125587
68.125587
68.125587
68.125587
68.125587
62.810744
62.810744
62.810744
62.810744
62.810744
62.810744
62.810744
62.810744
62.810744
62.810744
62.810744
62.810744
62.810744
62.810744
62.810744
70.264502
70.264502
70.264502
70.264502
70.264502
70.264502
70.264502
70.264502
70.264502
70.264502
70.264502
70.264502
70.264502
70.264502
70.264502
70.944347
70.944347
70.944347
70.944347
70.944347
70.944347
70.944347
70.944347
70.944347
70.944347
70.944347
70.944347
70.944347
70.944347
70.944347
64.764863
64.764863
64.764863
64.764863
64.764863
64.764863
64.764863
64.764863
64.764863
64.764863
64.764863
64.764863
64.764863
64.764863
64.764863
65.562739
65.562739
65.562739
65.562739
65.562739
65.562739
65.562739
65.562739
65.562739
65.562739
65.562739
65.562739
65.562739
65.562739
65.562739
64.094183
64.094183
64.094183
64.094183
64.094183
64.094183
64.094183
64.094183
64.094183
64.094183
64.094183
64.094183
64.094183
64.094183
64.094183
57.970083
57.970083
57.970083
57.970083
57.970083
57.970083
57.970083
57.970083
57.970083
57.970083
57.970083
57.970083
57.970083
57.970083
57.970083
60.630517
60.630517
60.630517
60.630517
60.630517
60.630517
60.630517
60.630517
60.630517
60.630517
60.630517
60.630517
60.630517
60.630517
60.630517
60.001489
60.001489
60.001489
60.001489
60.001489
60.001489
60.001489
60.001489
60.001489
60.001489
60.001489
60.001489
60.001489
60.001489
60.001489
59.277207
59.277207
59.277207
59.277207
59.277207
59.277207
59.277207
59.277207
59.277207
59.277207
59.277207
59.277207
59.277207
59.277207
59.277207
59.252693
59.252693
59.252693
59.252693
59.252693
59.252693
59.252693
59.252693
59.252693
59.252693
59.252693
59.252693
59.252693
59.252693
59.252693
57.614226
57.614226
57.614226
57.614226
57.614226
57.614226
57.614226
57.614226
57.614226
57.614226
57.614226
57.614226
57.614226
57.614226
57.614226
61.469075
61.469075
61.469075
61.469075
61.469075
61.469075
61.469075
61.469075
61.469075
61.469075
61.469075
61.469075
61.469075
61.469075
61.469075
57.971285
57.971285
57.971285
57.971285
57.971285
57.971285
57.971285
57.971285
57.971285
57.971285
57.971285
57.971285
57.971285
57.971285
57.971285
58.946588
58.946588
58.946588
58.946588
58.946588
58.946588
58.946588
58.946588
58.946588
58.946588
58.946588
58.946588
58.946588
58.946588
58.946588
61.092499
61.092499
61.092499
61.092499
61.092499
61.092499
61.092499
61.092499
61.092499
61.092499
61.092499
61.092499
61.092499
61.092499
61.092499
59.537293
59.537293
59.537293
59.537293
59.537293
59.537293
59.537293
59.537293
59.537293
59.537293
59.537293
59.537293
59.537293
59.537293
59.537293
61.757531
61.757531
61.757531
61.757531
61.757531
61.757531
61.757531
61.757531
61.757531
61.757531
61.757531
61.757531
61.757531
61.757531
61.757531
60.325612
60.325612
60.325612
60.325612
60.325612
60.325612
60.325612
60.325612
60.325612
60.325612
60.325612
60.325612
60.325612
60.325612
60.325612
56.168287
56.168287
56.168287
56.168287
56.168287
56.168287
56.168287
56.168287
56.168287
56.168287
56.168287
56.168287
56.168287
56.168287
56.168287
46.726908
46.726908
46.726908
46.726908
46.726908
46.726908
46.726908
46.726908
46.726908
46.726908
46.726908
46.726908
46.726908
46.726908
46.726908
47.291710
47.291710
47.291710
47.291710
47.291710
47.291710
47.291710
47.291710
47.291710
47.291710
47.291710
47.291710
47.291710
47.291710
47.291710
50.023186
50.023186
50.023186
50.023186
50.023186
50.023186
50.023186
50.023186
50.023186
50.023186
50.023186
50.023186
50.023186
50.023186
50.023186
45.309481
45.309481
45.309481
45.309481
45.309481
45.309481
45.309481
45.309481
45.309481
45.309481
45.309481
45.309481
45.309481
45.309481
45.309481
46.374228
46.374228
46.374228
46.374228
46.374228
46.374228
46.374228
46.374228
46.374228
46.374228
46.374228
46.374228
46.374228
46.374228
46.374228
50.850092
50.850092
50.850092
50.850092
50.850092
50.850092
50.850092
50.850092
50.850092
50.850092
50.850092
50.850092
50.850092
50.850092
50.850092
50.002751
50.002751
50.002751
50.002751
50.002751
50.002751
50.002751
50.002751
50.002751
50.002751
50.002751
50.002751
50.002751
50.002751
50.002751
52.582668
52.582668
52.582668
52.582668
52.582668
52.582668
52.582668
52.582668
52.582668
52.582668
52.582668
52.582668
52.582668
52.582668
52.582668
52.159461
52.159461
52.159461
52.159461
52.159461
52.159461
52.159461
52.159461
52.159461
52.159461
52.159461
52.159461
52.159461
52.159461
52.159461
54.681799
54.681799
54.681799
54.681799
54.681799
54.681799
54.681799
54.681799
54.681799
54.681799
54.681799
54.681799
54.681799
54.681799
54.681799
53.265117
53.265117
53.265117
53.265117
53.265117
53.265117
53.265117
53.265117
53.265117
53.265117
53.265117
53.265117
53.265117
53.265117
53.265117
48.918279
48.918279
48.918279
48.918279
48.918279
48.918279
48.918279
48.918279
48.918279
48.918279
48.918279
48.918279
48.918279
48.918279
48.918279
49.506982
49.506982
49.506982
49.506982
49.506982
49.506982
49.506982
49.506982
49.506982
49.506982
49.506982
49.506982
49.506982
49.506982
49.506982
48.005406
48.005406
48.005406
48.005406
48.005406
48.005406
48.005406
48.005406
48.005406
48.005406
48.005406
48.005406
48.005406
48.005406
48.005406
39.914674
39.914674
39.914674
39.914674
39.914674
39.914674
39.914674
39.914674
39.914674
39.914674
39.914674
39.914674
39.914674
39.914674
39.914674
45.289095
45.289095
45.289095
45.289095
45.289095
45.289095
45.289095
45.289095
45.289095
45.289095
45.289095
45.289095
45.289095
45.289095
45.289095
43.884670
43.884670
43.884670
43.884670
43.884670
43.884670
43.884670
43.884670
43.884670
43.884670
43.884670
43.884670
43.884670
43.884670
43.884670
49.123702
49.123702
49.123702
49.123702
49.123702
49.123702
49.123702
49.123702
49.123702
49.123702
49.123702
49.123702
49.123702
49.123702
49.123702
53.224918
53.224918
53.224918
53.224918
53.224918
53.224918
53.224918
53.224918
53.224918
53.224918
53.224918
53.224918
53.224918
53.224918
53.224918
49.601069
49.601069
49.601069
49.601069
49.601069
49.601069
49.601069
49.601069
49.601069
49.601069
49.601069
49.601069
49.601069
49.601069
49.601069
52.524995
52.524995
52.524995
52.524995
52.524995
52.524995
52.524995
52.524995
52.524995
52.524995
52.524995
52.524995
52.524995
52.524995
52.524995
54.496255
54.496255
54.496255
54.496255
54.496255
54.496255
54.496255
54.496255
54.496255
54.496255
54.496255
54.496255
54.496255
54.496255
54.496255
60.003195
60.003195
60.003195
60.003195
60.003195
60.003195
60.003195
60.003195
60.003195
60.003195
60.003195
60.003195
60.003195
60.003195
60.003195
52.285313
52.285313
52.285313
52.285313
52.285313
52.285313
52.285313
52.285313
52.285313
52.285313
52.285313
52.285313
52.285313
52.285313
52.285313
52.293599
52.293599
52.293599
52.293599
52.293599
52.293599
52.293599
52.293599
52.293599
52.293599
52.293599
52.293599
52.293599
52.293599
52.293599
53.875736
53.875736
53.875736
53.875736
53.875736
53.875736
53.875736
53.875736
53.875736
53.875736
53.875736
53.875736
53.875736
53.875736
53.875736
52.759300
52.759300
52.759300
52.759300
52.759300
52.759300
52.759300
52.759300
52.759300
52.759300
52.759300
52.759300
52.759300
52.759300
52.759300
65.128850
65.128850
65.128850
65.128850
65.128850
65.128850
65.128850
65.128850
65.128850
65.128850
65.128850
65.128850
65.128850
65.128850
65.128850
59.608552
59.608552
59.608552
59.608552
59.608552
59.608552
59.608552
59.608552
59.608552
59.608552
59.608552
59.608552
59.608552
59.608552
59.608552
69.035255
69.035255
69.035255
69.035255
69.035255
69.035255
69.035255
69.035255
69.035255
69.035255
69.035255
69.035255
69.035255
69.035255
69.035255
70.854876
70.854876
70.854876
70.854876
70.854876
70.854876
70.854876
70.854876
70.854876
70.854876
70.854876
70.854876
70.854876
70.854876
70.854876
59.465027
59.465027
59.465027
59.465027
59.465027
59.465027
59.465027
59.465027
59.465027
59.465027
59.465027
59.465027
59.465027
59.465027
59.465027
65.545341
65.545341
65.545341
65.545341
65.545341
65.545341
65.545341
65.545341
65.545341
65.545341
65.545341
65.545341
65.545341
65.545341
65.545341
66.504495
66.504495
66.504495
66.504495
66.504495
66.504495
66.504495
66.504495
66.504495
66.504495
66.504495
66.504495
66.504495
66.504495
66.504495
68.476538
68.476538
68.476538
68.476538
68.476538
68.476538
68.476538
68.476538
68.476538
68.476538
68.476538
68.476538
68.476538
68.476538
68.476538
68.356603
68.356603
68.356603
68.356603
68.356603
68.356603
68.356603
68.356603
68.356603
68.356603
68.356603
68.356603
68.356603
68.356603
68.356603
60.753616
60.753616
60.753616
60.753616
60.753616
60.753616
60.753616
60.753616
60.753616
60.753616
60.753616
60.753616
60.753616
60.753616
60.753616
58.619509
58.619509
58.619509
58.619509
58.619509
58.619509
58.619509
58.619509
58.619509
58.619509
58.619509
58.619509
58.619509
58.619509
58.619509
58.600133
58.600133
58.600133
58.600133
58.600133
58.600133
58.600133
58.600133
58.600133
58.600133
58.600133
58.600133
58.600133
58.600133
58.600133
60.764828
60.764828
60.764828
60.764828
60.764828
60.764828
60.764828
60.764828
60.764828
60.764828
60.764828
60.764828
60.764828
60.764828
60.764828
77.206499
77.206499
77.206499
77.206499
77.206499
77.206499
77.206499
77.206499
77.206499
77.206499
77.206499
77.206499
77.206499
77.206499
77.206499
68.331729
68.331729
68.331729
68.331729
68.331729
68.331729
68.331729
68.331729
68.331729
68.331729
68.331729
68.331729
68.331729
68.331729
68.331729
59.337415
59.337415
59.337415
59.337415
59.337415
59.337415
59.337415
59.337415
59.337415
59.337415
59.337415
59.337415
59.337415
59.337415
59.337415
57.737581
57.737581
57.737581
57.737581
57.737581
57.737581
57.737581
57.737581
57.737581
57.737581
57.737581
57.737581
57.737581
57.737581
57.737581
58.808358
58.808358
58.808358
58.808358
58.808358
58.808358
58.808358
58.808358
58.808358
58.808358
58.808358
58.808358
58.808358
58.808358
58.808358
62.521000
62.521000
62.521000
62.521000
62.521000
62.521000
62.521000
62.521000
62.521000
62.521000
62.521000
62.521000
62.521000
62.521000
62.521000
57.556928
57.556928
57.556928
57.556928
57.556928
57.556928
57.556928
57.556928
57.556928
57.556928
57.556928
57.556928
57.556928
57.556928
57.556928
63.328975
63.328975
63.328975
63.328975
63.328975
63.328975
63.328975
63.328975
63.328975
63.328975
63.328975
63.328975
63.328975
63.328975
63.328975
64.579472
64.579472
64.579472
64.579472
64.579472
64.579472
64.579472
64.579472
64.579472
64.579472
64.579472
64.579472
64.579472
64.579472
64.579472
64.641561
64.641561
64.641561
64.641561
64.641561
64.641561
64.641561
64.641561
64.641561
64.641561
64.641561
64.641561
64.641561
64.641561
64.641561
63.791718
63.791718
63.791718
63.791718
63.791718
63.791718
63.791718
63.791718
63.791718
63.791718
63.791718
63.791718
63.791718
63.791718
63.791718
56.857188
56.857188
56.857188
56.857188
56.857188
56.857188
56.857188
56.857188
56.857188
56.857188
56.857188
56.857188
56.857188
56.857188
56.857188
63.780581
63.780581
63.780581
63.780581
63.780581
63.780581
63.780581
63.780581
63.780581
63.780581
63.780581
63.780581
63.780581
63.780581
63.780581
65.309061
65.309061
65.309061
65.309061
65.309061
65.309061
65.309061
65.309061
65.309061
65.309061
65.309061
65.309061
65.309061
65.309061
65.309061
67.400117
67.400117
67.400117
67.400117
67.400117
67.400117
67.400117
67.400117
67.400117
67.400117
67.400117
67.400117
67.400117
67.400117
67.400117
75.316900
75.316900
75.316900
75.316900
75.316900
75.316900
75.316900
75.316900
75.316900
75.316900
75.316900
75.316900
75.316900
75.316900
75.316900
69.253638
69.253638
69.253638
69.253638
69.253638
69.253638
69.253638
69.253638
69.253638
69.253638
69.253638
69.253638
69.253638
69.253638
69.253638
74.679204
74.679204
74.679204
74.679204
74.679204
74.679204
74.679204
74.679204
74.679204
74.679204
74.679204
74.679204
74.679204
74.679204
74.679204
78.937558
78.937558
78.937558
78.937558
78.937558
78.937558
78.937558
78.937558
78.937558
78.937558
78.937558
78.937558
78.937558
78.937558
78.937558
76.610624
76.610624
76.610624
76.610624
76.610624
76.610624
76.610624
76.610624
76.610624
76.610624
76.610624
76.610624
76.610624
76.610624
76.610624
72.690669
72.690669
72.690669
72.690669
72.690669
72.690669
72.690669
72.690669
72.690669
72.690669
72.690669
72.690669
72.690669
72.690669
72.690669
76.052142
76.052142
76.052142
76.052142
76.052142
76.052142
76.052142
76.052142
76.052142
76.052142
76.052142
76.052142
76.052142
76.052142
76.052142
79.061812
79.061812
79.061812
79.061812
79.061812
79.061812
79.061812
79.061812
79.061812
79.061812
79.061812
79.061812
79.061812
79.061812
79.061812
86.122604
86.122604
86.122604
86.122604
86.122604
86.122604
86.122604
86.122604
86.122604
86.122604
86.122604
86.122604
86.122604
86.122604
86.122604
80.414449
80.414449
80.414449
80.414449
80.414449
80.414449
80.414449
80.414449
80.414449
80.414449
80.414449
80.414449
80.414449
80.414449
80.414449
83.767005
83.767005
83.767005
83.767005
83.767005
83.767005
83.767005
83.767005
83.767005
83.767005
83.767005
83.767005
83.767005
83.767005
83.767005
