27.652384
27.652384
27.652384
27.652384
27.652384
27.652384
27.652384
27.652384
27.652384
27.652384
27.652384
27.652384
27.652384
27.652384
27.652384
25.167334
25.167334
25.167334
25.167334
25.167334
25.167334
25.167334
25.167334
25.167334
25.167334
25.167334
25.167334
25.167334
25.167334
25.167334
29.712553
29.712553
29.712553
29.712553
29.712553
29.712553
29.712553
29.712553
29.712553
29.712553
29.712553
29.712553
29.712553
29.712553
29.712553
27.489260
27.489260
27.489260
27.489260
27.489260
27.489260
27.489260
27.489260
27.489260
27.489260
27.489260
27.489260
27.489260
27.489260
27.489260
27.258585
27.258585
27.258585
27.258585
27.258585
27.258585
27.258585
27.258585
27.258585
27.258585
27.258585
27.258585
27.258585
27.258585
27.258585
24.967744
24.967744
24.967744
24.967744
24.967744
24.967744
24.967744
24.967744
24.967744
24.967744
24.967744
24.967744
24.967744
24.967744
24.967744
25.424075
25.424075
25.424075
25.424075
25.424075
25.424075
25.424075
25.424075
25.424075
25.424075
25.424075
25.424075
25.424075
25.424075
25.424075
27.490657
27.490657
27.490657
27.490657
27.490657
27.490657
27.490657
27.490657
27.490657
27.490657
27.490657
27.490657
27.490657
27.490657
27.490657
27.808918
27.808918
27.808918
27.808918
27.808918
27.808918
27.808918
27.808918
27.808918
27.808918
27.808918
27.808918
27.808918
27.808918
27.808918
29.926434
29.926434
29.926434
29.926434
29.926434
29.926434
29.926434
29.926434
29.926434
29.926434
29.926434
29.926434
29.926434
29.926434
29.926434
27.731347
27.731347
27.731347
27.731347
27.731347
27.731347
27.731347
27.731347
27.731347
27.731347
27.731347
27.731347
27.731347
27.731347
27.731347
25.292596
25.292596
25.292596
25.292596
25.292596
25.292596
25.292596
25.292596
25.292596
25.292596
25.292596
25.292596
25.292596
25.292596
25.292596
26.558314
26.558314
26.558314
26.558314
26.558314
26.558314
26.558314
26.558314
26.558314
26.558314
26.558314
26.558314
26.558314
26.558314
26.558314
25.086143
25.086143
25.086143
25.086143
25.086143
25.086143
25.086143
25.086143
25.086143
25.086143
25.086143
25.086143
25.086143
25.086143
25.086143
28.639648
28.639648
28.639648
28.639648
28.639648
28.639648
28.639648
28.639648
28.639648
28.639648
28.639648
28.639648
28.639648
28.639648
28.639648
27.628075
27.628075
27.628075
27.628075
27.628075
27.628075
27.628075
27.628075
27.628075
27.628075
27.628075
27.628075
27.628075
27.628075
27.628075
27.708526
27.708526
27.708526
27.708526
27.708526
27.708526
27.708526
27.708526
27.708526
27.708526
27.708526
27.708526
27.708526
27.708526
27.708526
28.075965
28.075965
28.075965
28.075965
28.075965
28.075965
28.075965
28.075965
28.075965
28.075965
28.075965
28.075965
28.075965
28.075965
28.075965
28.608285
28.608285
28.608285
28.608285
28.608285
28.608285
28.608285
28.608285
28.608285
28.608285
28.608285
28.608285
28.608285
28.608285
28.608285
29.893952
29.893952
29.893952
29.893952
29.893952
29.893952
29.893952
29.893952
29.893952
29.893952
29.893952
29.893952
29.893952
29.893952
29.893952
30.289239
30.289239
30.289239
30.289239
30.289239
30.289239
30.289239
30.289239
30.289239
30.289239
30.289239
30.289239
30.289239
30.289239
30.289239
29.090886
29.090886
29.090886
29.090886
29.090886
29.090886
29.090886
29.090886
29.090886
29.090886
29.090886
29.090886
29.090886
29.090886
29.090886
31.469040
31.469040
31.469040
31.469040
31.469040
31.469040
31.469040
31.469040
31.469040
31.469040
31.469040
31.469040
31.469040
31.469040
31.469040
29.292141
29.292141
29.292141
29.292141
29.292141
29.292141
29.292141
29.292141
29.292141
29.292141
29.292141
29.292141
29.292141
29.292141
29.292141
29.743183
29.743183
29.743183
29.743183
29.743183
29.743183
29.743183
29.743183
29.743183
29.743183
29.743183
29.743183
29.743183
29.743183
29.743183
30.384994
30.384994
30.384994
30.384994
30.384994
30.384994
30.384994
30.384994
30.384994
30.384994
30.384994
30.384994
30.384994
30.384994
30.384994
33.568554
33.568554
33.568554
33.568554
33.568554
33.568554
33.568554
33.568554
33.568554
33.568554
33.568554
33.568554
33.568554
33.568554
33.568554
30.272630
30.272630
30.272630
30.272630
30.272630
30.272630
30.272630
30.272630
30.272630
30.272630
30.272630
30.272630
30.272630
30.272630
30.272630
31.262383
31.262383
31.262383
31.262383
31.262383
31.262383
31.262383
31.262383
31.262383
31.262383
31.262383
31.262383
31.262383
31.262383
31.262383
32.357841
32.357841
32.357841
32.357841
32.357841
32.357841
32.357841
32.357841
32.357841
32.357841
32.357841
32.357841
32.357841
32.357841
32.357841
29.523351
29.523351
29.523351
29.523351
29.523351
29.523351
29.523351
29.523351
29.523351
29.523351
29.523351
29.523351
29.523351
29.523351
29.523351
36.660797
36.660797
36.660797
36.660797
36.660797
36.660797
36.660797
36.660797
36.660797
36.660797
36.660797
36.660797
36.660797
36.660797
36.660797
23.418374
23.418374
23.418374
23.418374
23.418374
23.418374
23.418374
23.418374
23.418374
23.418374
23.418374
23.418374
23.418374
23.418374
23.418374
25.722195
25.722195
25.722195
25.722195
25.722195
25.722195
25.722195
25.722195
25.722195
25.722195
25.722195
25.722195
25.722195
25.722195
25.722195
28.539048
28.539048
28.539048
28.539048
28.539048
28.539048
28.539048
28.539048
28.539048
28.539048
28.539048
28.539048
28.539048
28.539048
28.539048
25.016072
25.016072
25.016072
25.016072
25.016072
25.016072
25.016072
25.016072
25.016072
25.016072
25.016072
25.016072
25.016072
25.016072
25.016072
25.888007
25.888007
25.888007
25.888007
25.888007
25.888007
25.888007
25.888007
25.888007
25.888007
25.888007
25.888007
25.888007
25.888007
25.888007
24.767043
24.767043
24.767043
24.767043
24.767043
24.767043
24.767043
24.767043
24.767043
24.767043
24.767043
24.767043
24.767043
24.767043
24.767043
26.208784
26.208784
26.208784
26.208784
26.208784
26.208784
26.208784
26.208784
26.208784
26.208784
26.208784
26.208784
26.208784
26.208784
26.208784
25.824548
25.824548
25.824548
25.824548
25.824548
25.824548
25.824548
25.824548
25.824548
25.824548
25.824548
25.824548
25.824548
25.824548
25.824548
22.257771
22.257771
22.257771
22.257771
22.257771
22.257771
22.257771
22.257771
22.257771
22.257771
22.257771
22.257771
22.257771
22.257771
22.257771
23.603670
23.603670
23.603670
23.603670
23.603670
23.603670
23.603670
23.603670
23.603670
23.603670
23.603670
23.603670
23.603670
23.603670
23.603670
22.737692
22.737692
22.737692
22.737692
22.737692
22.737692
22.737692
22.737692
22.737692
22.737692
22.737692
22.737692
22.737692
22.737692
22.737692
21.661090
21.661090
21.661090
21.661090
21.661090
21.661090
21.661090
21.661090
21.661090
21.661090
21.661090
21.661090
21.661090
21.661090
21.661090
21.725668
21.725668
21.725668
21.725668
21.725668
21.725668
21.725668
21.725668
21.725668
21.725668
21.725668
21.725668
21.725668
21.725668
21.725668
26.457111
26.457111
26.457111
26.457111
26.457111
26.457111
26.457111
26.457111
26.457111
26.457111
26.457111
26.457111
26.457111
26.457111
26.457111
25.568574
25.568574
25.568574
25.568574
25.568574
25.568574
25.568574
25.568574
25.568574
25.568574
25.568574
25.568574
25.568574
25.568574
25.568574
28.208467
28.208467
28.208467
28.208467
28.208467
28.208467
28.208467
28.208467
28.208467
28.208467
28.208467
28.208467
28.208467
28.208467
28.208467
29.773992
29.773992
29.773992
29.773992
29.773992
29.773992
29.773992
29.773992
29.773992
29.773992
29.773992
29.773992
29.773992
29.773992
29.773992
30.875840
30.875840
30.875840
30.875840
30.875840
30.875840
30.875840
30.875840
30.875840
30.875840
30.875840
30.875840
30.875840
30.875840
30.875840
28.937223
28.937223
28.937223
28.937223
28.937223
28.937223
28.937223
28.937223
28.937223
28.937223
28.937223
28.937223
28.937223
28.937223
28.937223
28.206235
28.206235
28.206235
28.206235
28.206235
28.206235
28.206235
28.206235
28.206235
28.206235
28.206235
28.206235
28.206235
28.206235
28.206235
30.712062
30.712062
30.712062
30.712062
30.712062
30.712062
30.712062
30.712062
30.712062
30.712062
30.712062
30.712062
30.712062
30.712062
30.712062
30.326343
30.326343
30.326343
30.326343
30.326343
30.326343
30.326343
30.326343
30.326343
30.326343
30.326343
30.326343
30.326343
30.326343
30.326343
36.114909
36.114909
36.114909
36.114909
36.114909
36.114909
36.114909
36.114909
36.114909
36.114909
36.114909
36.114909
36.114909
36.114909
36.114909
41.904777
41.904777
41.904777
41.904777
41.904777
41.904777
41.904777
41.904777
41.904777
41.904777
41.904777
41.904777
41.904777
41.904777
41.904777
39.399963
39.399963
39.399963
39.399963
39.399963
39.399963
39.399963
39.399963
39.399963
39.399963
39.399963
39.399963
39.399963
39.399963
39.399963
41.872861
41.872861
41.872861
41.872861
41.872861
41.872861
41.872861
41.872861
41.872861
41.872861
41.872861
41.872861
41.872861
41.872861
41.872861
41.809206
41.809206
41.809206
41.809206
41.809206
41.809206
41.809206
41.809206
41.809206
41.809206
41.809206
41.809206
41.809206
41.809206
41.809206
42.593452
42.593452
42.593452
42.593452
42.593452
42.593452
42.593452
42.593452
42.593452
42.593452
42.593452
42.593452
42.593452
42.593452
42.593452
41.872593
41.872593
41.872593
41.872593
41.872593
41.872593
41.872593
41.872593
41.872593
41.872593
41.872593
41.872593
41.872593
41.872593
41.872593
39.258085
39.258085
39.258085
39.258085
39.258085
39.258085
39.258085
39.258085
39.258085
39.258085
39.258085
39.258085
39.258085
39.258085
39.258085
41.215456
41.215456
41.215456
41.215456
41.215456
41.215456
41.215456
41.215456
41.215456
41.215456
41.215456
41.215456
41.215456
41.215456
41.215456
39.465646
39.465646
39.465646
39.465646
39.465646
39.465646
39.465646
39.465646
39.465646
39.465646
39.465646
39.465646
39.465646
39.465646
39.465646
36.538195
36.538195
36.538195
36.538195
36.538195
36.538195
36.538195
36.538195
36.538195
36.538195
36.538195
36.538195
36.538195
36.538195
36.538195
42.564958
42.564958
42.564958
42.564958
42.564958
42.564958
42.564958
42.564958
42.564958
42.564958
42.564958
42.564958
42.564958
42.564958
42.564958
40.787986
40.787986
40.787986
40.787986
40.787986
40.787986
40.787986
40.787986
40.787986
40.787986
40.787986
40.787986
40.787986
40.787986
40.787986
44.210841
44.210841
44.210841
44.210841
44.210841
44.210841
44.210841
44.210841
44.210841
44.210841
44.210841
44.210841
44.210841
44.210841
44.210841
41.776456
41.776456
41.776456
41.776456
41.776456
41.776456
41.776456
41.776456
41.776456
41.776456
41.776456
41.776456
41.776456
41.776456
41.776456
37.064957
37.064957
37.064957
37.064957
37.064957
37.064957
37.064957
37.064957
37.064957
37.064957
37.064957
37.064957
37.064957
37.064957
37.064957
36.176628
36.176628
36.176628
36.176628
36.176628
36.176628
36.176628
36.176628
36.176628
36.176628
36.176628
36.176628
36.176628
36.176628
36.176628
35.287920
35.287920
35.287920
35.287920
35.287920
35.287920
35.287920
35.287920
35.287920
35.287920
35.287920
35.287920
35.287920
35.287920
35.287920
45.348535
45.348535
45.348535
45.348535
45.348535
45.348535
45.348535
45.348535
45.348535
45.348535
45.348535
45.348535
45.348535
45.348535
45.348535
36.538403
36.538403
36.538403
36.538403
36.538403
36.538403
36.538403
36.538403
36.538403
36.538403
36.538403
36.538403
36.538403
36.538403
36.538403
39.972490
39.972490
39.972490
39.972490
39.972490
39.972490
39.972490
39.972490
39.972490
39.972490
39.972490
39.972490
39.972490
39.972490
39.972490
42.959147
42.959147
42.959147
42.959147
42.959147
42.959147
42.959147
42.959147
42.959147
42.959147
42.959147
42.959147
42.959147
42.959147
42.959147
40.109625
40.109625
40.109625
40.109625
40.109625
40.109625
40.109625
40.109625
40.109625
40.109625
40.109625
40.109625
40.109625
40.109625
40.109625
40.320534
40.320534
40.320534
40.320534
40.320534
40.320534
40.320534
40.320534
40.320534
40.320534
40.320534
40.320534
40.320534
40.320534
40.320534
38.288571
38.288571
38.288571
38.288571
38.288571
38.288571
38.288571
38.288571
38.288571
38.288571
38.288571
38.288571
38.288571
38.288571
38.288571
37.950725
37.950725
37.950725
37.950725
37.950725
37.950725
37.950725
37.950725
37.950725
37.950725
37.950725
37.950725
37.950725
37.950725
37.950725
36.517245
36.517245
36.517245
36.517245
36.517245
36.517245
36.517245
36.517245
36.517245
36.517245
36.517245
36.517245
36.517245
36.517245
36.517245
37.037973
37.037973
37.037973
37.037973
37.037973
37.037973
37.037973
37.037973
37.037973
37.037973
37.037973
37.037973
37.037973
37.037973
37.037973
34.080076
34.080076
34.080076
34.080076
34.080076
34.080076
34.080076
34.080076
34.080076
34.080076
34.080076
34.080076
34.080076
34.080076
34.080076
34.437501
34.437501
34.437501
34.437501
34.437501
34.437501
34.437501
34.437501
34.437501
34.437501
34.437501
34.437501
34.437501
34.437501
34.437501
31.392010
31.392010
31.392010
31.392010
31.392010
31.392010
31.392010
31.392010
31.392010
31.392010
31.392010
31.392010
31.392010
31.392010
31.392010
32.097474
32.097474
32.097474
32.097474
32.097474
32.097474
32.097474
32.097474
32.097474
32.097474
32.097474
32.097474
32.097474
32.097474
32.097474
33.196835
33.196835
33.196835
33.196835
33.196835
33.196835
33.196835
33.196835
33.196835
33.196835
33.196835
33.196835
33.196835
33.196835
33.196835
37.117030
37.117030
37.117030
37.117030
37.117030
37.117030
37.117030
37.117030
37.117030
37.117030
37.117030
37.117030
37.117030
37.117030
37.117030
36.215873
36.215873
36.215873
36.215873
36.215873
36.215873
36.215873
36.215873
36.215873
36.215873
36.215873
36.215873
36.215873
36.215873
36.215873
38.602469
38.602469
38.602469
38.602469
38.602469
38.602469
38.602469
38.602469
38.602469
38.602469
38.602469
38.602469
38.602469
38.602469
38.602469
36.137266
36.137266
36.137266
36.137266
36.137266
36.137266
36.137266
36.137266
36.137266
36.137266
36.137266
36.137266
36.137266
36.137266
36.137266
36.565404
36.565404
36.565404
36.565404
36.565404
36.565404
36.565404
36.565404
36.565404
36.565404
36.565404
36.565404
36.565404
36.565404
36.565404
40.624423
40.624423
40.624423
40.624423
40.624423
40.624423
40.624423
40.624423
40.624423
40.624423
40.624423
40.624423
40.624423
40.624423
40.624423
40.447206
40.447206
40.447206
40.447206
40.447206
40.447206
40.447206
40.447206
40.447206
40.447206
40.447206
40.447206
40.447206
40.447206
40.447206
38.257590
38.257590
38.257590
38.257590
38.257590
38.257590
38.257590
38.257590
38.257590
38.257590
38.257590
38.257590
38.257590
38.257590
38.257590
36.609210
36.609210
36.609210
36.609210
36.609210
36.609210
36.609210
36.609210
36.609210
36.609210
36.609210
36.609210
36.609210
36.609210
36.609210
