105.035891
105.035891
105.035891
105.035891
105.035891
105.035891
105.035891
105.035891
105.035891
105.035891
105.035891
105.035891
105.035891
105.035891
105.035891
104.062034
104.062034
104.062034
104.062034
104.062034
104.062034
104.062034
104.062034
104.062034
104.062034
104.062034
104.062034
104.062034
104.062034
104.062034
104.767902
104.767902
104.767902
104.767902
104.767902
104.767902
104.767902
104.767902
104.767902
104.767902
104.767902
104.767902
104.767902
104.767902
104.767902
104.557061
104.557061
104.557061
104.557061
104.557061
104.557061
104.557061
104.557061
104.557061
104.557061
104.557061
104.557061
104.557061
104.557061
104.557061
95.474850
95.474850
95.474850
95.474850
95.474850
95.474850
95.474850
95.474850
95.474850
95.474850
95.474850
95.474850
95.474850
95.474850
95.474850
88.954637
88.954637
88.954637
88.954637
88.954637
88.954637
88.954637
88.954637
88.954637
88.954637
88.954637
88.954637
88.954637
88.954637
88.954637
88.293622
88.293622
88.293622
88.293622
88.293622
88.293622
88.293622
88.293622
88.293622
88.293622
88.293622
88.293622
88.293622
88.293622
88.293622
85.772442
85.772442
85.772442
85.772442
85.772442
85.772442
85.772442
85.772442
85.772442
85.772442
85.772442
85.772442
85.772442
85.772442
85.772442
91.221046
91.221046
91.221046
91.221046
91.221046
91.221046
91.221046
91.221046
91.221046
91.221046
91.221046
91.221046
91.221046
91.221046
91.221046
82.076360
82.076360
82.076360
82.076360
82.076360
82.076360
82.076360
82.076360
82.076360
82.076360
82.076360
82.076360
82.076360
82.076360
82.076360
85.785060
85.785060
85.785060
85.785060
85.785060
85.785060
85.785060
85.785060
85.785060
85.785060
85.785060
85.785060
85.785060
85.785060
85.785060
87.646645
87.646645
87.646645
87.646645
87.646645
87.646645
87.646645
87.646645
87.646645
87.646645
87.646645
87.646645
87.646645
87.646645
87.646645
87.105747
87.105747
87.105747
87.105747
87.105747
87.105747
87.105747
87.105747
87.105747
87.105747
87.105747
87.105747
87.105747
87.105747
87.105747
82.010881
82.010881
82.010881
82.010881
82.010881
82.010881
82.010881
82.010881
82.010881
82.010881
82.010881
82.010881
82.010881
82.010881
82.010881
83.148969
83.148969
83.148969
83.148969
83.148969
83.148969
83.148969
83.148969
83.148969
83.148969
83.148969
83.148969
83.148969
83.148969
83.148969
88.922390
88.922390
88.922390
88.922390
88.922390
88.922390
88.922390
88.922390
88.922390
88.922390
88.922390
88.922390
88.922390
88.922390
88.922390
88.458169
88.458169
88.458169
88.458169
88.458169
88.458169
88.458169
88.458169
88.458169
88.458169
88.458169
88.458169
88.458169
88.458169
88.458169
80.936204
80.936204
80.936204
80.936204
80.936204
80.936204
80.936204
80.936204
80.936204
80.936204
80.936204
80.936204
80.936204
80.936204
80.936204
80.878317
80.878317
80.878317
80.878317
80.878317
80.878317
80.878317
80.878317
80.878317
80.878317
80.878317
80.878317
80.878317
80.878317
80.878317
76.142874
76.142874
76.142874
76.142874
76.142874
76.142874
76.142874
76.142874
76.142874
76.142874
76.142874
76.142874
76.142874
76.142874
76.142874
75.904954
75.904954
75.904954
75.904954
75.904954
75.904954
75.904954
75.904954
75.904954
75.904954
75.904954
75.904954
75.904954
75.904954
75.904954
67.017154
67.017154
67.017154
67.017154
67.017154
67.017154
67.017154
67.017154
67.017154
67.017154
67.017154
67.017154
67.017154
67.017154
67.017154
71.459344
71.459344
71.459344
71.459344
71.459344
71.459344
71.459344
71.459344
71.459344
71.459344
71.459344
71.459344
71.459344
71.459344
71.459344
70.716306
70.716306
70.716306
70.716306
70.716306
70.716306
70.716306
70.716306
70.716306
70.716306
70.716306
70.716306
70.716306
70.716306
70.716306
84.163840
84.163840
84.163840
84.163840
84.163840
84.163840
84.163840
84.163840
84.163840
84.163840
84.163840
84.163840
84.163840
84.163840
84.163840
84.387643
84.387643
84.387643
84.387643
84.387643
84.387643
84.387643
84.387643
84.387643
84.387643
84.387643
84.387643
84.387643
84.387643
84.387643
87.916470
87.916470
87.916470
87.916470
87.916470
87.916470
87.916470
87.916470
87.916470
87.916470
87.916470
87.916470
87.916470
87.916470
87.916470
73.930036
73.930036
73.930036
73.930036
73.930036
73.930036
73.930036
73.930036
73.930036
73.930036
73.930036
73.930036
73.930036
73.930036
73.930036
70.537562
70.537562
70.537562
70.537562
70.537562
70.537562
70.537562
70.537562
70.537562
70.537562
70.537562
70.537562
70.537562
70.537562
70.537562
58.241690
58.241690
58.241690
58.241690
58.241690
58.241690
58.241690
58.241690
58.241690
58.241690
58.241690
58.241690
58.241690
58.241690
58.241690
60.648560
60.648560
60.648560
60.648560
60.648560
60.648560
60.648560
60.648560
60.648560
60.648560
60.648560
60.648560
60.648560
60.648560
60.648560
70.834586
70.834586
70.834586
70.834586
70.834586
70.834586
70.834586
70.834586
70.834586
70.834586
70.834586
70.834586
70.834586
70.834586
70.834586
68.127088
68.127088
68.127088
68.127088
68.127088
68.127088
68.127088
68.127088
68.127088
68.127088
68.127088
68.127088
68.127088
68.127088
68.127088
57.949907
57.949907
57.949907
57.949907
57.949907
57.949907
57.949907
57.949907
57.949907
57.949907
57.949907
57.949907
57.949907
57.949907
57.949907
62.266614
62.266614
62.266614
62.266614
62.266614
62.266614
62.266614
62.266614
62.266614
62.266614
62.266614
62.266614
62.266614
62.266614
62.266614
57.283619
57.283619
57.283619
57.283619
57.283619
57.283619
57.283619
57.283619
57.283619
57.283619
57.283619
57.283619
57.283619
57.283619
57.283619
62.907049
62.907049
62.907049
62.907049
62.907049
62.907049
62.907049
62.907049
62.907049
62.907049
62.907049
62.907049
62.907049
62.907049
62.907049
48.473440
48.473440
48.473440
48.473440
48.473440
48.473440
48.473440
48.473440
48.473440
48.473440
48.473440
48.473440
48.473440
48.473440
48.473440
61.188209
61.188209
61.188209
61.188209
61.188209
61.188209
61.188209
61.188209
61.188209
61.188209
61.188209
61.188209
61.188209
61.188209
61.188209
62.607838
62.607838
62.607838
62.607838
62.607838
62.607838
62.607838
62.607838
62.607838
62.607838
62.607838
62.607838
62.607838
62.607838
62.607838
49.711267
49.711267
49.711267
49.711267
49.711267
49.711267
49.711267
49.711267
49.711267
49.711267
49.711267
49.711267
49.711267
49.711267
49.711267
56.560442
56.560442
56.560442
56.560442
56.560442
56.560442
56.560442
56.560442
56.560442
56.560442
56.560442
56.560442
56.560442
56.560442
56.560442
56.908967
56.908967
56.908967
56.908967
56.908967
56.908967
56.908967
56.908967
56.908967
56.908967
56.908967
56.908967
56.908967
56.908967
56.908967
62.061019
62.061019
62.061019
62.061019
62.061019
62.061019
62.061019
62.061019
62.061019
62.061019
62.061019
62.061019
62.061019
62.061019
62.061019
58.829139
58.829139
58.829139
58.829139
58.829139
58.829139
58.829139
58.829139
58.829139
58.829139
58.829139
58.829139
58.829139
58.829139
58.829139
59.299308
59.299308
59.299308
59.299308
59.299308
59.299308
59.299308
59.299308
59.299308
59.299308
59.299308
59.299308
59.299308
59.299308
59.299308
63.507962
63.507962
63.507962
63.507962
63.507962
63.507962
63.507962
63.507962
63.507962
63.507962
63.507962
63.507962
63.507962
63.507962
63.507962
75.543347
75.543347
75.543347
75.543347
75.543347
75.543347
75.543347
75.543347
75.543347
75.543347
75.543347
75.543347
75.543347
75.543347
75.543347
80.231359
80.231359
80.231359
80.231359
80.231359
80.231359
80.231359
80.231359
80.231359
80.231359
80.231359
80.231359
80.231359
80.231359
80.231359
73.663850
73.663850
73.663850
73.663850
73.663850
73.663850
73.663850
73.663850
73.663850
73.663850
73.663850
73.663850
73.663850
73.663850
73.663850
70.078551
70.078551
70.078551
70.078551
70.078551
70.078551
70.078551
70.078551
70.078551
70.078551
70.078551
70.078551
70.078551
70.078551
70.078551
70.829402
70.829402
70.829402
70.829402
70.829402
70.829402
70.829402
70.829402
70.829402
70.829402
70.829402
70.829402
70.829402
70.829402
70.829402
72.574550
72.574550
72.574550
72.574550
72.574550
72.574550
72.574550
72.574550
72.574550
72.574550
72.574550
72.574550
72.574550
72.574550
72.574550
76.511693
76.511693
76.511693
76.511693
76.511693
76.511693
76.511693
76.511693
76.511693
76.511693
76.511693
76.511693
76.511693
76.511693
76.511693
70.988899
70.988899
70.988899
70.988899
70.988899
70.988899
70.988899
70.988899
70.988899
70.988899
70.988899
70.988899
70.988899
70.988899
70.988899
74.883903
74.883903
74.883903
74.883903
74.883903
74.883903
74.883903
74.883903
74.883903
74.883903
74.883903
74.883903
74.883903
74.883903
74.883903
68.955175
68.955175
68.955175
68.955175
68.955175
68.955175
68.955175
68.955175
68.955175
68.955175
68.955175
68.955175
68.955175
68.955175
68.955175
88.882096
88.882096
88.882096
88.882096
88.882096
88.882096
88.882096
88.882096
88.882096
88.882096
88.882096
88.882096
88.882096
88.882096
88.882096
75.381990
75.381990
75.381990
75.381990
75.381990
75.381990
75.381990
75.381990
75.381990
75.381990
75.381990
75.381990
75.381990
75.381990
75.381990
80.592264
80.592264
80.592264
80.592264
80.592264
80.592264
80.592264
80.592264
80.592264
80.592264
80.592264
80.592264
80.592264
80.592264
80.592264
80.376948
80.376948
80.376948
80.376948
80.376948
80.376948
80.376948
80.376948
80.376948
80.376948
80.376948
80.376948
80.376948
80.376948
80.376948
76.386993
76.386993
76.386993
76.386993
76.386993
76.386993
76.386993
76.386993
76.386993
76.386993
76.386993
76.386993
76.386993
76.386993
76.386993
78.895049
78.895049
78.895049
78.895049
78.895049
78.895049
78.895049
78.895049
78.895049
78.895049
78.895049
78.895049
78.895049
78.895049
78.895049
73.259552
73.259552
73.259552
73.259552
73.259552
73.259552
73.259552
73.259552
73.259552
73.259552
73.259552
73.259552
73.259552
73.259552
73.259552
75.471272
75.471272
75.471272
75.471272
75.471272
75.471272
75.471272
75.471272
75.471272
75.471272
75.471272
75.471272
75.471272
75.471272
75.471272
82.509241
82.509241
82.509241
82.509241
82.509241
82.509241
82.509241
82.509241
82.509241
82.509241
82.509241
82.509241
82.509241
82.509241
82.509241
95.146209
95.146209
95.146209
95.146209
95.146209
95.146209
95.146209
95.146209
95.146209
95.146209
95.146209
95.146209
95.146209
95.146209
95.146209
76.167213
76.167213
76.167213
76.167213
76.167213
76.167213
76.167213
76.167213
76.167213
76.167213
76.167213
76.167213
76.167213
76.167213
76.167213
80.628694
80.628694
80.628694
80.628694
80.628694
80.628694
80.628694
80.628694
80.628694
80.628694
80.628694
80.628694
80.628694
80.628694
80.628694
81.887271
81.887271
81.887271
81.887271
81.887271
81.887271
81.887271
81.887271
81.887271
81.887271
81.887271
81.887271
81.887271
81.887271
81.887271
85.607269
85.607269
85.607269
85.607269
85.607269
85.607269
85.607269
85.607269
85.607269
85.607269
85.607269
85.607269
85.607269
85.607269
85.607269
101.864310
101.864310
101.864310
101.864310
101.864310
101.864310
101.864310
101.864310
101.864310
101.864310
101.864310
101.864310
101.864310
101.864310
101.864310
74.334438
74.334438
74.334438
74.334438
74.334438
74.334438
74.334438
74.334438
74.334438
74.334438
74.334438
74.334438
74.334438
74.334438
74.334438
82.466267
82.466267
82.466267
82.466267
82.466267
82.466267
82.466267
82.466267
82.466267
82.466267
82.466267
82.466267
82.466267
82.466267
82.466267
82.293817
82.293817
82.293817
82.293817
82.293817
82.293817
82.293817
82.293817
82.293817
82.293817
82.293817
82.293817
82.293817
82.293817
82.293817
84.080815
84.080815
84.080815
84.080815
84.080815
84.080815
84.080815
84.080815
84.080815
84.080815
84.080815
84.080815
84.080815
84.080815
84.080815
79.774232
79.774232
79.774232
79.774232
79.774232
79.774232
79.774232
79.774232
79.774232
79.774232
79.774232
79.774232
79.774232
79.774232
79.774232
87.342975
87.342975
87.342975
87.342975
87.342975
87.342975
87.342975
87.342975
87.342975
87.342975
87.342975
87.342975
87.342975
87.342975
87.342975
90.283644
90.283644
90.283644
90.283644
90.283644
90.283644
90.283644
90.283644
90.283644
90.283644
90.283644
90.283644
90.283644
90.283644
90.283644
96.727772
96.727772
96.727772
96.727772
96.727772
96.727772
96.727772
96.727772
96.727772
96.727772
96.727772
96.727772
96.727772
96.727772
96.727772
102.883273
102.883273
102.883273
102.883273
102.883273
102.883273
102.883273
102.883273
102.883273
102.883273
102.883273
102.883273
102.883273
102.883273
102.883273
94.608866
94.608866
94.608866
94.608866
94.608866
94.608866
94.608866
94.608866
94.608866
94.608866
94.608866
94.608866
94.608866
94.608866
94.608866
87.095281
87.095281
87.095281
87.095281
87.095281
87.095281
87.095281
87.095281
87.095281
87.095281
87.095281
87.095281
87.095281
87.095281
87.095281
91.794903
91.794903
91.794903
91.794903
91.794903
91.794903
91.794903
91.794903
91.794903
91.794903
91.794903
91.794903
91.794903
91.794903
91.794903
98.864429
98.864429
98.864429
98.864429
98.864429
98.864429
98.864429
98.864429
98.864429
98.864429
98.864429
98.864429
98.864429
98.864429
98.864429
93.406757
93.406757
93.406757
93.406757
93.406757
93.406757
93.406757
93.406757
93.406757
93.406757
93.406757
93.406757
93.406757
93.406757
93.406757
89.953497
89.953497
89.953497
89.953497
89.953497
89.953497
89.953497
89.953497
89.953497
89.953497
89.953497
89.953497
89.953497
89.953497
89.953497
90.276120
90.276120
90.276120
90.276120
90.276120
90.276120
90.276120
90.276120
90.276120
90.276120
90.276120
90.276120
90.276120
90.276120
90.276120
99.507287
99.507287
99.507287
99.507287
99.507287
99.507287
99.507287
99.507287
99.507287
99.507287
99.507287
99.507287
99.507287
99.507287
99.507287
101.256292
101.256292
101.256292
101.256292
101.256292
101.256292
101.256292
101.256292
101.256292
101.256292
101.256292
101.256292
101.256292
101.256292
101.256292
102.626650
102.626650
102.626650
102.626650
102.626650
102.626650
102.626650
102.626650
102.626650
102.626650
102.626650
102.626650
102.626650
102.626650
102.626650
91.755031
91.755031
91.755031
91.755031
91.755031
91.755031
91.755031
91.755031
91.755031
91.755031
91.755031
91.755031
91.755031
91.755031
91.755031
94.008880
94.008880
94.008880
94.008880
94.008880
94.008880
94.008880
94.008880
94.008880
94.008880
94.008880
94.008880
94.008880
94.008880
94.008880
94.293112
94.293112
94.293112
94.293112
94.293112
94.293112
94.293112
94.293112
94.293112
94.293112
94.293112
94.293112
94.293112
94.293112
94.293112
104.193099
104.193099
104.193099
104.193099
104.193099
104.193099
104.193099
104.193099
104.193099
104.193099
104.193099
104.193099
104.193099
104.193099
104.193099
99.275333
99.275333
99.275333
99.275333
99.275333
99.275333
99.275333
99.275333
99.275333
99.275333
99.275333
99.275333
99.275333
99.275333
99.275333
