101.135337
101.135337
101.135337
101.135337
101.135337
101.135337
101.135337
101.135337
101.135337
101.135337
101.135337
101.135337
101.135337
101.135337
101.135337
98.974611
98.974611
98.974611
98.974611
98.974611
98.974611
98.974611
98.974611
98.974611
98.974611
98.974611
98.974611
98.974611
98.974611
98.974611
93.582913
93.582913
93.582913
93.582913
93.582913
93.582913
93.582913
93.582913
93.582913
93.582913
93.582913
93.582913
93.582913
93.582913
93.582913
91.601900
91.601900
91.601900
91.601900
91.601900
91.601900
91.601900
91.601900
91.601900
91.601900
91.601900
91.601900
91.601900
91.601900
91.601900
84.084199
84.084199
84.084199
84.084199
84.084199
84.084199
84.084199
84.084199
84.084199
84.084199
84.084199
84.084199
84.084199
84.084199
84.084199
84.964890
84.964890
84.964890
84.964890
84.964890
84.964890
84.964890
84.964890
84.964890
84.964890
84.964890
84.964890
84.964890
84.964890
84.964890
90.394907
90.394907
90.394907
90.394907
90.394907
90.394907
90.394907
90.394907
90.394907
90.394907
90.394907
90.394907
90.394907
90.394907
90.394907
85.332148
85.332148
85.332148
85.332148
85.332148
85.332148
85.332148
85.332148
85.332148
85.332148
85.332148
85.332148
85.332148
85.332148
85.332148
90.806312
90.806312
90.806312
90.806312
90.806312
90.806312
90.806312
90.806312
90.806312
90.806312
90.806312
90.806312
90.806312
90.806312
90.806312
87.287990
87.287990
87.287990
87.287990
87.287990
87.287990
87.287990
87.287990
87.287990
87.287990
87.287990
87.287990
87.287990
87.287990
87.287990
93.212734
93.212734
93.212734
93.212734
93.212734
93.212734
93.212734
93.212734
93.212734
93.212734
93.212734
93.212734
93.212734
93.212734
93.212734
86.045297
86.045297
86.045297
86.045297
86.045297
86.045297
86.045297
86.045297
86.045297
86.045297
86.045297
86.045297
86.045297
86.045297
86.045297
92.154837
92.154837
92.154837
92.154837
92.154837
92.154837
92.154837
92.154837
92.154837
92.154837
92.154837
92.154837
92.154837
92.154837
92.154837
85.126826
85.126826
85.126826
85.126826
85.126826
85.126826
85.126826
85.126826
85.126826
85.126826
85.126826
85.126826
85.126826
85.126826
85.126826
79.323031
79.323031
79.323031
79.323031
79.323031
79.323031
79.323031
79.323031
79.323031
79.323031
79.323031
79.323031
79.323031
79.323031
79.323031
83.607447
83.607447
83.607447
83.607447
83.607447
83.607447
83.607447
83.607447
83.607447
83.607447
83.607447
83.607447
83.607447
83.607447
83.607447
78.585713
78.585713
78.585713
78.585713
78.585713
78.585713
78.585713
78.585713
78.585713
78.585713
78.585713
78.585713
78.585713
78.585713
78.585713
79.624063
79.624063
79.624063
79.624063
79.624063
79.624063
79.624063
79.624063
79.624063
79.624063
79.624063
79.624063
79.624063
79.624063
79.624063
78.246569
78.246569
78.246569
78.246569
78.246569
78.246569
78.246569
78.246569
78.246569
78.246569
78.246569
78.246569
78.246569
78.246569
78.246569
81.239014
81.239014
81.239014
81.239014
81.239014
81.239014
81.239014
81.239014
81.239014
81.239014
81.239014
81.239014
81.239014
81.239014
81.239014
77.175873
77.175873
77.175873
77.175873
77.175873
77.175873
77.175873
77.175873
77.175873
77.175873
77.175873
77.175873
77.175873
77.175873
77.175873
75.132959
75.132959
75.132959
75.132959
75.132959
75.132959
75.132959
75.132959
75.132959
75.132959
75.132959
75.132959
75.132959
75.132959
75.132959
77.686832
77.686832
77.686832
77.686832
77.686832
77.686832
77.686832
77.686832
77.686832
77.686832
77.686832
77.686832
77.686832
77.686832
77.686832
85.212270
85.212270
85.212270
85.212270
85.212270
85.212270
85.212270
85.212270
85.212270
85.212270
85.212270
85.212270
85.212270
85.212270
85.212270
78.897198
78.897198
78.897198
78.897198
78.897198
78.897198
78.897198
78.897198
78.897198
78.897198
78.897198
78.897198
78.897198
78.897198
78.897198
69.379227
69.379227
69.379227
69.379227
69.379227
69.379227
69.379227
69.379227
69.379227
69.379227
69.379227
69.379227
69.379227
69.379227
69.379227
65.514998
65.514998
65.514998
65.514998
65.514998
65.514998
65.514998
65.514998
65.514998
65.514998
65.514998
65.514998
65.514998
65.514998
65.514998
72.897324
72.897324
72.897324
72.897324
72.897324
72.897324
72.897324
72.897324
72.897324
72.897324
72.897324
72.897324
72.897324
72.897324
72.897324
75.807987
75.807987
75.807987
75.807987
75.807987
75.807987
75.807987
75.807987
75.807987
75.807987
75.807987
75.807987
75.807987
75.807987
75.807987
68.202829
68.202829
68.202829
68.202829
68.202829
68.202829
68.202829
68.202829
68.202829
68.202829
68.202829
68.202829
68.202829
68.202829
68.202829
68.370188
68.370188
68.370188
68.370188
68.370188
68.370188
68.370188
68.370188
68.370188
68.370188
68.370188
68.370188
68.370188
68.370188
68.370188
70.981604
70.981604
70.981604
70.981604
70.981604
70.981604
70.981604
70.981604
70.981604
70.981604
70.981604
70.981604
70.981604
70.981604
70.981604
69.486899
69.486899
69.486899
69.486899
69.486899
69.486899
69.486899
69.486899
69.486899
69.486899
69.486899
69.486899
69.486899
69.486899
69.486899
66.520329
66.520329
66.520329
66.520329
66.520329
66.520329
66.520329
66.520329
66.520329
66.520329
66.520329
66.520329
66.520329
66.520329
66.520329
70.538901
70.538901
70.538901
70.538901
70.538901
70.538901
70.538901
70.538901
70.538901
70.538901
70.538901
70.538901
70.538901
70.538901
70.538901
71.533692
71.533692
71.533692
71.533692
71.533692
71.533692
71.533692
71.533692
71.533692
71.533692
71.533692
71.533692
71.533692
71.533692
71.533692
70.925824
70.925824
70.925824
70.925824
70.925824
70.925824
70.925824
70.925824
70.925824
70.925824
70.925824
70.925824
70.925824
70.925824
70.925824
63.758652
63.758652
63.758652
63.758652
63.758652
63.758652
63.758652
63.758652
63.758652
63.758652
63.758652
63.758652
63.758652
63.758652
63.758652
62.758540
62.758540
62.758540
62.758540
62.758540
62.758540
62.758540
62.758540
62.758540
62.758540
62.758540
62.758540
62.758540
62.758540
62.758540
76.908676
76.908676
76.908676
76.908676
76.908676
76.908676
76.908676
76.908676
76.908676
76.908676
76.908676
76.908676
76.908676
76.908676
76.908676
67.520479
67.520479
67.520479
67.520479
67.520479
67.520479
67.520479
67.520479
67.520479
67.520479
67.520479
67.520479
67.520479
67.520479
67.520479
70.777196
70.777196
70.777196
70.777196
70.777196
70.777196
70.777196
70.777196
70.777196
70.777196
70.777196
70.777196
70.777196
70.777196
70.777196
74.061283
74.061283
74.061283
74.061283
74.061283
74.061283
74.061283
74.061283
74.061283
74.061283
74.061283
74.061283
74.061283
74.061283
74.061283
77.250026
77.250026
77.250026
77.250026
77.250026
77.250026
77.250026
77.250026
77.250026
77.250026
77.250026
77.250026
77.250026
77.250026
77.250026
83.972358
83.972358
83.972358
83.972358
83.972358
83.972358
83.972358
83.972358
83.972358
83.972358
83.972358
83.972358
83.972358
83.972358
83.972358
74.233734
74.233734
74.233734
74.233734
74.233734
74.233734
74.233734
74.233734
74.233734
74.233734
74.233734
74.233734
74.233734
74.233734
74.233734
87.136462
87.136462
87.136462
87.136462
87.136462
87.136462
87.136462
87.136462
87.136462
87.136462
87.136462
87.136462
87.136462
87.136462
87.136462
87.566403
87.566403
87.566403
87.566403
87.566403
87.566403
87.566403
87.566403
87.566403
87.566403
87.566403
87.566403
87.566403
87.566403
87.566403
75.720451
75.720451
75.720451
75.720451
75.720451
75.720451
75.720451
75.720451
75.720451
75.720451
75.720451
75.720451
75.720451
75.720451
75.720451
79.924667
79.924667
79.924667
79.924667
79.924667
79.924667
79.924667
79.924667
79.924667
79.924667
79.924667
79.924667
79.924667
79.924667
79.924667
82.307308
82.307308
82.307308
82.307308
82.307308
82.307308
82.307308
82.307308
82.307308
82.307308
82.307308
82.307308
82.307308
82.307308
82.307308
81.229523
81.229523
81.229523
81.229523
81.229523
81.229523
81.229523
81.229523
81.229523
81.229523
81.229523
81.229523
81.229523
81.229523
81.229523
77.976417
77.976417
77.976417
77.976417
77.976417
77.976417
77.976417
77.976417
77.976417
77.976417
77.976417
77.976417
77.976417
77.976417
77.976417
77.643590
77.643590
77.643590
77.643590
77.643590
77.643590
77.643590
77.643590
77.643590
77.643590
77.643590
77.643590
77.643590
77.643590
77.643590
80.169479
80.169479
80.169479
80.169479
80.169479
80.169479
80.169479
80.169479
80.169479
80.169479
80.169479
80.169479
80.169479
80.169479
80.169479
69.704520
69.704520
69.704520
69.704520
69.704520
69.704520
69.704520
69.704520
69.704520
69.704520
69.704520
69.704520
69.704520
69.704520
69.704520
74.593894
74.593894
74.593894
74.593894
74.593894
74.593894
74.593894
74.593894
74.593894
74.593894
74.593894
74.593894
74.593894
74.593894
74.593894
76.307318
76.307318
76.307318
76.307318
76.307318
76.307318
76.307318
76.307318
76.307318
76.307318
76.307318
76.307318
76.307318
76.307318
76.307318
73.124960
73.124960
73.124960
73.124960
73.124960
73.124960
73.124960
73.124960
73.124960
73.124960
73.124960
73.124960
73.124960
73.124960
73.124960
82.330375
82.330375
82.330375
82.330375
82.330375
82.330375
82.330375
82.330375
82.330375
82.330375
82.330375
82.330375
82.330375
82.330375
82.330375
78.013287
78.013287
78.013287
78.013287
78.013287
78.013287
78.013287
78.013287
78.013287
78.013287
78.013287
78.013287
78.013287
78.013287
78.013287
77.921535
77.921535
77.921535
77.921535
77.921535
77.921535
77.921535
77.921535
77.921535
77.921535
77.921535
77.921535
77.921535
77.921535
77.921535
76.260655
76.260655
76.260655
76.260655
76.260655
76.260655
76.260655
76.260655
76.260655
76.260655
76.260655
76.260655
76.260655
76.260655
76.260655
77.238083
77.238083
77.238083
77.238083
77.238083
77.238083
77.238083
77.238083
77.238083
77.238083
77.238083
77.238083
77.238083
77.238083
77.238083
84.311091
84.311091
84.311091
84.311091
84.311091
84.311091
84.311091
84.311091
84.311091
84.311091
84.311091
84.311091
84.311091
84.311091
84.311091
87.860489
87.860489
87.860489
87.860489
87.860489
87.860489
87.860489
87.860489
87.860489
87.860489
87.860489
87.860489
87.860489
87.860489
87.860489
84.982849
84.982849
84.982849
84.982849
84.982849
84.982849
84.982849
84.982849
84.982849
84.982849
84.982849
84.982849
84.982849
84.982849
84.982849
83.423332
83.423332
83.423332
83.423332
83.423332
83.423332
83.423332
83.423332
83.423332
83.423332
83.423332
83.423332
83.423332
83.423332
83.423332
88.348227
88.348227
88.348227
88.348227
88.348227
88.348227
88.348227
88.348227
88.348227
88.348227
88.348227
88.348227
88.348227
88.348227
88.348227
90.930042
90.930042
90.930042
90.930042
90.930042
90.930042
90.930042
90.930042
90.930042
90.930042
90.930042
90.930042
90.930042
90.930042
90.930042
89.593363
89.593363
89.593363
89.593363
89.593363
89.593363
89.593363
89.593363
89.593363
89.593363
89.593363
89.593363
89.593363
89.593363
89.593363
91.812467
91.812467
91.812467
91.812467
91.812467
91.812467
91.812467
91.812467
91.812467
91.812467
91.812467
91.812467
91.812467
91.812467
91.812467
87.411438
87.411438
87.411438
87.411438
87.411438
87.411438
87.411438
87.411438
87.411438
87.411438
87.411438
87.411438
87.411438
87.411438
87.411438
107.947976
107.947976
107.947976
107.947976
107.947976
107.947976
107.947976
107.947976
107.947976
107.947976
107.947976
107.947976
107.947976
107.947976
107.947976
103.543718
103.543718
103.543718
103.543718
103.543718
103.543718
103.543718
103.543718
103.543718
103.543718
103.543718
103.543718
103.543718
103.543718
103.543718
122.381499
122.381499
122.381499
122.381499
122.381499
122.381499
122.381499
122.381499
122.381499
122.381499
122.381499
122.381499
122.381499
122.381499
122.381499
113.383252
113.383252
113.383252
113.383252
113.383252
113.383252
113.383252
113.383252
113.383252
113.383252
113.383252
113.383252
113.383252
113.383252
113.383252
113.579945
113.579945
113.579945
113.579945
113.579945
113.579945
113.579945
113.579945
113.579945
113.579945
113.579945
113.579945
113.579945
113.579945
113.579945
125.890954
125.890954
125.890954
125.890954
125.890954
125.890954
125.890954
125.890954
125.890954
125.890954
125.890954
125.890954
125.890954
125.890954
125.890954
124.687889
124.687889
124.687889
124.687889
124.687889
124.687889
124.687889
124.687889
124.687889
124.687889
124.687889
124.687889
124.687889
124.687889
124.687889
123.997681
123.997681
123.997681
123.997681
123.997681
123.997681
123.997681
123.997681
123.997681
123.997681
123.997681
123.997681
123.997681
123.997681
123.997681
120.812245
120.812245
120.812245
120.812245
120.812245
120.812245
120.812245
120.812245
120.812245
120.812245
120.812245
120.812245
120.812245
120.812245
120.812245
119.639109
119.639109
119.639109
119.639109
119.639109
119.639109
119.639109
119.639109
119.639109
119.639109
119.639109
119.639109
119.639109
119.639109
119.639109
120.674707
120.674707
120.674707
120.674707
120.674707
120.674707
120.674707
120.674707
120.674707
120.674707
120.674707
120.674707
120.674707
120.674707
120.674707
122.240961
122.240961
122.240961
122.240961
122.240961
122.240961
122.240961
122.240961
122.240961
122.240961
122.240961
122.240961
122.240961
122.240961
122.240961
108.004514
108.004514
108.004514
108.004514
108.004514
108.004514
108.004514
108.004514
108.004514
108.004514
108.004514
108.004514
108.004514
108.004514
108.004514
120.046704
120.046704
120.046704
120.046704
120.046704
120.046704
120.046704
120.046704
120.046704
120.046704
120.046704
120.046704
120.046704
120.046704
120.046704
125.808092
125.808092
125.808092
125.808092
125.808092
125.808092
125.808092
125.808092
125.808092
125.808092
125.808092
125.808092
125.808092
125.808092
125.808092
108.644471
108.644471
108.644471
108.644471
108.644471
108.644471
108.644471
108.644471
108.644471
108.644471
108.644471
108.644471
108.644471
108.644471
108.644471
119.148990
119.148990
119.148990
119.148990
119.148990
119.148990
119.148990
119.148990
119.148990
119.148990
119.148990
119.148990
119.148990
119.148990
119.148990
111.923802
111.923802
111.923802
111.923802
111.923802
111.923802
111.923802
111.923802
111.923802
111.923802
111.923802
111.923802
111.923802
111.923802
111.923802
119.967201
119.967201
119.967201
119.967201
119.967201
119.967201
119.967201
119.967201
119.967201
119.967201
119.967201
119.967201
119.967201
119.967201
119.967201
121.778913
121.778913
121.778913
121.778913
121.778913
121.778913
121.778913
121.778913
121.778913
121.778913
121.778913
121.778913
121.778913
121.778913
121.778913
114.708582
114.708582
114.708582
114.708582
114.708582
114.708582
114.708582
114.708582
114.708582
114.708582
114.708582
114.708582
114.708582
114.708582
114.708582
109.876275
109.876275
109.876275
109.876275
109.876275
109.876275
109.876275
109.876275
109.876275
109.876275
109.876275
109.876275
109.876275
109.876275
109.876275
111.929993
111.929993
111.929993
111.929993
111.929993
111.929993
111.929993
111.929993
111.929993
111.929993
111.929993
111.929993
111.929993
111.929993
111.929993
