8.621767
8.621767
8.621767
8.621767
8.621767
8.621767
8.621767
8.621767
8.621767
8.621767
8.621767
8.621767
8.621767
8.621767
8.621767
8.683598
8.683598
8.683598
8.683598
8.683598
8.683598
8.683598
8.683598
8.683598
8.683598
8.683598
8.683598
8.683598
8.683598
8.683598
7.356739
7.356739
7.356739
7.356739
7.356739
7.356739
7.356739
7.356739
7.356739
7.356739
7.356739
7.356739
7.356739
7.356739
7.356739
6.474593
6.474593
6.474593
6.474593
6.474593
6.474593
6.474593
6.474593
6.474593
6.474593
6.474593
6.474593
6.474593
6.474593
6.474593
6.584122
6.584122
6.584122
6.584122
6.584122
6.584122
6.584122
6.584122
6.584122
6.584122
6.584122
6.584122
6.584122
6.584122
6.584122
5.982732
5.982732
5.982732
5.982732
5.982732
5.982732
5.982732
5.982732
5.982732
5.982732
5.982732
5.982732
5.982732
5.982732
5.982732
6.497492
6.497492
6.497492
6.497492
6.497492
6.497492
6.497492
6.497492
6.497492
6.497492
6.497492
6.497492
6.497492
6.497492
6.497492
6.086106
6.086106
6.086106
6.086106
6.086106
6.086106
6.086106
6.086106
6.086106
6.086106
6.086106
6.086106
6.086106
6.086106
6.086106
6.365444
6.365444
6.365444
6.365444
6.365444
6.365444
6.365444
6.365444
6.365444
6.365444
6.365444
6.365444
6.365444
6.365444
6.365444
5.915228
5.915228
5.915228
5.915228
5.915228
5.915228
5.915228
5.915228
5.915228
5.915228
5.915228
5.915228
5.915228
5.915228
5.915228
6.630793
6.630793
6.630793
6.630793
6.630793
6.630793
6.630793
6.630793
6.630793
6.630793
6.630793
6.630793
6.630793
6.630793
6.630793
6.003033
6.003033
6.003033
6.003033
6.003033
6.003033
6.003033
6.003033
6.003033
6.003033
6.003033
6.003033
6.003033
6.003033
6.003033
6.048513
6.048513
6.048513
6.048513
6.048513
6.048513
6.048513
6.048513
6.048513
6.048513
6.048513
6.048513
6.048513
6.048513
6.048513
5.815210
5.815210
5.815210
5.815210
5.815210
5.815210
5.815210
5.815210
5.815210
5.815210
5.815210
5.815210
5.815210
5.815210
5.815210
5.587247
5.587247
5.587247
5.587247
5.587247
5.587247
5.587247
5.587247
5.587247
5.587247
5.587247
5.587247
5.587247
5.587247
5.587247
5.628954
5.628954
5.628954
5.628954
5.628954
5.628954
5.628954
5.628954
5.628954
5.628954
5.628954
5.628954
5.628954
5.628954
5.628954
5.861970
5.861970
5.861970
5.861970
5.861970
5.861970
5.861970
5.861970
5.861970
5.861970
5.861970
5.861970
5.861970
5.861970
5.861970
5.625627
5.625627
5.625627
5.625627
5.625627
5.625627
5.625627
5.625627
5.625627
5.625627
5.625627
5.625627
5.625627
5.625627
5.625627
5.493034
5.493034
5.493034
5.493034
5.493034
5.493034
5.493034
5.493034
5.493034
5.493034
5.493034
5.493034
5.493034
5.493034
5.493034
5.155771
5.155771
5.155771
5.155771
5.155771
5.155771
5.155771
5.155771
5.155771
5.155771
5.155771
5.155771
5.155771
5.155771
5.155771
5.030920
5.030920
5.030920
5.030920
5.030920
5.030920
5.030920
5.030920
5.030920
5.030920
5.030920
5.030920
5.030920
5.030920
5.030920
4.802538
4.802538
4.802538
4.802538
4.802538
4.802538
4.802538
4.802538
4.802538
4.802538
4.802538
4.802538
4.802538
4.802538
4.802538
4.937871
4.937871
4.937871
4.937871
4.937871
4.937871
4.937871
4.937871
4.937871
4.937871
4.937871
4.937871
4.937871
4.937871
4.937871
5.274872
5.274872
5.274872
5.274872
5.274872
5.274872
5.274872
5.274872
5.274872
5.274872
5.274872
5.274872
5.274872
5.274872
5.274872
5.612633
5.612633
5.612633
5.612633
5.612633
5.612633
5.612633
5.612633
5.612633
5.612633
5.612633
5.612633
5.612633
5.612633
5.612633
4.877723
4.877723
4.877723
4.877723
4.877723
4.877723
4.877723
4.877723
4.877723
4.877723
4.877723
4.877723
4.877723
4.877723
4.877723
4.296085
4.296085
4.296085
4.296085
4.296085
4.296085
4.296085
4.296085
4.296085
4.296085
4.296085
4.296085
4.296085
4.296085
4.296085
4.245434
4.245434
4.245434
4.245434
4.245434
4.245434
4.245434
4.245434
4.245434
4.245434
4.245434
4.245434
4.245434
4.245434
4.245434
4.943313
4.943313
4.943313
4.943313
4.943313
4.943313
4.943313
4.943313
4.943313
4.943313
4.943313
4.943313
4.943313
4.943313
4.943313
5.331841
5.331841
5.331841
5.331841
5.331841
5.331841
5.331841
5.331841
5.331841
5.331841
5.331841
5.331841
5.331841
5.331841
5.331841
6.978229
6.978229
6.978229
6.978229
6.978229
6.978229
6.978229
6.978229
6.978229
6.978229
6.978229
6.978229
6.978229
6.978229
6.978229
8.139054
8.139054
8.139054
8.139054
8.139054
8.139054
8.139054
8.139054
8.139054
8.139054
8.139054
8.139054
8.139054
8.139054
8.139054
10.229320
10.229320
10.229320
10.229320
10.229320
10.229320
10.229320
10.229320
10.229320
10.229320
10.229320
10.229320
10.229320
10.229320
10.229320
12.616882
12.616882
12.616882
12.616882
12.616882
12.616882
12.616882
12.616882
12.616882
12.616882
12.616882
12.616882
12.616882
12.616882
12.616882
12.939696
12.939696
12.939696
12.939696
12.939696
12.939696
12.939696
12.939696
12.939696
12.939696
12.939696
12.939696
12.939696
12.939696
12.939696
13.674278
13.674278
13.674278
13.674278
13.674278
13.674278
13.674278
13.674278
13.674278
13.674278
13.674278
13.674278
13.674278
13.674278
13.674278
14.989697
14.989697
14.989697
14.989697
14.989697
14.989697
14.989697
14.989697
14.989697
14.989697
14.989697
14.989697
14.989697
14.989697
14.989697
16.911813
16.911813
16.911813
16.911813
16.911813
16.911813
16.911813
16.911813
16.911813
16.911813
16.911813
16.911813
16.911813
16.911813
16.911813
17.021196
17.021196
17.021196
17.021196
17.021196
17.021196
17.021196
17.021196
17.021196
17.021196
17.021196
17.021196
17.021196
17.021196
17.021196
16.859862
16.859862
16.859862
16.859862
16.859862
16.859862
16.859862
16.859862
16.859862
16.859862
16.859862
16.859862
16.859862
16.859862
16.859862
17.477202
17.477202
17.477202
17.477202
17.477202
17.477202
17.477202
17.477202
17.477202
17.477202
17.477202
17.477202
17.477202
17.477202
17.477202
22.656367
22.656367
22.656367
22.656367
22.656367
22.656367
22.656367
22.656367
22.656367
22.656367
22.656367
22.656367
22.656367
22.656367
22.656367
22.155851
22.155851
22.155851
22.155851
22.155851
22.155851
22.155851
22.155851
22.155851
22.155851
22.155851
22.155851
22.155851
22.155851
22.155851
23.688061
23.688061
23.688061
23.688061
23.688061
23.688061
23.688061
23.688061
23.688061
23.688061
23.688061
23.688061
23.688061
23.688061
23.688061
23.165280
23.165280
23.165280
23.165280
23.165280
23.165280
23.165280
23.165280
23.165280
23.165280
23.165280
23.165280
23.165280
23.165280
23.165280
21.922635
21.922635
21.922635
21.922635
21.922635
21.922635
21.922635
21.922635
21.922635
21.922635
21.922635
21.922635
21.922635
21.922635
21.922635
24.384498
24.384498
24.384498
24.384498
24.384498
24.384498
24.384498
24.384498
24.384498
24.384498
24.384498
24.384498
24.384498
24.384498
24.384498
21.804348
21.804348
21.804348
21.804348
21.804348
21.804348
21.804348
21.804348
21.804348
21.804348
21.804348
21.804348
21.804348
21.804348
21.804348
24.698295
24.698295
24.698295
24.698295
24.698295
24.698295
24.698295
24.698295
24.698295
24.698295
24.698295
24.698295
24.698295
24.698295
24.698295
20.783393
20.783393
20.783393
20.783393
20.783393
20.783393
20.783393
20.783393
20.783393
20.783393
20.783393
20.783393
20.783393
20.783393
20.783393
20.900064
20.900064
20.900064
20.900064
20.900064
20.900064
20.900064
20.900064
20.900064
20.900064
20.900064
20.900064
20.900064
20.900064
20.900064
20.325261
20.325261
20.325261
20.325261
20.325261
20.325261
20.325261
20.325261
20.325261
20.325261
20.325261
20.325261
20.325261
20.325261
20.325261
21.189767
21.189767
21.189767
21.189767
21.189767
21.189767
21.189767
21.189767
21.189767
21.189767
21.189767
21.189767
21.189767
21.189767
21.189767
19.620401
19.620401
19.620401
19.620401
19.620401
19.620401
19.620401
19.620401
19.620401
19.620401
19.620401
19.620401
19.620401
19.620401
19.620401
18.807796
18.807796
18.807796
18.807796
18.807796
18.807796
18.807796
18.807796
18.807796
18.807796
18.807796
18.807796
18.807796
18.807796
18.807796
18.042635
18.042635
18.042635
18.042635
18.042635
18.042635
18.042635
18.042635
18.042635
18.042635
18.042635
18.042635
18.042635
18.042635
18.042635
20.053349
20.053349
20.053349
20.053349
20.053349
20.053349
20.053349
20.053349
20.053349
20.053349
20.053349
20.053349
20.053349
20.053349
20.053349
22.394255
22.394255
22.394255
22.394255
22.394255
22.394255
22.394255
22.394255
22.394255
22.394255
22.394255
22.394255
22.394255
22.394255
22.394255
18.824050
18.824050
18.824050
18.824050
18.824050
18.824050
18.824050
18.824050
18.824050
18.824050
18.824050
18.824050
18.824050
18.824050
18.824050
17.334409
17.334409
17.334409
17.334409
17.334409
17.334409
17.334409
17.334409
17.334409
17.334409
17.334409
17.334409
17.334409
17.334409
17.334409
13.049748
13.049748
13.049748
13.049748
13.049748
13.049748
13.049748
13.049748
13.049748
13.049748
13.049748
13.049748
13.049748
13.049748
13.049748
13.059309
13.059309
13.059309
13.059309
13.059309
13.059309
13.059309
13.059309
13.059309
13.059309
13.059309
13.059309
13.059309
13.059309
13.059309
13.108272
13.108272
13.108272
13.108272
13.108272
13.108272
13.108272
13.108272
13.108272
13.108272
13.108272
13.108272
13.108272
13.108272
13.108272
17.482568
17.482568
17.482568
17.482568
17.482568
17.482568
17.482568
17.482568
17.482568
17.482568
17.482568
17.482568
17.482568
17.482568
17.482568
14.691028
14.691028
14.691028
14.691028
14.691028
14.691028
14.691028
14.691028
14.691028
14.691028
14.691028
14.691028
14.691028
14.691028
14.691028
15.705490
15.705490
15.705490
15.705490
15.705490
15.705490
15.705490
15.705490
15.705490
15.705490
15.705490
15.705490
15.705490
15.705490
15.705490
17.204833
17.204833
17.204833
17.204833
17.204833
17.204833
17.204833
17.204833
17.204833
17.204833
17.204833
17.204833
17.204833
17.204833
17.204833
16.433152
16.433152
16.433152
16.433152
16.433152
16.433152
16.433152
16.433152
16.433152
16.433152
16.433152
16.433152
16.433152
16.433152
16.433152
17.107093
17.107093
17.107093
17.107093
17.107093
17.107093
17.107093
17.107093
17.107093
17.107093
17.107093
17.107093
17.107093
17.107093
17.107093
21.011858
21.011858
21.011858
21.011858
21.011858
21.011858
21.011858
21.011858
21.011858
21.011858
21.011858
21.011858
21.011858
21.011858
21.011858
22.936449
22.936449
22.936449
22.936449
22.936449
22.936449
22.936449
22.936449
22.936449
22.936449
22.936449
22.936449
22.936449
22.936449
22.936449
20.153091
20.153091
20.153091
20.153091
20.153091
20.153091
20.153091
20.153091
20.153091
20.153091
20.153091
20.153091
20.153091
20.153091
20.153091
19.241050
19.241050
19.241050
19.241050
19.241050
19.241050
19.241050
19.241050
19.241050
19.241050
19.241050
19.241050
19.241050
19.241050
19.241050
20.408946
20.408946
20.408946
20.408946
20.408946
20.408946
20.408946
20.408946
20.408946
20.408946
20.408946
20.408946
20.408946
20.408946
20.408946
21.326275
21.326275
21.326275
21.326275
21.326275
21.326275
21.326275
21.326275
21.326275
21.326275
21.326275
21.326275
21.326275
21.326275
21.326275
21.071613
21.071613
21.071613
21.071613
21.071613
21.071613
21.071613
21.071613
21.071613
21.071613
21.071613
21.071613
21.071613
21.071613
21.071613
20.427269
20.427269
20.427269
20.427269
20.427269
20.427269
20.427269
20.427269
20.427269
20.427269
20.427269
20.427269
20.427269
20.427269
20.427269
16.709267
16.709267
16.709267
16.709267
16.709267
16.709267
16.709267
16.709267
16.709267
16.709267
16.709267
16.709267
16.709267
16.709267
16.709267
15.089138
15.089138
15.089138
15.089138
15.089138
15.089138
15.089138
15.089138
15.089138
15.089138
15.089138
15.089138
15.089138
15.089138
15.089138
15.629653
15.629653
15.629653
15.629653
15.629653
15.629653
15.629653
15.629653
15.629653
15.629653
15.629653
15.629653
15.629653
15.629653
15.629653
14.910011
14.910011
14.910011
14.910011
14.910011
14.910011
14.910011
14.910011
14.910011
14.910011
14.910011
14.910011
14.910011
14.910011
14.910011
13.658607
13.658607
13.658607
13.658607
13.658607
13.658607
13.658607
13.658607
13.658607
13.658607
13.658607
13.658607
13.658607
13.658607
13.658607
14.155817
14.155817
14.155817
14.155817
14.155817
14.155817
14.155817
14.155817
14.155817
14.155817
14.155817
14.155817
14.155817
14.155817
14.155817
9.895033
9.895033
9.895033
9.895033
9.895033
9.895033
9.895033
9.895033
9.895033
9.895033
9.895033
9.895033
9.895033
9.895033
9.895033
10.311666
10.311666
10.311666
10.311666
10.311666
10.311666
10.311666
10.311666
10.311666
10.311666
10.311666
10.311666
10.311666
10.311666
10.311666
9.550603
9.550603
9.550603
9.550603
9.550603
9.550603
9.550603
9.550603
9.550603
9.550603
9.550603
9.550603
9.550603
9.550603
9.550603
9.197862
9.197862
9.197862
9.197862
9.197862
9.197862
9.197862
9.197862
9.197862
9.197862
9.197862
9.197862
9.197862
9.197862
9.197862
8.571139
8.571139
8.571139
8.571139
8.571139
8.571139
8.571139
8.571139
8.571139
8.571139
8.571139
8.571139
8.571139
8.571139
8.571139
7.908445
7.908445
7.908445
7.908445
7.908445
7.908445
7.908445
7.908445
7.908445
7.908445
7.908445
7.908445
7.908445
7.908445
7.908445
6.664491
6.664491
6.664491
6.664491
6.664491
6.664491
6.664491
6.664491
6.664491
6.664491
6.664491
6.664491
6.664491
6.664491
6.664491
4.456108
4.456108
4.456108
4.456108
4.456108
4.456108
4.456108
4.456108
4.456108
4.456108
4.456108
4.456108
4.456108
4.456108
4.456108
4.032358
4.032358
4.032358
4.032358
4.032358
4.032358
4.032358
4.032358
4.032358
4.032358
4.032358
4.032358
4.032358
4.032358
4.032358
3.900551
3.900551
3.900551
3.900551
3.900551
3.900551
3.900551
3.900551
3.900551
3.900551
3.900551
3.900551
3.900551
3.900551
3.900551
4.180857
4.180857
4.180857
4.180857
4.180857
4.180857
4.180857
4.180857
4.180857
4.180857
4.180857
4.180857
4.180857
4.180857
4.180857
4.518080
4.518080
4.518080
4.518080
4.518080
4.518080
4.518080
4.518080
4.518080
4.518080
4.518080
4.518080
4.518080
4.518080
4.518080
4.728361
4.728361
4.728361
4.728361
4.728361
4.728361
4.728361
4.728361
4.728361
4.728361
4.728361
4.728361
4.728361
4.728361
4.728361
