5.158557
5.158557
5.158557
5.158557
5.158557
5.158557
5.158557
5.158557
5.158557
5.158557
5.158557
5.158557
5.158557
5.158557
5.158557
5.982238
5.982238
5.982238
5.982238
5.982238
5.982238
5.982238
5.982238
5.982238
5.982238
5.982238
5.982238
5.982238
5.982238
5.982238
5.379037
5.379037
5.379037
5.379037
5.379037
5.379037
5.379037
5.379037
5.379037
5.379037
5.379037
5.379037
5.379037
5.379037
5.379037
5.158488
5.158488
5.158488
5.158488
5.158488
5.158488
5.158488
5.158488
5.158488
5.158488
5.158488
5.158488
5.158488
5.158488
5.158488
5.050331
5.050331
5.050331
5.050331
5.050331
5.050331
5.050331
5.050331
5.050331
5.050331
5.050331
5.050331
5.050331
5.050331
5.050331
4.725086
4.725086
4.725086
4.725086
4.725086
4.725086
4.725086
4.725086
4.725086
4.725086
4.725086
4.725086
4.725086
4.725086
4.725086
4.956039
4.956039
4.956039
4.956039
4.956039
4.956039
4.956039
4.956039
4.956039
4.956039
4.956039
4.956039
4.956039
4.956039
4.956039
4.850592
4.850592
4.850592
4.850592
4.850592
4.850592
4.850592
4.850592
4.850592
4.850592
4.850592
4.850592
4.850592
4.850592
4.850592
4.354564
4.354564
4.354564
4.354564
4.354564
4.354564
4.354564
4.354564
4.354564
4.354564
4.354564
4.354564
4.354564
4.354564
4.354564
4.137586
4.137586
4.137586
4.137586
4.137586
4.137586
4.137586
4.137586
4.137586
4.137586
4.137586
4.137586
4.137586
4.137586
4.137586
4.847935
4.847935
4.847935
4.847935
4.847935
4.847935
4.847935
4.847935
4.847935
4.847935
4.847935
4.847935
4.847935
4.847935
4.847935
4.727737
4.727737
4.727737
4.727737
4.727737
4.727737
4.727737
4.727737
4.727737
4.727737
4.727737
4.727737
4.727737
4.727737
4.727737
4.355700
4.355700
4.355700
4.355700
4.355700
4.355700
4.355700
4.355700
4.355700
4.355700
4.355700
4.355700
4.355700
4.355700
4.355700
4.546830
4.546830
4.546830
4.546830
4.546830
4.546830
4.546830
4.546830
4.546830
4.546830
4.546830
4.546830
4.546830
4.546830
4.546830
4.361050
4.361050
4.361050
4.361050
4.361050
4.361050
4.361050
4.361050
4.361050
4.361050
4.361050
4.361050
4.361050
4.361050
4.361050
4.181693
4.181693
4.181693
4.181693
4.181693
4.181693
4.181693
4.181693
4.181693
4.181693
4.181693
4.181693
4.181693
4.181693
4.181693
4.927576
4.927576
4.927576
4.927576
4.927576
4.927576
4.927576
4.927576
4.927576
4.927576
4.927576
4.927576
4.927576
4.927576
4.927576
7.196445
7.196445
7.196445
7.196445
7.196445
7.196445
7.196445
7.196445
7.196445
7.196445
7.196445
7.196445
7.196445
7.196445
7.196445
7.564969
7.564969
7.564969
7.564969
7.564969
7.564969
7.564969
7.564969
7.564969
7.564969
7.564969
7.564969
7.564969
7.564969
7.564969
6.072304
6.072304
6.072304
6.072304
6.072304
6.072304
6.072304
6.072304
6.072304
6.072304
6.072304
6.072304
6.072304
6.072304
6.072304
4.734480
4.734480
4.734480
4.734480
4.734480
4.734480
4.734480
4.734480
4.734480
4.734480
4.734480
4.734480
4.734480
4.734480
4.734480
5.151056
5.151056
5.151056
5.151056
5.151056
5.151056
5.151056
5.151056
5.151056
5.151056
5.151056
5.151056
5.151056
5.151056
5.151056
5.226873
5.226873
5.226873
5.226873
5.226873
5.226873
5.226873
5.226873
5.226873
5.226873
5.226873
5.226873
5.226873
5.226873
5.226873
5.043740
5.043740
5.043740
5.043740
5.043740
5.043740
5.043740
5.043740
5.043740
5.043740
5.043740
5.043740
5.043740
5.043740
5.043740
4.874797
4.874797
4.874797
4.874797
4.874797
4.874797
4.874797
4.874797
4.874797
4.874797
4.874797
4.874797
4.874797
4.874797
4.874797
4.877670
4.877670
4.877670
4.877670
4.877670
4.877670
4.877670
4.877670
4.877670
4.877670
4.877670
4.877670
4.877670
4.877670
4.877670
4.940204
4.940204
4.940204
4.940204
4.940204
4.940204
4.940204
4.940204
4.940204
4.940204
4.940204
4.940204
4.940204
4.940204
4.940204
5.198929
5.198929
5.198929
5.198929
5.198929
5.198929
5.198929
5.198929
5.198929
5.198929
5.198929
5.198929
5.198929
5.198929
5.198929
4.679990
4.679990
4.679990
4.679990
4.679990
4.679990
4.679990
4.679990
4.679990
4.679990
4.679990
4.679990
4.679990
4.679990
4.679990
6.036463
6.036463
6.036463
6.036463
6.036463
6.036463
6.036463
6.036463
6.036463
6.036463
6.036463
6.036463
6.036463
6.036463
6.036463
6.267375
6.267375
6.267375
6.267375
6.267375
6.267375
6.267375
6.267375
6.267375
6.267375
6.267375
6.267375
6.267375
6.267375
6.267375
11.082454
11.082454
11.082454
11.082454
11.082454
11.082454
11.082454
11.082454
11.082454
11.082454
11.082454
11.082454
11.082454
11.082454
11.082454
14.380041
14.380041
14.380041
14.380041
14.380041
14.380041
14.380041
14.380041
14.380041
14.380041
14.380041
14.380041
14.380041
14.380041
14.380041
16.000575
16.000575
16.000575
16.000575
16.000575
16.000575
16.000575
16.000575
16.000575
16.000575
16.000575
16.000575
16.000575
16.000575
16.000575
21.607990
21.607990
21.607990
21.607990
21.607990
21.607990
21.607990
21.607990
21.607990
21.607990
21.607990
21.607990
21.607990
21.607990
21.607990
18.078546
18.078546
18.078546
18.078546
18.078546
18.078546
18.078546
18.078546
18.078546
18.078546
18.078546
18.078546
18.078546
18.078546
18.078546
16.526993
16.526993
16.526993
16.526993
16.526993
16.526993
16.526993
16.526993
16.526993
16.526993
16.526993
16.526993
16.526993
16.526993
16.526993
19.108218
19.108218
19.108218
19.108218
19.108218
19.108218
19.108218
19.108218
19.108218
19.108218
19.108218
19.108218
19.108218
19.108218
19.108218
15.478074
15.478074
15.478074
15.478074
15.478074
15.478074
15.478074
15.478074
15.478074
15.478074
15.478074
15.478074
15.478074
15.478074
15.478074
19.765653
19.765653
19.765653
19.765653
19.765653
19.765653
19.765653
19.765653
19.765653
19.765653
19.765653
19.765653
19.765653
19.765653
19.765653
25.649066
25.649066
25.649066
25.649066
25.649066
25.649066
25.649066
25.649066
25.649066
25.649066
25.649066
25.649066
25.649066
25.649066
25.649066
22.778913
22.778913
22.778913
22.778913
22.778913
22.778913
22.778913
22.778913
22.778913
22.778913
22.778913
22.778913
22.778913
22.778913
22.778913
23.721420
23.721420
23.721420
23.721420
23.721420
23.721420
23.721420
23.721420
23.721420
23.721420
23.721420
23.721420
23.721420
23.721420
23.721420
25.832519
25.832519
25.832519
25.832519
25.832519
25.832519
25.832519
25.832519
25.832519
25.832519
25.832519
25.832519
25.832519
25.832519
25.832519
28.936818
28.936818
28.936818
28.936818
28.936818
28.936818
28.936818
28.936818
28.936818
28.936818
28.936818
28.936818
28.936818
28.936818
28.936818
24.674199
24.674199
24.674199
24.674199
24.674199
24.674199
24.674199
24.674199
24.674199
24.674199
24.674199
24.674199
24.674199
24.674199
24.674199
24.879183
24.879183
24.879183
24.879183
24.879183
24.879183
24.879183
24.879183
24.879183
24.879183
24.879183
24.879183
24.879183
24.879183
24.879183
24.413184
24.413184
24.413184
24.413184
24.413184
24.413184
24.413184
24.413184
24.413184
24.413184
24.413184
24.413184
24.413184
24.413184
24.413184
17.408537
17.408537
17.408537
17.408537
17.408537
17.408537
17.408537
17.408537
17.408537
17.408537
17.408537
17.408537
17.408537
17.408537
17.408537
18.161074
18.161074
18.161074
18.161074
18.161074
18.161074
18.161074
18.161074
18.161074
18.161074
18.161074
18.161074
18.161074
18.161074
18.161074
16.051043
16.051043
16.051043
16.051043
16.051043
16.051043
16.051043
16.051043
16.051043
16.051043
16.051043
16.051043
16.051043
16.051043
16.051043
14.884969
14.884969
14.884969
14.884969
14.884969
14.884969
14.884969
14.884969
14.884969
14.884969
14.884969
14.884969
14.884969
14.884969
14.884969
13.892101
13.892101
13.892101
13.892101
13.892101
13.892101
13.892101
13.892101
13.892101
13.892101
13.892101
13.892101
13.892101
13.892101
13.892101
11.091039
11.091039
11.091039
11.091039
11.091039
11.091039
11.091039
11.091039
11.091039
11.091039
11.091039
11.091039
11.091039
11.091039
11.091039
9.895746
9.895746
9.895746
9.895746
9.895746
9.895746
9.895746
9.895746
9.895746
9.895746
9.895746
9.895746
9.895746
9.895746
9.895746
12.111548
12.111548
12.111548
12.111548
12.111548
12.111548
12.111548
12.111548
12.111548
12.111548
12.111548
12.111548
12.111548
12.111548
12.111548
12.751054
12.751054
12.751054
12.751054
12.751054
12.751054
12.751054
12.751054
12.751054
12.751054
12.751054
12.751054
12.751054
12.751054
12.751054
21.258095
21.258095
21.258095
21.258095
21.258095
21.258095
21.258095
21.258095
21.258095
21.258095
21.258095
21.258095
21.258095
21.258095
21.258095
26.841850
26.841850
26.841850
26.841850
26.841850
26.841850
26.841850
26.841850
26.841850
26.841850
26.841850
26.841850
26.841850
26.841850
26.841850
20.533708
20.533708
20.533708
20.533708
20.533708
20.533708
20.533708
20.533708
20.533708
20.533708
20.533708
20.533708
20.533708
20.533708
20.533708
15.688105
15.688105
15.688105
15.688105
15.688105
15.688105
15.688105
15.688105
15.688105
15.688105
15.688105
15.688105
15.688105
15.688105
15.688105
17.219640
17.219640
17.219640
17.219640
17.219640
17.219640
17.219640
17.219640
17.219640
17.219640
17.219640
17.219640
17.219640
17.219640
17.219640
19.981652
19.981652
19.981652
19.981652
19.981652
19.981652
19.981652
19.981652
19.981652
19.981652
19.981652
19.981652
19.981652
19.981652
19.981652
21.568688
21.568688
21.568688
21.568688
21.568688
21.568688
21.568688
21.568688
21.568688
21.568688
21.568688
21.568688
21.568688
21.568688
21.568688
25.483629
25.483629
25.483629
25.483629
25.483629
25.483629
25.483629
25.483629
25.483629
25.483629
25.483629
25.483629
25.483629
25.483629
25.483629
25.383987
25.383987
25.383987
25.383987
25.383987
25.383987
25.383987
25.383987
25.383987
25.383987
25.383987
25.383987
25.383987
25.383987
25.383987
26.377488
26.377488
26.377488
26.377488
26.377488
26.377488
26.377488
26.377488
26.377488
26.377488
26.377488
26.377488
26.377488
26.377488
26.377488
25.043988
25.043988
25.043988
25.043988
25.043988
25.043988
25.043988
25.043988
25.043988
25.043988
25.043988
25.043988
25.043988
25.043988
25.043988
24.199057
24.199057
24.199057
24.199057
24.199057
24.199057
24.199057
24.199057
24.199057
24.199057
24.199057
24.199057
24.199057
24.199057
24.199057
25.516571
25.516571
25.516571
25.516571
25.516571
25.516571
25.516571
25.516571
25.516571
25.516571
25.516571
25.516571
25.516571
25.516571
25.516571
22.761636
22.761636
22.761636
22.761636
22.761636
22.761636
22.761636
22.761636
22.761636
22.761636
22.761636
22.761636
22.761636
22.761636
22.761636
23.868526
23.868526
23.868526
23.868526
23.868526
23.868526
23.868526
23.868526
23.868526
23.868526
23.868526
23.868526
23.868526
23.868526
23.868526
19.767744
19.767744
19.767744
19.767744
19.767744
19.767744
19.767744
19.767744
19.767744
19.767744
19.767744
19.767744
19.767744
19.767744
19.767744
15.047133
15.047133
15.047133
15.047133
15.047133
15.047133
15.047133
15.047133
15.047133
15.047133
15.047133
15.047133
15.047133
15.047133
15.047133
14.171260
14.171260
14.171260
14.171260
14.171260
14.171260
14.171260
14.171260
14.171260
14.171260
14.171260
14.171260
14.171260
14.171260
14.171260
9.391708
9.391708
9.391708
9.391708
9.391708
9.391708
9.391708
9.391708
9.391708
9.391708
9.391708
9.391708
9.391708
9.391708
9.391708
9.357700
9.357700
9.357700
9.357700
9.357700
9.357700
9.357700
9.357700
9.357700
9.357700
9.357700
9.357700
9.357700
9.357700
9.357700
9.501286
9.501286
9.501286
9.501286
9.501286
9.501286
9.501286
9.501286
9.501286
9.501286
9.501286
9.501286
9.501286
9.501286
9.501286
10.473994
10.473994
10.473994
10.473994
10.473994
10.473994
10.473994
10.473994
10.473994
10.473994
10.473994
10.473994
10.473994
10.473994
10.473994
7.799682
7.799682
7.799682
7.799682
7.799682
7.799682
7.799682
7.799682
7.799682
7.799682
7.799682
7.799682
7.799682
7.799682
7.799682
5.851601
5.851601
5.851601
5.851601
5.851601
5.851601
5.851601
5.851601
5.851601
5.851601
5.851601
5.851601
5.851601
5.851601
5.851601
5.228609
5.228609
5.228609
5.228609
5.228609
5.228609
5.228609
5.228609
5.228609
5.228609
5.228609
5.228609
5.228609
5.228609
5.228609
7.076927
7.076927
7.076927
7.076927
7.076927
7.076927
7.076927
7.076927
7.076927
7.076927
7.076927
7.076927
7.076927
7.076927
7.076927
7.981390
7.981390
7.981390
7.981390
7.981390
7.981390
7.981390
7.981390
7.981390
7.981390
7.981390
7.981390
7.981390
7.981390
7.981390
8.062860
8.062860
8.062860
8.062860
8.062860
8.062860
8.062860
8.062860
8.062860
8.062860
8.062860
8.062860
8.062860
8.062860
8.062860
6.784517
6.784517
6.784517
6.784517
6.784517
6.784517
6.784517
6.784517
6.784517
6.784517
6.784517
6.784517
6.784517
6.784517
6.784517
4.498619
4.498619
4.498619
4.498619
4.498619
4.498619
4.498619
4.498619
4.498619
4.498619
4.498619
4.498619
4.498619
4.498619
4.498619
4.587024
4.587024
4.587024
4.587024
4.587024
4.587024
4.587024
4.587024
4.587024
4.587024
4.587024
4.587024
4.587024
4.587024
4.587024
3.934198
3.934198
3.934198
3.934198
3.934198
3.934198
3.934198
3.934198
3.934198
3.934198
3.934198
3.934198
3.934198
3.934198
3.934198
4.756766
4.756766
4.756766
4.756766
4.756766
4.756766
4.756766
4.756766
4.756766
4.756766
4.756766
4.756766
4.756766
4.756766
4.756766
4.208180
4.208180
4.208180
4.208180
4.208180
4.208180
4.208180
4.208180
4.208180
4.208180
4.208180
4.208180
4.208180
4.208180
4.208180
3.872869
3.872869
3.872869
3.872869
3.872869
3.872869
3.872869
3.872869
3.872869
3.872869
3.872869
3.872869
3.872869
3.872869
3.872869
3.596807
3.596807
3.596807
3.596807
3.596807
3.596807
3.596807
3.596807
3.596807
3.596807
3.596807
3.596807
3.596807
3.596807
3.596807
5.232418
5.232418
5.232418
5.232418
5.232418
5.232418
5.232418
5.232418
5.232418
5.232418
5.232418
5.232418
5.232418
5.232418
5.232418
4.166170
4.166170
4.166170
4.166170
4.166170
4.166170
4.166170
4.166170
4.166170
4.166170
4.166170
4.166170
4.166170
4.166170
4.166170
3.231413
3.231413
3.231413
3.231413
3.231413
3.231413
3.231413
3.231413
3.231413
3.231413
3.231413
3.231413
3.231413
3.231413
3.231413
