7.810034
7.810034
7.810034
7.810034
7.810034
7.810034
7.810034
7.810034
7.810034
7.810034
7.810034
7.810034
7.810034
7.810034
7.810034
8.517594
8.517594
8.517594
8.517594
8.517594
8.517594
8.517594
8.517594
8.517594
8.517594
8.517594
8.517594
8.517594
8.517594
8.517594
9.117754
9.117754
9.117754
9.117754
9.117754
9.117754
9.117754
9.117754
9.117754
9.117754
9.117754
9.117754
9.117754
9.117754
9.117754
9.220866
9.220866
9.220866
9.220866
9.220866
9.220866
9.220866
9.220866
9.220866
9.220866
9.220866
9.220866
9.220866
9.220866
9.220866
9.208379
9.208379
9.208379
9.208379
9.208379
9.208379
9.208379
9.208379
9.208379
9.208379
9.208379
9.208379
9.208379
9.208379
9.208379
8.258447
8.258447
8.258447
8.258447
8.258447
8.258447
8.258447
8.258447
8.258447
8.258447
8.258447
8.258447
8.258447
8.258447
8.258447
8.437394
8.437394
8.437394
8.437394
8.437394
8.437394
8.437394
8.437394
8.437394
8.437394
8.437394
8.437394
8.437394
8.437394
8.437394
8.127174
8.127174
8.127174
8.127174
8.127174
8.127174
8.127174
8.127174
8.127174
8.127174
8.127174
8.127174
8.127174
8.127174
8.127174
8.616802
8.616802
8.616802
8.616802
8.616802
8.616802
8.616802
8.616802
8.616802
8.616802
8.616802
8.616802
8.616802
8.616802
8.616802
9.294693
9.294693
9.294693
9.294693
9.294693
9.294693
9.294693
9.294693
9.294693
9.294693
9.294693
9.294693
9.294693
9.294693
9.294693
9.204142
9.204142
9.204142
9.204142
9.204142
9.204142
9.204142
9.204142
9.204142
9.204142
9.204142
9.204142
9.204142
9.204142
9.204142
9.155914
9.155914
9.155914
9.155914
9.155914
9.155914
9.155914
9.155914
9.155914
9.155914
9.155914
9.155914
9.155914
9.155914
9.155914
9.123575
9.123575
9.123575
9.123575
9.123575
9.123575
9.123575
9.123575
9.123575
9.123575
9.123575
9.123575
9.123575
9.123575
9.123575
8.728592
8.728592
8.728592
8.728592
8.728592
8.728592
8.728592
8.728592
8.728592
8.728592
8.728592
8.728592
8.728592
8.728592
8.728592
8.664406
8.664406
8.664406
8.664406
8.664406
8.664406
8.664406
8.664406
8.664406
8.664406
8.664406
8.664406
8.664406
8.664406
8.664406
8.657276
8.657276
8.657276
8.657276
8.657276
8.657276
8.657276
8.657276
8.657276
8.657276
8.657276
8.657276
8.657276
8.657276
8.657276
8.908271
8.908271
8.908271
8.908271
8.908271
8.908271
8.908271
8.908271
8.908271
8.908271
8.908271
8.908271
8.908271
8.908271
8.908271
8.928342
8.928342
8.928342
8.928342
8.928342
8.928342
8.928342
8.928342
8.928342
8.928342
8.928342
8.928342
8.928342
8.928342
8.928342
8.827890
8.827890
8.827890
8.827890
8.827890
8.827890
8.827890
8.827890
8.827890
8.827890
8.827890
8.827890
8.827890
8.827890
8.827890
8.485886
8.485886
8.485886
8.485886
8.485886
8.485886
8.485886
8.485886
8.485886
8.485886
8.485886
8.485886
8.485886
8.485886
8.485886
8.751833
8.751833
8.751833
8.751833
8.751833
8.751833
8.751833
8.751833
8.751833
8.751833
8.751833
8.751833
8.751833
8.751833
8.751833
8.849924
8.849924
8.849924
8.849924
8.849924
8.849924
8.849924
8.849924
8.849924
8.849924
8.849924
8.849924
8.849924
8.849924
8.849924
9.268161
9.268161
9.268161
9.268161
9.268161
9.268161
9.268161
9.268161
9.268161
9.268161
9.268161
9.268161
9.268161
9.268161
9.268161
10.201305
10.201305
10.201305
10.201305
10.201305
10.201305
10.201305
10.201305
10.201305
10.201305
10.201305
10.201305
10.201305
10.201305
10.201305
10.532536
10.532536
10.532536
10.532536
10.532536
10.532536
10.532536
10.532536
10.532536
10.532536
10.532536
10.532536
10.532536
10.532536
10.532536
12.065302
12.065302
12.065302
12.065302
12.065302
12.065302
12.065302
12.065302
12.065302
12.065302
12.065302
12.065302
12.065302
12.065302
12.065302
14.852558
14.852558
14.852558
14.852558
14.852558
14.852558
14.852558
14.852558
14.852558
14.852558
14.852558
14.852558
14.852558
14.852558
14.852558
15.208926
15.208926
15.208926
15.208926
15.208926
15.208926
15.208926
15.208926
15.208926
15.208926
15.208926
15.208926
15.208926
15.208926
15.208926
15.382921
15.382921
15.382921
15.382921
15.382921
15.382921
15.382921
15.382921
15.382921
15.382921
15.382921
15.382921
15.382921
15.382921
15.382921
16.007088
16.007088
16.007088
16.007088
16.007088
16.007088
16.007088
16.007088
16.007088
16.007088
16.007088
16.007088
16.007088
16.007088
16.007088
16.535818
16.535818
16.535818
16.535818
16.535818
16.535818
16.535818
16.535818
16.535818
16.535818
16.535818
16.535818
16.535818
16.535818
16.535818
17.224445
17.224445
17.224445
17.224445
17.224445
17.224445
17.224445
17.224445
17.224445
17.224445
17.224445
17.224445
17.224445
17.224445
17.224445
17.472989
17.472989
17.472989
17.472989
17.472989
17.472989
17.472989
17.472989
17.472989
17.472989
17.472989
17.472989
17.472989
17.472989
17.472989
19.433544
19.433544
19.433544
19.433544
19.433544
19.433544
19.433544
19.433544
19.433544
19.433544
19.433544
19.433544
19.433544
19.433544
19.433544
20.722096
20.722096
20.722096
20.722096
20.722096
20.722096
20.722096
20.722096
20.722096
20.722096
20.722096
20.722096
20.722096
20.722096
20.722096
21.961575
21.961575
21.961575
21.961575
21.961575
21.961575
21.961575
21.961575
21.961575
21.961575
21.961575
21.961575
21.961575
21.961575
21.961575
23.953630
23.953630
23.953630
23.953630
23.953630
23.953630
23.953630
23.953630
23.953630
23.953630
23.953630
23.953630
23.953630
23.953630
23.953630
25.830116
25.830116
25.830116
25.830116
25.830116
25.830116
25.830116
25.830116
25.830116
25.830116
25.830116
25.830116
25.830116
25.830116
25.830116
27.122786
27.122786
27.122786
27.122786
27.122786
27.122786
27.122786
27.122786
27.122786
27.122786
27.122786
27.122786
27.122786
27.122786
27.122786
25.509598
25.509598
25.509598
25.509598
25.509598
25.509598
25.509598
25.509598
25.509598
25.509598
25.509598
25.509598
25.509598
25.509598
25.509598
26.046693
26.046693
26.046693
26.046693
26.046693
26.046693
26.046693
26.046693
26.046693
26.046693
26.046693
26.046693
26.046693
26.046693
26.046693
25.259918
25.259918
25.259918
25.259918
25.259918
25.259918
25.259918
25.259918
25.259918
25.259918
25.259918
25.259918
25.259918
25.259918
25.259918
25.546927
25.546927
25.546927
25.546927
25.546927
25.546927
25.546927
25.546927
25.546927
25.546927
25.546927
25.546927
25.546927
25.546927
25.546927
25.663583
25.663583
25.663583
25.663583
25.663583
25.663583
25.663583
25.663583
25.663583
25.663583
25.663583
25.663583
25.663583
25.663583
25.663583
25.983188
25.983188
25.983188
25.983188
25.983188
25.983188
25.983188
25.983188
25.983188
25.983188
25.983188
25.983188
25.983188
25.983188
25.983188
25.418811
25.418811
25.418811
25.418811
25.418811
25.418811
25.418811
25.418811
25.418811
25.418811
25.418811
25.418811
25.418811
25.418811
25.418811
24.672547
24.672547
24.672547
24.672547
24.672547
24.672547
24.672547
24.672547
24.672547
24.672547
24.672547
24.672547
24.672547
24.672547
24.672547
24.304565
24.304565
24.304565
24.304565
24.304565
24.304565
24.304565
24.304565
24.304565
24.304565
24.304565
24.304565
24.304565
24.304565
24.304565
21.023854
21.023854
21.023854
21.023854
21.023854
21.023854
21.023854
21.023854
21.023854
21.023854
21.023854
21.023854
21.023854
21.023854
21.023854
18.285866
18.285866
18.285866
18.285866
18.285866
18.285866
18.285866
18.285866
18.285866
18.285866
18.285866
18.285866
18.285866
18.285866
18.285866
18.372443
18.372443
18.372443
18.372443
18.372443
18.372443
18.372443
18.372443
18.372443
18.372443
18.372443
18.372443
18.372443
18.372443
18.372443
19.398821
19.398821
19.398821
19.398821
19.398821
19.398821
19.398821
19.398821
19.398821
19.398821
19.398821
19.398821
19.398821
19.398821
19.398821
18.734432
18.734432
18.734432
18.734432
18.734432
18.734432
18.734432
18.734432
18.734432
18.734432
18.734432
18.734432
18.734432
18.734432
18.734432
18.446658
18.446658
18.446658
18.446658
18.446658
18.446658
18.446658
18.446658
18.446658
18.446658
18.446658
18.446658
18.446658
18.446658
18.446658
19.918605
19.918605
19.918605
19.918605
19.918605
19.918605
19.918605
19.918605
19.918605
19.918605
19.918605
19.918605
19.918605
19.918605
19.918605
19.439989
19.439989
19.439989
19.439989
19.439989
19.439989
19.439989
19.439989
19.439989
19.439989
19.439989
19.439989
19.439989
19.439989
19.439989
20.347865
20.347865
20.347865
20.347865
20.347865
20.347865
20.347865
20.347865
20.347865
20.347865
20.347865
20.347865
20.347865
20.347865
20.347865
20.049231
20.049231
20.049231
20.049231
20.049231
20.049231
20.049231
20.049231
20.049231
20.049231
20.049231
20.049231
20.049231
20.049231
20.049231
19.721225
19.721225
19.721225
19.721225
19.721225
19.721225
19.721225
19.721225
19.721225
19.721225
19.721225
19.721225
19.721225
19.721225
19.721225
19.636980
19.636980
19.636980
19.636980
19.636980
19.636980
19.636980
19.636980
19.636980
19.636980
19.636980
19.636980
19.636980
19.636980
19.636980
19.611726
19.611726
19.611726
19.611726
19.611726
19.611726
19.611726
19.611726
19.611726
19.611726
19.611726
19.611726
19.611726
19.611726
19.611726
19.847688
19.847688
19.847688
19.847688
19.847688
19.847688
19.847688
19.847688
19.847688
19.847688
19.847688
19.847688
19.847688
19.847688
19.847688
18.516265
18.516265
18.516265
18.516265
18.516265
18.516265
18.516265
18.516265
18.516265
18.516265
18.516265
18.516265
18.516265
18.516265
18.516265
18.455316
18.455316
18.455316
18.455316
18.455316
18.455316
18.455316
18.455316
18.455316
18.455316
18.455316
18.455316
18.455316
18.455316
18.455316
18.102263
18.102263
18.102263
18.102263
18.102263
18.102263
18.102263
18.102263
18.102263
18.102263
18.102263
18.102263
18.102263
18.102263
18.102263
16.517562
16.517562
16.517562
16.517562
16.517562
16.517562
16.517562
16.517562
16.517562
16.517562
16.517562
16.517562
16.517562
16.517562
16.517562
14.434857
14.434857
14.434857
14.434857
14.434857
14.434857
14.434857
14.434857
14.434857
14.434857
14.434857
14.434857
14.434857
14.434857
14.434857
15.516210
15.516210
15.516210
15.516210
15.516210
15.516210
15.516210
15.516210
15.516210
15.516210
15.516210
15.516210
15.516210
15.516210
15.516210
15.887639
15.887639
15.887639
15.887639
15.887639
15.887639
15.887639
15.887639
15.887639
15.887639
15.887639
15.887639
15.887639
15.887639
15.887639
15.687816
15.687816
15.687816
15.687816
15.687816
15.687816
15.687816
15.687816
15.687816
15.687816
15.687816
15.687816
15.687816
15.687816
15.687816
15.373479
15.373479
15.373479
15.373479
15.373479
15.373479
15.373479
15.373479
15.373479
15.373479
15.373479
15.373479
15.373479
15.373479
15.373479
13.430595
13.430595
13.430595
13.430595
13.430595
13.430595
13.430595
13.430595
13.430595
13.430595
13.430595
13.430595
13.430595
13.430595
13.430595
13.372647
13.372647
13.372647
13.372647
13.372647
13.372647
13.372647
13.372647
13.372647
13.372647
13.372647
13.372647
13.372647
13.372647
13.372647
12.735715
12.735715
12.735715
12.735715
12.735715
12.735715
12.735715
12.735715
12.735715
12.735715
12.735715
12.735715
12.735715
12.735715
12.735715
12.419064
12.419064
12.419064
12.419064
12.419064
12.419064
12.419064
12.419064
12.419064
12.419064
12.419064
12.419064
12.419064
12.419064
12.419064
11.990194
11.990194
11.990194
11.990194
11.990194
11.990194
11.990194
11.990194
11.990194
11.990194
11.990194
11.990194
11.990194
11.990194
11.990194
12.040533
12.040533
12.040533
12.040533
12.040533
12.040533
12.040533
12.040533
12.040533
12.040533
12.040533
12.040533
12.040533
12.040533
12.040533
12.254402
12.254402
12.254402
12.254402
12.254402
12.254402
12.254402
12.254402
12.254402
12.254402
12.254402
12.254402
12.254402
12.254402
12.254402
12.039700
12.039700
12.039700
12.039700
12.039700
12.039700
12.039700
12.039700
12.039700
12.039700
12.039700
12.039700
12.039700
12.039700
12.039700
11.193222
11.193222
11.193222
11.193222
11.193222
11.193222
11.193222
11.193222
11.193222
11.193222
11.193222
11.193222
11.193222
11.193222
11.193222
9.974191
9.974191
9.974191
9.974191
9.974191
9.974191
9.974191
9.974191
9.974191
9.974191
9.974191
9.974191
9.974191
9.974191
9.974191
10.383421
10.383421
10.383421
10.383421
10.383421
10.383421
10.383421
10.383421
10.383421
10.383421
10.383421
10.383421
10.383421
10.383421
10.383421
10.740865
10.740865
10.740865
10.740865
10.740865
10.740865
10.740865
10.740865
10.740865
10.740865
10.740865
10.740865
10.740865
10.740865
10.740865
10.865006
10.865006
10.865006
10.865006
10.865006
10.865006
10.865006
10.865006
10.865006
10.865006
10.865006
10.865006
10.865006
10.865006
10.865006
10.076662
10.076662
10.076662
10.076662
10.076662
10.076662
10.076662
10.076662
10.076662
10.076662
10.076662
10.076662
10.076662
10.076662
10.076662
9.763503
9.763503
9.763503
9.763503
9.763503
9.763503
9.763503
9.763503
9.763503
9.763503
9.763503
9.763503
9.763503
9.763503
9.763503
9.376505
9.376505
9.376505
9.376505
9.376505
9.376505
9.376505
9.376505
9.376505
9.376505
9.376505
9.376505
9.376505
9.376505
9.376505
8.982618
8.982618
8.982618
8.982618
8.982618
8.982618
8.982618
8.982618
8.982618
8.982618
8.982618
8.982618
8.982618
8.982618
8.982618
8.610863
8.610863
8.610863
8.610863
8.610863
8.610863
8.610863
8.610863
8.610863
8.610863
8.610863
8.610863
8.610863
8.610863
8.610863
8.294355
8.294355
8.294355
8.294355
8.294355
8.294355
8.294355
8.294355
8.294355
8.294355
8.294355
8.294355
8.294355
8.294355
8.294355
8.455154
8.455154
8.455154
8.455154
8.455154
8.455154
8.455154
8.455154
8.455154
8.455154
8.455154
8.455154
8.455154
8.455154
8.455154
8.261308
8.261308
8.261308
8.261308
8.261308
8.261308
8.261308
8.261308
8.261308
8.261308
8.261308
8.261308
8.261308
8.261308
8.261308
8.772101
8.772101
8.772101
8.772101
8.772101
8.772101
8.772101
8.772101
8.772101
8.772101
8.772101
8.772101
8.772101
8.772101
8.772101
8.751557
8.751557
8.751557
8.751557
8.751557
8.751557
8.751557
8.751557
8.751557
8.751557
8.751557
8.751557
8.751557
8.751557
8.751557
9.091171
9.091171
9.091171
9.091171
9.091171
9.091171
9.091171
9.091171
9.091171
9.091171
9.091171
9.091171
9.091171
9.091171
9.091171
8.847658
8.847658
8.847658
8.847658
8.847658
8.847658
8.847658
8.847658
8.847658
8.847658
8.847658
8.847658
8.847658
8.847658
8.847658
