9.585823
9.585823
9.585823
9.585823
9.585823
9.585823
9.585823
9.585823
9.585823
9.585823
9.585823
9.585823
9.585823
9.585823
9.585823
10.097973
10.097973
10.097973
10.097973
10.097973
10.097973
10.097973
10.097973
10.097973
10.097973
10.097973
10.097973
10.097973
10.097973
10.097973
9.914191
9.914191
9.914191
9.914191
9.914191
9.914191
9.914191
9.914191
9.914191
9.914191
9.914191
9.914191
9.914191
9.914191
9.914191
9.591324
9.591324
9.591324
9.591324
9.591324
9.591324
9.591324
9.591324
9.591324
9.591324
9.591324
9.591324
9.591324
9.591324
9.591324
9.491218
9.491218
9.491218
9.491218
9.491218
9.491218
9.491218
9.491218
9.491218
9.491218
9.491218
9.491218
9.491218
9.491218
9.491218
9.429390
9.429390
9.429390
9.429390
9.429390
9.429390
9.429390
9.429390
9.429390
9.429390
9.429390
9.429390
9.429390
9.429390
9.429390
9.701329
9.701329
9.701329
9.701329
9.701329
9.701329
9.701329
9.701329
9.701329
9.701329
9.701329
9.701329
9.701329
9.701329
9.701329
9.367803
9.367803
9.367803
9.367803
9.367803
9.367803
9.367803
9.367803
9.367803
9.367803
9.367803
9.367803
9.367803
9.367803
9.367803
9.089154
9.089154
9.089154
9.089154
9.089154
9.089154
9.089154
9.089154
9.089154
9.089154
9.089154
9.089154
9.089154
9.089154
9.089154
9.262257
9.262257
9.262257
9.262257
9.262257
9.262257
9.262257
9.262257
9.262257
9.262257
9.262257
9.262257
9.262257
9.262257
9.262257
9.586792
9.586792
9.586792
9.586792
9.586792
9.586792
9.586792
9.586792
9.586792
9.586792
9.586792
9.586792
9.586792
9.586792
9.586792
10.057704
10.057704
10.057704
10.057704
10.057704
10.057704
10.057704
10.057704
10.057704
10.057704
10.057704
10.057704
10.057704
10.057704
10.057704
9.523778
9.523778
9.523778
9.523778
9.523778
9.523778
9.523778
9.523778
9.523778
9.523778
9.523778
9.523778
9.523778
9.523778
9.523778
9.820554
9.820554
9.820554
9.820554
9.820554
9.820554
9.820554
9.820554
9.820554
9.820554
9.820554
9.820554
9.820554
9.820554
9.820554
9.413369
9.413369
9.413369
9.413369
9.413369
9.413369
9.413369
9.413369
9.413369
9.413369
9.413369
9.413369
9.413369
9.413369
9.413369
9.983475
9.983475
9.983475
9.983475
9.983475
9.983475
9.983475
9.983475
9.983475
9.983475
9.983475
9.983475
9.983475
9.983475
9.983475
10.740979
10.740979
10.740979
10.740979
10.740979
10.740979
10.740979
10.740979
10.740979
10.740979
10.740979
10.740979
10.740979
10.740979
10.740979
10.251617
10.251617
10.251617
10.251617
10.251617
10.251617
10.251617
10.251617
10.251617
10.251617
10.251617
10.251617
10.251617
10.251617
10.251617
10.866289
10.866289
10.866289
10.866289
10.866289
10.866289
10.866289
10.866289
10.866289
10.866289
10.866289
10.866289
10.866289
10.866289
10.866289
10.657004
10.657004
10.657004
10.657004
10.657004
10.657004
10.657004
10.657004
10.657004
10.657004
10.657004
10.657004
10.657004
10.657004
10.657004
10.858540
10.858540
10.858540
10.858540
10.858540
10.858540
10.858540
10.858540
10.858540
10.858540
10.858540
10.858540
10.858540
10.858540
10.858540
10.906680
10.906680
10.906680
10.906680
10.906680
10.906680
10.906680
10.906680
10.906680
10.906680
10.906680
10.906680
10.906680
10.906680
10.906680
10.319378
10.319378
10.319378
10.319378
10.319378
10.319378
10.319378
10.319378
10.319378
10.319378
10.319378
10.319378
10.319378
10.319378
10.319378
9.834443
9.834443
9.834443
9.834443
9.834443
9.834443
9.834443
9.834443
9.834443
9.834443
9.834443
9.834443
9.834443
9.834443
9.834443
9.905141
9.905141
9.905141
9.905141
9.905141
9.905141
9.905141
9.905141
9.905141
9.905141
9.905141
9.905141
9.905141
9.905141
9.905141
10.294784
10.294784
10.294784
10.294784
10.294784
10.294784
10.294784
10.294784
10.294784
10.294784
10.294784
10.294784
10.294784
10.294784
10.294784
9.577959
9.577959
9.577959
9.577959
9.577959
9.577959
9.577959
9.577959
9.577959
9.577959
9.577959
9.577959
9.577959
9.577959
9.577959
9.734963
9.734963
9.734963
9.734963
9.734963
9.734963
9.734963
9.734963
9.734963
9.734963
9.734963
9.734963
9.734963
9.734963
9.734963
9.227594
9.227594
9.227594
9.227594
9.227594
9.227594
9.227594
9.227594
9.227594
9.227594
9.227594
9.227594
9.227594
9.227594
9.227594
9.019617
9.019617
9.019617
9.019617
9.019617
9.019617
9.019617
9.019617
9.019617
9.019617
9.019617
9.019617
9.019617
9.019617
9.019617
9.237715
9.237715
9.237715
9.237715
9.237715
9.237715
9.237715
9.237715
9.237715
9.237715
9.237715
9.237715
9.237715
9.237715
9.237715
8.989717
8.989717
8.989717
8.989717
8.989717
8.989717
8.989717
8.989717
8.989717
8.989717
8.989717
8.989717
8.989717
8.989717
8.989717
8.883000
8.883000
8.883000
8.883000
8.883000
8.883000
8.883000
8.883000
8.883000
8.883000
8.883000
8.883000
8.883000
8.883000
8.883000
9.722937
9.722937
9.722937
9.722937
9.722937
9.722937
9.722937
9.722937
9.722937
9.722937
9.722937
9.722937
9.722937
9.722937
9.722937
9.209078
9.209078
9.209078
9.209078
9.209078
9.209078
9.209078
9.209078
9.209078
9.209078
9.209078
9.209078
9.209078
9.209078
9.209078
9.693813
9.693813
9.693813
9.693813
9.693813
9.693813
9.693813
9.693813
9.693813
9.693813
9.693813
9.693813
9.693813
9.693813
9.693813
10.564553
10.564553
10.564553
10.564553
10.564553
10.564553
10.564553
10.564553
10.564553
10.564553
10.564553
10.564553
10.564553
10.564553
10.564553
10.952274
10.952274
10.952274
10.952274
10.952274
10.952274
10.952274
10.952274
10.952274
10.952274
10.952274
10.952274
10.952274
10.952274
10.952274
11.503649
11.503649
11.503649
11.503649
11.503649
11.503649
11.503649
11.503649
11.503649
11.503649
11.503649
11.503649
11.503649
11.503649
11.503649
10.800077
10.800077
10.800077
10.800077
10.800077
10.800077
10.800077
10.800077
10.800077
10.800077
10.800077
10.800077
10.800077
10.800077
10.800077
10.696903
10.696903
10.696903
10.696903
10.696903
10.696903
10.696903
10.696903
10.696903
10.696903
10.696903
10.696903
10.696903
10.696903
10.696903
11.228207
11.228207
11.228207
11.228207
11.228207
11.228207
11.228207
11.228207
11.228207
11.228207
11.228207
11.228207
11.228207
11.228207
11.228207
11.140039
11.140039
11.140039
11.140039
11.140039
11.140039
11.140039
11.140039
11.140039
11.140039
11.140039
11.140039
11.140039
11.140039
11.140039
12.257771
12.257771
12.257771
12.257771
12.257771
12.257771
12.257771
12.257771
12.257771
12.257771
12.257771
12.257771
12.257771
12.257771
12.257771
12.107029
12.107029
12.107029
12.107029
12.107029
12.107029
12.107029
12.107029
12.107029
12.107029
12.107029
12.107029
12.107029
12.107029
12.107029
11.871738
11.871738
11.871738
11.871738
11.871738
11.871738
11.871738
11.871738
11.871738
11.871738
11.871738
11.871738
11.871738
11.871738
11.871738
12.054404
12.054404
12.054404
12.054404
12.054404
12.054404
12.054404
12.054404
12.054404
12.054404
12.054404
12.054404
12.054404
12.054404
12.054404
12.799215
12.799215
12.799215
12.799215
12.799215
12.799215
12.799215
12.799215
12.799215
12.799215
12.799215
12.799215
12.799215
12.799215
12.799215
12.127126
12.127126
12.127126
12.127126
12.127126
12.127126
12.127126
12.127126
12.127126
12.127126
12.127126
12.127126
12.127126
12.127126
12.127126
11.781994
11.781994
11.781994
11.781994
11.781994
11.781994
11.781994
11.781994
11.781994
11.781994
11.781994
11.781994
11.781994
11.781994
11.781994
11.829785
11.829785
11.829785
11.829785
11.829785
11.829785
11.829785
11.829785
11.829785
11.829785
11.829785
11.829785
11.829785
11.829785
11.829785
9.977509
9.977509
9.977509
9.977509
9.977509
9.977509
9.977509
9.977509
9.977509
9.977509
9.977509
9.977509
9.977509
9.977509
9.977509
10.421316
10.421316
10.421316
10.421316
10.421316
10.421316
10.421316
10.421316
10.421316
10.421316
10.421316
10.421316
10.421316
10.421316
10.421316
10.710845
10.710845
10.710845
10.710845
10.710845
10.710845
10.710845
10.710845
10.710845
10.710845
10.710845
10.710845
10.710845
10.710845
10.710845
10.699669
10.699669
10.699669
10.699669
10.699669
10.699669
10.699669
10.699669
10.699669
10.699669
10.699669
10.699669
10.699669
10.699669
10.699669
9.291453
9.291453
9.291453
9.291453
9.291453
9.291453
9.291453
9.291453
9.291453
9.291453
9.291453
9.291453
9.291453
9.291453
9.291453
9.507179
9.507179
9.507179
9.507179
9.507179
9.507179
9.507179
9.507179
9.507179
9.507179
9.507179
9.507179
9.507179
9.507179
9.507179
9.815814
9.815814
9.815814
9.815814
9.815814
9.815814
9.815814
9.815814
9.815814
9.815814
9.815814
9.815814
9.815814
9.815814
9.815814
10.251141
10.251141
10.251141
10.251141
10.251141
10.251141
10.251141
10.251141
10.251141
10.251141
10.251141
10.251141
10.251141
10.251141
10.251141
9.627035
9.627035
9.627035
9.627035
9.627035
9.627035
9.627035
9.627035
9.627035
9.627035
9.627035
9.627035
9.627035
9.627035
9.627035
8.959031
8.959031
8.959031
8.959031
8.959031
8.959031
8.959031
8.959031
8.959031
8.959031
8.959031
8.959031
8.959031
8.959031
8.959031
10.485505
10.485505
10.485505
10.485505
10.485505
10.485505
10.485505
10.485505
10.485505
10.485505
10.485505
10.485505
10.485505
10.485505
10.485505
10.485591
10.485591
10.485591
10.485591
10.485591
10.485591
10.485591
10.485591
10.485591
10.485591
10.485591
10.485591
10.485591
10.485591
10.485591
11.540550
11.540550
11.540550
11.540550
11.540550
11.540550
11.540550
11.540550
11.540550
11.540550
11.540550
11.540550
11.540550
11.540550
11.540550
9.745102
9.745102
9.745102
9.745102
9.745102
9.745102
9.745102
9.745102
9.745102
9.745102
9.745102
9.745102
9.745102
9.745102
9.745102
10.709722
10.709722
10.709722
10.709722
10.709722
10.709722
10.709722
10.709722
10.709722
10.709722
10.709722
10.709722
10.709722
10.709722
10.709722
10.397659
10.397659
10.397659
10.397659
10.397659
10.397659
10.397659
10.397659
10.397659
10.397659
10.397659
10.397659
10.397659
10.397659
10.397659
10.654178
10.654178
10.654178
10.654178
10.654178
10.654178
10.654178
10.654178
10.654178
10.654178
10.654178
10.654178
10.654178
10.654178
10.654178
9.417138
9.417138
9.417138
9.417138
9.417138
9.417138
9.417138
9.417138
9.417138
9.417138
9.417138
9.417138
9.417138
9.417138
9.417138
9.897143
9.897143
9.897143
9.897143
9.897143
9.897143
9.897143
9.897143
9.897143
9.897143
9.897143
9.897143
9.897143
9.897143
9.897143
10.016086
10.016086
10.016086
10.016086
10.016086
10.016086
10.016086
10.016086
10.016086
10.016086
10.016086
10.016086
10.016086
10.016086
10.016086
9.449161
9.449161
9.449161
9.449161
9.449161
9.449161
9.449161
9.449161
9.449161
9.449161
9.449161
9.449161
9.449161
9.449161
9.449161
10.293102
10.293102
10.293102
10.293102
10.293102
10.293102
10.293102
10.293102
10.293102
10.293102
10.293102
10.293102
10.293102
10.293102
10.293102
10.605432
10.605432
10.605432
10.605432
10.605432
10.605432
10.605432
10.605432
10.605432
10.605432
10.605432
10.605432
10.605432
10.605432
10.605432
10.548042
10.548042
10.548042
10.548042
10.548042
10.548042
10.548042
10.548042
10.548042
10.548042
10.548042
10.548042
10.548042
10.548042
10.548042
10.862173
10.862173
10.862173
10.862173
10.862173
10.862173
10.862173
10.862173
10.862173
10.862173
10.862173
10.862173
10.862173
10.862173
10.862173
10.036665
10.036665
10.036665
10.036665
10.036665
10.036665
10.036665
10.036665
10.036665
10.036665
10.036665
10.036665
10.036665
10.036665
10.036665
9.932000
9.932000
9.932000
9.932000
9.932000
9.932000
9.932000
9.932000
9.932000
9.932000
9.932000
9.932000
9.932000
9.932000
9.932000
10.249259
10.249259
10.249259
10.249259
10.249259
10.249259
10.249259
10.249259
10.249259
10.249259
10.249259
10.249259
10.249259
10.249259
10.249259
9.868499
9.868499
9.868499
9.868499
9.868499
9.868499
9.868499
9.868499
9.868499
9.868499
9.868499
9.868499
9.868499
9.868499
9.868499
8.992811
8.992811
8.992811
8.992811
8.992811
8.992811
8.992811
8.992811
8.992811
8.992811
8.992811
8.992811
8.992811
8.992811
8.992811
8.930533
8.930533
8.930533
8.930533
8.930533
8.930533
8.930533
8.930533
8.930533
8.930533
8.930533
8.930533
8.930533
8.930533
8.930533
8.566887
8.566887
8.566887
8.566887
8.566887
8.566887
8.566887
8.566887
8.566887
8.566887
8.566887
8.566887
8.566887
8.566887
8.566887
8.394401
8.394401
8.394401
8.394401
8.394401
8.394401
8.394401
8.394401
8.394401
8.394401
8.394401
8.394401
8.394401
8.394401
8.394401
8.513507
8.513507
8.513507
8.513507
8.513507
8.513507
8.513507
8.513507
8.513507
8.513507
8.513507
8.513507
8.513507
8.513507
8.513507
9.037661
9.037661
9.037661
9.037661
9.037661
9.037661
9.037661
9.037661
9.037661
9.037661
9.037661
9.037661
9.037661
9.037661
9.037661
8.629025
8.629025
8.629025
8.629025
8.629025
8.629025
8.629025
8.629025
8.629025
8.629025
8.629025
8.629025
8.629025
8.629025
8.629025
8.772942
8.772942
8.772942
8.772942
8.772942
8.772942
8.772942
8.772942
8.772942
8.772942
8.772942
8.772942
8.772942
8.772942
8.772942
8.414504
8.414504
8.414504
8.414504
8.414504
8.414504
8.414504
8.414504
8.414504
8.414504
8.414504
8.414504
8.414504
8.414504
8.414504
8.276858
8.276858
8.276858
8.276858
8.276858
8.276858
8.276858
8.276858
8.276858
8.276858
8.276858
8.276858
8.276858
8.276858
8.276858
8.736105
8.736105
8.736105
8.736105
8.736105
8.736105
8.736105
8.736105
8.736105
8.736105
8.736105
8.736105
8.736105
8.736105
8.736105
8.677902
8.677902
8.677902
8.677902
8.677902
8.677902
8.677902
8.677902
8.677902
8.677902
8.677902
8.677902
8.677902
8.677902
8.677902
8.596907
8.596907
8.596907
8.596907
8.596907
8.596907
8.596907
8.596907
8.596907
8.596907
8.596907
8.596907
8.596907
8.596907
8.596907
8.378255
8.378255
8.378255
8.378255
8.378255
8.378255
8.378255
8.378255
8.378255
8.378255
8.378255
8.378255
8.378255
8.378255
8.378255
8.889819
8.889819
8.889819
8.889819
8.889819
8.889819
8.889819
8.889819
8.889819
8.889819
8.889819
8.889819
8.889819
8.889819
8.889819
9.121519
9.121519
9.121519
9.121519
9.121519
9.121519
9.121519
9.121519
9.121519
9.121519
9.121519
9.121519
9.121519
9.121519
9.121519
