11.911823
11.911823
11.911823
11.911823
11.911823
11.911823
11.911823
11.911823
11.911823
11.911823
11.911823
11.911823
11.911823
11.911823
11.911823
11.814957
11.814957
11.814957
11.814957
11.814957
11.814957
11.814957
11.814957
11.814957
11.814957
11.814957
11.814957
11.814957
11.814957
11.814957
10.938251
10.938251
10.938251
10.938251
10.938251
10.938251
10.938251
10.938251
10.938251
10.938251
10.938251
10.938251
10.938251
10.938251
10.938251
11.155673
11.155673
11.155673
11.155673
11.155673
11.155673
11.155673
11.155673
11.155673
11.155673
11.155673
11.155673
11.155673
11.155673
11.155673
10.999032
10.999032
10.999032
10.999032
10.999032
10.999032
10.999032
10.999032
10.999032
10.999032
10.999032
10.999032
10.999032
10.999032
10.999032
11.658755
11.658755
11.658755
11.658755
11.658755
11.658755
11.658755
11.658755
11.658755
11.658755
11.658755
11.658755
11.658755
11.658755
11.658755
11.079349
11.079349
11.079349
11.079349
11.079349
11.079349
11.079349
11.079349
11.079349
11.079349
11.079349
11.079349
11.079349
11.079349
11.079349
10.937224
10.937224
10.937224
10.937224
10.937224
10.937224
10.937224
10.937224
10.937224
10.937224
10.937224
10.937224
10.937224
10.937224
10.937224
10.816905
10.816905
10.816905
10.816905
10.816905
10.816905
10.816905
10.816905
10.816905
10.816905
10.816905
10.816905
10.816905
10.816905
10.816905
10.825946
10.825946
10.825946
10.825946
10.825946
10.825946
10.825946
10.825946
10.825946
10.825946
10.825946
10.825946
10.825946
10.825946
10.825946
10.407332
10.407332
10.407332
10.407332
10.407332
10.407332
10.407332
10.407332
10.407332
10.407332
10.407332
10.407332
10.407332
10.407332
10.407332
11.037254
11.037254
11.037254
11.037254
11.037254
11.037254
11.037254
11.037254
11.037254
11.037254
11.037254
11.037254
11.037254
11.037254
11.037254
10.739478
10.739478
10.739478
10.739478
10.739478
10.739478
10.739478
10.739478
10.739478
10.739478
10.739478
10.739478
10.739478
10.739478
10.739478
9.990572
9.990572
9.990572
9.990572
9.990572
9.990572
9.990572
9.990572
9.990572
9.990572
9.990572
9.990572
9.990572
9.990572
9.990572
10.350851
10.350851
10.350851
10.350851
10.350851
10.350851
10.350851
10.350851
10.350851
10.350851
10.350851
10.350851
10.350851
10.350851
10.350851
10.713151
10.713151
10.713151
10.713151
10.713151
10.713151
10.713151
10.713151
10.713151
10.713151
10.713151
10.713151
10.713151
10.713151
10.713151
10.584608
10.584608
10.584608
10.584608
10.584608
10.584608
10.584608
10.584608
10.584608
10.584608
10.584608
10.584608
10.584608
10.584608
10.584608
11.281177
11.281177
11.281177
11.281177
11.281177
11.281177
11.281177
11.281177
11.281177
11.281177
11.281177
11.281177
11.281177
11.281177
11.281177
11.162845
11.162845
11.162845
11.162845
11.162845
11.162845
11.162845
11.162845
11.162845
11.162845
11.162845
11.162845
11.162845
11.162845
11.162845
10.738817
10.738817
10.738817
10.738817
10.738817
10.738817
10.738817
10.738817
10.738817
10.738817
10.738817
10.738817
10.738817
10.738817
10.738817
10.275098
10.275098
10.275098
10.275098
10.275098
10.275098
10.275098
10.275098
10.275098
10.275098
10.275098
10.275098
10.275098
10.275098
10.275098
10.669496
10.669496
10.669496
10.669496
10.669496
10.669496
10.669496
10.669496
10.669496
10.669496
10.669496
10.669496
10.669496
10.669496
10.669496
10.983984
10.983984
10.983984
10.983984
10.983984
10.983984
10.983984
10.983984
10.983984
10.983984
10.983984
10.983984
10.983984
10.983984
10.983984
9.987230
9.987230
9.987230
9.987230
9.987230
9.987230
9.987230
9.987230
9.987230
9.987230
9.987230
9.987230
9.987230
9.987230
9.987230
10.796071
10.796071
10.796071
10.796071
10.796071
10.796071
10.796071
10.796071
10.796071
10.796071
10.796071
10.796071
10.796071
10.796071
10.796071
10.709399
10.709399
10.709399
10.709399
10.709399
10.709399
10.709399
10.709399
10.709399
10.709399
10.709399
10.709399
10.709399
10.709399
10.709399
9.648894
9.648894
9.648894
9.648894
9.648894
9.648894
9.648894
9.648894
9.648894
9.648894
9.648894
9.648894
9.648894
9.648894
9.648894
10.038059
10.038059
10.038059
10.038059
10.038059
10.038059
10.038059
10.038059
10.038059
10.038059
10.038059
10.038059
10.038059
10.038059
10.038059
10.282872
10.282872
10.282872
10.282872
10.282872
10.282872
10.282872
10.282872
10.282872
10.282872
10.282872
10.282872
10.282872
10.282872
10.282872
11.101267
11.101267
11.101267
11.101267
11.101267
11.101267
11.101267
11.101267
11.101267
11.101267
11.101267
11.101267
11.101267
11.101267
11.101267
11.613730
11.613730
11.613730
11.613730
11.613730
11.613730
11.613730
11.613730
11.613730
11.613730
11.613730
11.613730
11.613730
11.613730
11.613730
10.251662
10.251662
10.251662
10.251662
10.251662
10.251662
10.251662
10.251662
10.251662
10.251662
10.251662
10.251662
10.251662
10.251662
10.251662
12.664533
12.664533
12.664533
12.664533
12.664533
12.664533
12.664533
12.664533
12.664533
12.664533
12.664533
12.664533
12.664533
12.664533
12.664533
13.735475
13.735475
13.735475
13.735475
13.735475
13.735475
13.735475
13.735475
13.735475
13.735475
13.735475
13.735475
13.735475
13.735475
13.735475
11.328881
11.328881
11.328881
11.328881
11.328881
11.328881
11.328881
11.328881
11.328881
11.328881
11.328881
11.328881
11.328881
11.328881
11.328881
13.268803
13.268803
13.268803
13.268803
13.268803
13.268803
13.268803
13.268803
13.268803
13.268803
13.268803
13.268803
13.268803
13.268803
13.268803
12.822619
12.822619
12.822619
12.822619
12.822619
12.822619
12.822619
12.822619
12.822619
12.822619
12.822619
12.822619
12.822619
12.822619
12.822619
12.592760
12.592760
12.592760
12.592760
12.592760
12.592760
12.592760
12.592760
12.592760
12.592760
12.592760
12.592760
12.592760
12.592760
12.592760
13.492556
13.492556
13.492556
13.492556
13.492556
13.492556
13.492556
13.492556
13.492556
13.492556
13.492556
13.492556
13.492556
13.492556
13.492556
13.432988
13.432988
13.432988
13.432988
13.432988
13.432988
13.432988
13.432988
13.432988
13.432988
13.432988
13.432988
13.432988
13.432988
13.432988
13.852772
13.852772
13.852772
13.852772
13.852772
13.852772
13.852772
13.852772
13.852772
13.852772
13.852772
13.852772
13.852772
13.852772
13.852772
13.634422
13.634422
13.634422
13.634422
13.634422
13.634422
13.634422
13.634422
13.634422
13.634422
13.634422
13.634422
13.634422
13.634422
13.634422
13.218231
13.218231
13.218231
13.218231
13.218231
13.218231
13.218231
13.218231
13.218231
13.218231
13.218231
13.218231
13.218231
13.218231
13.218231
13.770756
13.770756
13.770756
13.770756
13.770756
13.770756
13.770756
13.770756
13.770756
13.770756
13.770756
13.770756
13.770756
13.770756
13.770756
13.367877
13.367877
13.367877
13.367877
13.367877
13.367877
13.367877
13.367877
13.367877
13.367877
13.367877
13.367877
13.367877
13.367877
13.367877
13.126780
13.126780
13.126780
13.126780
13.126780
13.126780
13.126780
13.126780
13.126780
13.126780
13.126780
13.126780
13.126780
13.126780
13.126780
14.075864
14.075864
14.075864
14.075864
14.075864
14.075864
14.075864
14.075864
14.075864
14.075864
14.075864
14.075864
14.075864
14.075864
14.075864
12.164465
12.164465
12.164465
12.164465
12.164465
12.164465
12.164465
12.164465
12.164465
12.164465
12.164465
12.164465
12.164465
12.164465
12.164465
12.337173
12.337173
12.337173
12.337173
12.337173
12.337173
12.337173
12.337173
12.337173
12.337173
12.337173
12.337173
12.337173
12.337173
12.337173
12.442695
12.442695
12.442695
12.442695
12.442695
12.442695
12.442695
12.442695
12.442695
12.442695
12.442695
12.442695
12.442695
12.442695
12.442695
13.055840
13.055840
13.055840
13.055840
13.055840
13.055840
13.055840
13.055840
13.055840
13.055840
13.055840
13.055840
13.055840
13.055840
13.055840
13.679079
13.679079
13.679079
13.679079
13.679079
13.679079
13.679079
13.679079
13.679079
13.679079
13.679079
13.679079
13.679079
13.679079
13.679079
13.096788
13.096788
13.096788
13.096788
13.096788
13.096788
13.096788
13.096788
13.096788
13.096788
13.096788
13.096788
13.096788
13.096788
13.096788
13.584485
13.584485
13.584485
13.584485
13.584485
13.584485
13.584485
13.584485
13.584485
13.584485
13.584485
13.584485
13.584485
13.584485
13.584485
12.781339
12.781339
12.781339
12.781339
12.781339
12.781339
12.781339
12.781339
12.781339
12.781339
12.781339
12.781339
12.781339
12.781339
12.781339
13.040735
13.040735
13.040735
13.040735
13.040735
13.040735
13.040735
13.040735
13.040735
13.040735
13.040735
13.040735
13.040735
13.040735
13.040735
13.709553
13.709553
13.709553
13.709553
13.709553
13.709553
13.709553
13.709553
13.709553
13.709553
13.709553
13.709553
13.709553
13.709553
13.709553
15.068361
15.068361
15.068361
15.068361
15.068361
15.068361
15.068361
15.068361
15.068361
15.068361
15.068361
15.068361
15.068361
15.068361
15.068361
13.978449
13.978449
13.978449
13.978449
13.978449
13.978449
13.978449
13.978449
13.978449
13.978449
13.978449
13.978449
13.978449
13.978449
13.978449
14.244975
14.244975
14.244975
14.244975
14.244975
14.244975
14.244975
14.244975
14.244975
14.244975
14.244975
14.244975
14.244975
14.244975
14.244975
14.413116
14.413116
14.413116
14.413116
14.413116
14.413116
14.413116
14.413116
14.413116
14.413116
14.413116
14.413116
14.413116
14.413116
14.413116
13.986510
13.986510
13.986510
13.986510
13.986510
13.986510
13.986510
13.986510
13.986510
13.986510
13.986510
13.986510
13.986510
13.986510
13.986510
13.629933
13.629933
13.629933
13.629933
13.629933
13.629933
13.629933
13.629933
13.629933
13.629933
13.629933
13.629933
13.629933
13.629933
13.629933
13.462421
13.462421
13.462421
13.462421
13.462421
13.462421
13.462421
13.462421
13.462421
13.462421
13.462421
13.462421
13.462421
13.462421
13.462421
14.121970
14.121970
14.121970
14.121970
14.121970
14.121970
14.121970
14.121970
14.121970
14.121970
14.121970
14.121970
14.121970
14.121970
14.121970
13.298663
13.298663
13.298663
13.298663
13.298663
13.298663
13.298663
13.298663
13.298663
13.298663
13.298663
13.298663
13.298663
13.298663
13.298663
14.576961
14.576961
14.576961
14.576961
14.576961
14.576961
14.576961
14.576961
14.576961
14.576961
14.576961
14.576961
14.576961
14.576961
14.576961
15.569534
15.569534
15.569534
15.569534
15.569534
15.569534
15.569534
15.569534
15.569534
15.569534
15.569534
15.569534
15.569534
15.569534
15.569534
14.404560
14.404560
14.404560
14.404560
14.404560
14.404560
14.404560
14.404560
14.404560
14.404560
14.404560
14.404560
14.404560
14.404560
14.404560
13.916468
13.916468
13.916468
13.916468
13.916468
13.916468
13.916468
13.916468
13.916468
13.916468
13.916468
13.916468
13.916468
13.916468
13.916468
12.639154
12.639154
12.639154
12.639154
12.639154
12.639154
12.639154
12.639154
12.639154
12.639154
12.639154
12.639154
12.639154
12.639154
12.639154
12.190418
12.190418
12.190418
12.190418
12.190418
12.190418
12.190418
12.190418
12.190418
12.190418
12.190418
12.190418
12.190418
12.190418
12.190418
12.825908
12.825908
12.825908
12.825908
12.825908
12.825908
12.825908
12.825908
12.825908
12.825908
12.825908
12.825908
12.825908
12.825908
12.825908
12.829620
12.829620
12.829620
12.829620
12.829620
12.829620
12.829620
12.829620
12.829620
12.829620
12.829620
12.829620
12.829620
12.829620
12.829620
12.540640
12.540640
12.540640
12.540640
12.540640
12.540640
12.540640
12.540640
12.540640
12.540640
12.540640
12.540640
12.540640
12.540640
12.540640
12.726076
12.726076
12.726076
12.726076
12.726076
12.726076
12.726076
12.726076
12.726076
12.726076
12.726076
12.726076
12.726076
12.726076
12.726076
14.453229
14.453229
14.453229
14.453229
14.453229
14.453229
14.453229
14.453229
14.453229
14.453229
14.453229
14.453229
14.453229
14.453229
14.453229
14.715252
14.715252
14.715252
14.715252
14.715252
14.715252
14.715252
14.715252
14.715252
14.715252
14.715252
14.715252
14.715252
14.715252
14.715252
14.474282
14.474282
14.474282
14.474282
14.474282
14.474282
14.474282
14.474282
14.474282
14.474282
14.474282
14.474282
14.474282
14.474282
14.474282
14.134747
14.134747
14.134747
14.134747
14.134747
14.134747
14.134747
14.134747
14.134747
14.134747
14.134747
14.134747
14.134747
14.134747
14.134747
13.664004
13.664004
13.664004
13.664004
13.664004
13.664004
13.664004
13.664004
13.664004
13.664004
13.664004
13.664004
13.664004
13.664004
13.664004
13.627756
13.627756
13.627756
13.627756
13.627756
13.627756
13.627756
13.627756
13.627756
13.627756
13.627756
13.627756
13.627756
13.627756
13.627756
13.423362
13.423362
13.423362
13.423362
13.423362
13.423362
13.423362
13.423362
13.423362
13.423362
13.423362
13.423362
13.423362
13.423362
13.423362
13.384406
13.384406
13.384406
13.384406
13.384406
13.384406
13.384406
13.384406
13.384406
13.384406
13.384406
13.384406
13.384406
13.384406
13.384406
13.434861
13.434861
13.434861
13.434861
13.434861
13.434861
13.434861
13.434861
13.434861
13.434861
13.434861
13.434861
13.434861
13.434861
13.434861
14.686581
14.686581
14.686581
14.686581
14.686581
14.686581
14.686581
14.686581
14.686581
14.686581
14.686581
14.686581
14.686581
14.686581
14.686581
15.862432
15.862432
15.862432
15.862432
15.862432
15.862432
15.862432
15.862432
15.862432
15.862432
15.862432
15.862432
15.862432
15.862432
15.862432
14.886937
14.886937
14.886937
14.886937
14.886937
14.886937
14.886937
14.886937
14.886937
14.886937
14.886937
14.886937
14.886937
14.886937
14.886937
15.575166
15.575166
15.575166
15.575166
15.575166
15.575166
15.575166
15.575166
15.575166
15.575166
15.575166
15.575166
15.575166
15.575166
15.575166
14.976481
14.976481
14.976481
14.976481
14.976481
14.976481
14.976481
14.976481
14.976481
14.976481
14.976481
14.976481
14.976481
14.976481
14.976481
13.789538
13.789538
13.789538
13.789538
13.789538
13.789538
13.789538
13.789538
13.789538
13.789538
13.789538
13.789538
13.789538
13.789538
13.789538
12.986554
12.986554
12.986554
12.986554
12.986554
12.986554
12.986554
12.986554
12.986554
12.986554
12.986554
12.986554
12.986554
12.986554
12.986554
12.092208
12.092208
12.092208
12.092208
12.092208
12.092208
12.092208
12.092208
12.092208
12.092208
12.092208
12.092208
12.092208
12.092208
12.092208
12.319561
12.319561
12.319561
12.319561
12.319561
12.319561
12.319561
12.319561
12.319561
12.319561
12.319561
12.319561
12.319561
12.319561
12.319561
12.852275
12.852275
12.852275
12.852275
12.852275
12.852275
12.852275
12.852275
12.852275
12.852275
12.852275
12.852275
12.852275
12.852275
12.852275
12.483495
12.483495
12.483495
12.483495
12.483495
12.483495
12.483495
12.483495
12.483495
12.483495
12.483495
12.483495
12.483495
12.483495
12.483495
