4.147830
4.147830
4.147830
4.147830
4.147830
4.147830
4.147830
4.147830
4.147830
4.147830
4.147830
4.147830
4.147830
4.147830
4.147830
4.601944
4.601944
4.601944
4.601944
4.601944
4.601944
4.601944
4.601944
4.601944
4.601944
4.601944
4.601944
4.601944
4.601944
4.601944
4.321372
4.321372
4.321372
4.321372
4.321372
4.321372
4.321372
4.321372
4.321372
4.321372
4.321372
4.321372
4.321372
4.321372
4.321372
4.066629
4.066629
4.066629
4.066629
4.066629
4.066629
4.066629
4.066629
4.066629
4.066629
4.066629
4.066629
4.066629
4.066629
4.066629
4.850942
4.850942
4.850942
4.850942
4.850942
4.850942
4.850942
4.850942
4.850942
4.850942
4.850942
4.850942
4.850942
4.850942
4.850942
4.938473
4.938473
4.938473
4.938473
4.938473
4.938473
4.938473
4.938473
4.938473
4.938473
4.938473
4.938473
4.938473
4.938473
4.938473
4.543326
4.543326
4.543326
4.543326
4.543326
4.543326
4.543326
4.543326
4.543326
4.543326
4.543326
4.543326
4.543326
4.543326
4.543326
4.176930
4.176930
4.176930
4.176930
4.176930
4.176930
4.176930
4.176930
4.176930
4.176930
4.176930
4.176930
4.176930
4.176930
4.176930
3.746216
3.746216
3.746216
3.746216
3.746216
3.746216
3.746216
3.746216
3.746216
3.746216
3.746216
3.746216
3.746216
3.746216
3.746216
3.946420
3.946420
3.946420
3.946420
3.946420
3.946420
3.946420
3.946420
3.946420
3.946420
3.946420
3.946420
3.946420
3.946420
3.946420
4.441138
4.441138
4.441138
4.441138
4.441138
4.441138
4.441138
4.441138
4.441138
4.441138
4.441138
4.441138
4.441138
4.441138
4.441138
4.573346
4.573346
4.573346
4.573346
4.573346
4.573346
4.573346
4.573346
4.573346
4.573346
4.573346
4.573346
4.573346
4.573346
4.573346
3.755279
3.755279
3.755279
3.755279
3.755279
3.755279
3.755279
3.755279
3.755279
3.755279
3.755279
3.755279
3.755279
3.755279
3.755279
3.868406
3.868406
3.868406
3.868406
3.868406
3.868406
3.868406
3.868406
3.868406
3.868406
3.868406
3.868406
3.868406
3.868406
3.868406
4.092657
4.092657
4.092657
4.092657
4.092657
4.092657
4.092657
4.092657
4.092657
4.092657
4.092657
4.092657
4.092657
4.092657
4.092657
4.067940
4.067940
4.067940
4.067940
4.067940
4.067940
4.067940
4.067940
4.067940
4.067940
4.067940
4.067940
4.067940
4.067940
4.067940
4.016624
4.016624
4.016624
4.016624
4.016624
4.016624
4.016624
4.016624
4.016624
4.016624
4.016624
4.016624
4.016624
4.016624
4.016624
4.683468
4.683468
4.683468
4.683468
4.683468
4.683468
4.683468
4.683468
4.683468
4.683468
4.683468
4.683468
4.683468
4.683468
4.683468
6.247374
6.247374
6.247374
6.247374
6.247374
6.247374
6.247374
6.247374
6.247374
6.247374
6.247374
6.247374
6.247374
6.247374
6.247374
6.571849
6.571849
6.571849
6.571849
6.571849
6.571849
6.571849
6.571849
6.571849
6.571849
6.571849
6.571849
6.571849
6.571849
6.571849
4.571482
4.571482
4.571482
4.571482
4.571482
4.571482
4.571482
4.571482
4.571482
4.571482
4.571482
4.571482
4.571482
4.571482
4.571482
4.532445
4.532445
4.532445
4.532445
4.532445
4.532445
4.532445
4.532445
4.532445
4.532445
4.532445
4.532445
4.532445
4.532445
4.532445
4.299727
4.299727
4.299727
4.299727
4.299727
4.299727
4.299727
4.299727
4.299727
4.299727
4.299727
4.299727
4.299727
4.299727
4.299727
4.657661
4.657661
4.657661
4.657661
4.657661
4.657661
4.657661
4.657661
4.657661
4.657661
4.657661
4.657661
4.657661
4.657661
4.657661
4.908500
4.908500
4.908500
4.908500
4.908500
4.908500
4.908500
4.908500
4.908500
4.908500
4.908500
4.908500
4.908500
4.908500
4.908500
5.152146
5.152146
5.152146
5.152146
5.152146
5.152146
5.152146
5.152146
5.152146
5.152146
5.152146
5.152146
5.152146
5.152146
5.152146
5.336649
5.336649
5.336649
5.336649
5.336649
5.336649
5.336649
5.336649
5.336649
5.336649
5.336649
5.336649
5.336649
5.336649
5.336649
4.679738
4.679738
4.679738
4.679738
4.679738
4.679738
4.679738
4.679738
4.679738
4.679738
4.679738
4.679738
4.679738
4.679738
4.679738
4.713698
4.713698
4.713698
4.713698
4.713698
4.713698
4.713698
4.713698
4.713698
4.713698
4.713698
4.713698
4.713698
4.713698
4.713698
6.429044
6.429044
6.429044
6.429044
6.429044
6.429044
6.429044
6.429044
6.429044
6.429044
6.429044
6.429044
6.429044
6.429044
6.429044
6.629358
6.629358
6.629358
6.629358
6.629358
6.629358
6.629358
6.629358
6.629358
6.629358
6.629358
6.629358
6.629358
6.629358
6.629358
6.367761
6.367761
6.367761
6.367761
6.367761
6.367761
6.367761
6.367761
6.367761
6.367761
6.367761
6.367761
6.367761
6.367761
6.367761
5.498419
5.498419
5.498419
5.498419
5.498419
5.498419
5.498419
5.498419
5.498419
5.498419
5.498419
5.498419
5.498419
5.498419
5.498419
6.213221
6.213221
6.213221
6.213221
6.213221
6.213221
6.213221
6.213221
6.213221
6.213221
6.213221
6.213221
6.213221
6.213221
6.213221
6.980522
6.980522
6.980522
6.980522
6.980522
6.980522
6.980522
6.980522
6.980522
6.980522
6.980522
6.980522
6.980522
6.980522
6.980522
5.325933
5.325933
5.325933
5.325933
5.325933
5.325933
5.325933
5.325933
5.325933
5.325933
5.325933
5.325933
5.325933
5.325933
5.325933
5.627609
5.627609
5.627609
5.627609
5.627609
5.627609
5.627609
5.627609
5.627609
5.627609
5.627609
5.627609
5.627609
5.627609
5.627609
5.671942
5.671942
5.671942
5.671942
5.671942
5.671942
5.671942
5.671942
5.671942
5.671942
5.671942
5.671942
5.671942
5.671942
5.671942
4.794590
4.794590
4.794590
4.794590
4.794590
4.794590
4.794590
4.794590
4.794590
4.794590
4.794590
4.794590
4.794590
4.794590
4.794590
10.544698
10.544698
10.544698
10.544698
10.544698
10.544698
10.544698
10.544698
10.544698
10.544698
10.544698
10.544698
10.544698
10.544698
10.544698
8.818047
8.818047
8.818047
8.818047
8.818047
8.818047
8.818047
8.818047
8.818047
8.818047
8.818047
8.818047
8.818047
8.818047
8.818047
10.105314
10.105314
10.105314
10.105314
10.105314
10.105314
10.105314
10.105314
10.105314
10.105314
10.105314
10.105314
10.105314
10.105314
10.105314
8.699446
8.699446
8.699446
8.699446
8.699446
8.699446
8.699446
8.699446
8.699446
8.699446
8.699446
8.699446
8.699446
8.699446
8.699446
7.042556
7.042556
7.042556
7.042556
7.042556
7.042556
7.042556
7.042556
7.042556
7.042556
7.042556
7.042556
7.042556
7.042556
7.042556
6.953374
6.953374
6.953374
6.953374
6.953374
6.953374
6.953374
6.953374
6.953374
6.953374
6.953374
6.953374
6.953374
6.953374
6.953374
7.788431
7.788431
7.788431
7.788431
7.788431
7.788431
7.788431
7.788431
7.788431
7.788431
7.788431
7.788431
7.788431
7.788431
7.788431
5.954579
5.954579
5.954579
5.954579
5.954579
5.954579
5.954579
5.954579
5.954579
5.954579
5.954579
5.954579
5.954579
5.954579
5.954579
5.620930
5.620930
5.620930
5.620930
5.620930
5.620930
5.620930
5.620930
5.620930
5.620930
5.620930
5.620930
5.620930
5.620930
5.620930
5.111642
5.111642
5.111642
5.111642
5.111642
5.111642
5.111642
5.111642
5.111642
5.111642
5.111642
5.111642
5.111642
5.111642
5.111642
5.032939
5.032939
5.032939
5.032939
5.032939
5.032939
5.032939
5.032939
5.032939
5.032939
5.032939
5.032939
5.032939
5.032939
5.032939
4.589128
4.589128
4.589128
4.589128
4.589128
4.589128
4.589128
4.589128
4.589128
4.589128
4.589128
4.589128
4.589128
4.589128
4.589128
5.038405
5.038405
5.038405
5.038405
5.038405
5.038405
5.038405
5.038405
5.038405
5.038405
5.038405
5.038405
5.038405
5.038405
5.038405
5.627142
5.627142
5.627142
5.627142
5.627142
5.627142
5.627142
5.627142
5.627142
5.627142
5.627142
5.627142
5.627142
5.627142
5.627142
4.406391
4.406391
4.406391
4.406391
4.406391
4.406391
4.406391
4.406391
4.406391
4.406391
4.406391
4.406391
4.406391
4.406391
4.406391
5.908706
5.908706
5.908706
5.908706
5.908706
5.908706
5.908706
5.908706
5.908706
5.908706
5.908706
5.908706
5.908706
5.908706
5.908706
6.680919
6.680919
6.680919
6.680919
6.680919
6.680919
6.680919
6.680919
6.680919
6.680919
6.680919
6.680919
6.680919
6.680919
6.680919
7.113528
7.113528
7.113528
7.113528
7.113528
7.113528
7.113528
7.113528
7.113528
7.113528
7.113528
7.113528
7.113528
7.113528
7.113528
8.321915
8.321915
8.321915
8.321915
8.321915
8.321915
8.321915
8.321915
8.321915
8.321915
8.321915
8.321915
8.321915
8.321915
8.321915
6.581857
6.581857
6.581857
6.581857
6.581857
6.581857
6.581857
6.581857
6.581857
6.581857
6.581857
6.581857
6.581857
6.581857
6.581857
4.656358
4.656358
4.656358
4.656358
4.656358
4.656358
4.656358
4.656358
4.656358
4.656358
4.656358
4.656358
4.656358
4.656358
4.656358
4.560755
4.560755
4.560755
4.560755
4.560755
4.560755
4.560755
4.560755
4.560755
4.560755
4.560755
4.560755
4.560755
4.560755
4.560755
4.433139
4.433139
4.433139
4.433139
4.433139
4.433139
4.433139
4.433139
4.433139
4.433139
4.433139
4.433139
4.433139
4.433139
4.433139
4.635401
4.635401
4.635401
4.635401
4.635401
4.635401
4.635401
4.635401
4.635401
4.635401
4.635401
4.635401
4.635401
4.635401
4.635401
5.602277
5.602277
5.602277
5.602277
5.602277
5.602277
5.602277
5.602277
5.602277
5.602277
5.602277
5.602277
5.602277
5.602277
5.602277
6.226715
6.226715
6.226715
6.226715
6.226715
6.226715
6.226715
6.226715
6.226715
6.226715
6.226715
6.226715
6.226715
6.226715
6.226715
7.416788
7.416788
7.416788
7.416788
7.416788
7.416788
7.416788
7.416788
7.416788
7.416788
7.416788
7.416788
7.416788
7.416788
7.416788
9.359346
9.359346
9.359346
9.359346
9.359346
9.359346
9.359346
9.359346
9.359346
9.359346
9.359346
9.359346
9.359346
9.359346
9.359346
11.428962
11.428962
11.428962
11.428962
11.428962
11.428962
11.428962
11.428962
11.428962
11.428962
11.428962
11.428962
11.428962
11.428962
11.428962
11.761369
11.761369
11.761369
11.761369
11.761369
11.761369
11.761369
11.761369
11.761369
11.761369
11.761369
11.761369
11.761369
11.761369
11.761369
8.508071
8.508071
8.508071
8.508071
8.508071
8.508071
8.508071
8.508071
8.508071
8.508071
8.508071
8.508071
8.508071
8.508071
8.508071
5.465565
5.465565
5.465565
5.465565
5.465565
5.465565
5.465565
5.465565
5.465565
5.465565
5.465565
5.465565
5.465565
5.465565
5.465565
4.753281
4.753281
4.753281
4.753281
4.753281
4.753281
4.753281
4.753281
4.753281
4.753281
4.753281
4.753281
4.753281
4.753281
4.753281
4.152167
4.152167
4.152167
4.152167
4.152167
4.152167
4.152167
4.152167
4.152167
4.152167
4.152167
4.152167
4.152167
4.152167
4.152167
4.031415
4.031415
4.031415
4.031415
4.031415
4.031415
4.031415
4.031415
4.031415
4.031415
4.031415
4.031415
4.031415
4.031415
4.031415
3.821582
3.821582
3.821582
3.821582
3.821582
3.821582
3.821582
3.821582
3.821582
3.821582
3.821582
3.821582
3.821582
3.821582
3.821582
4.630873
4.630873
4.630873
4.630873
4.630873
4.630873
4.630873
4.630873
4.630873
4.630873
4.630873
4.630873
4.630873
4.630873
4.630873
5.659164
5.659164
5.659164
5.659164
5.659164
5.659164
5.659164
5.659164
5.659164
5.659164
5.659164
5.659164
5.659164
5.659164
5.659164
5.506093
5.506093
5.506093
5.506093
5.506093
5.506093
5.506093
5.506093
5.506093
5.506093
5.506093
5.506093
5.506093
5.506093
5.506093
7.192135
7.192135
7.192135
7.192135
7.192135
7.192135
7.192135
7.192135
7.192135
7.192135
7.192135
7.192135
7.192135
7.192135
7.192135
6.705065
6.705065
6.705065
6.705065
6.705065
6.705065
6.705065
6.705065
6.705065
6.705065
6.705065
6.705065
6.705065
6.705065
6.705065
6.487860
6.487860
6.487860
6.487860
6.487860
6.487860
6.487860
6.487860
6.487860
6.487860
6.487860
6.487860
6.487860
6.487860
6.487860
8.025526
8.025526
8.025526
8.025526
8.025526
8.025526
8.025526
8.025526
8.025526
8.025526
8.025526
8.025526
8.025526
8.025526
8.025526
8.652251
8.652251
8.652251
8.652251
8.652251
8.652251
8.652251
8.652251
8.652251
8.652251
8.652251
8.652251
8.652251
8.652251
8.652251
10.745971
10.745971
10.745971
10.745971
10.745971
10.745971
10.745971
10.745971
10.745971
10.745971
10.745971
10.745971
10.745971
10.745971
10.745971
8.650001
8.650001
8.650001
8.650001
8.650001
8.650001
8.650001
8.650001
8.650001
8.650001
8.650001
8.650001
8.650001
8.650001
8.650001
7.793666
7.793666
7.793666
7.793666
7.793666
7.793666
7.793666
7.793666
7.793666
7.793666
7.793666
7.793666
7.793666
7.793666
7.793666
4.986927
4.986927
4.986927
4.986927
4.986927
4.986927
4.986927
4.986927
4.986927
4.986927
4.986927
4.986927
4.986927
4.986927
4.986927
5.497975
5.497975
5.497975
5.497975
5.497975
5.497975
5.497975
5.497975
5.497975
5.497975
5.497975
5.497975
5.497975
5.497975
5.497975
5.115138
5.115138
5.115138
5.115138
5.115138
5.115138
5.115138
5.115138
5.115138
5.115138
5.115138
5.115138
5.115138
5.115138
5.115138
5.452272
5.452272
5.452272
5.452272
5.452272
5.452272
5.452272
5.452272
5.452272
5.452272
5.452272
5.452272
5.452272
5.452272
5.452272
5.821366
5.821366
5.821366
5.821366
5.821366
5.821366
5.821366
5.821366
5.821366
5.821366
5.821366
5.821366
5.821366
5.821366
5.821366
5.252294
5.252294
5.252294
5.252294
5.252294
5.252294
5.252294
5.252294
5.252294
5.252294
5.252294
5.252294
5.252294
5.252294
5.252294
4.800586
4.800586
4.800586
4.800586
4.800586
4.800586
4.800586
4.800586
4.800586
4.800586
4.800586
4.800586
4.800586
4.800586
4.800586
4.254622
4.254622
4.254622
4.254622
4.254622
4.254622
4.254622
4.254622
4.254622
4.254622
4.254622
4.254622
4.254622
4.254622
4.254622
3.858194
3.858194
3.858194
3.858194
3.858194
3.858194
3.858194
3.858194
3.858194
3.858194
3.858194
3.858194
3.858194
3.858194
3.858194
4.373992
4.373992
4.373992
4.373992
4.373992
4.373992
4.373992
4.373992
4.373992
4.373992
4.373992
4.373992
4.373992
4.373992
4.373992
