8.578503
8.578503
8.578503
8.578503
8.578503
8.578503
8.578503
8.578503
8.578503
8.578503
8.578503
8.578503
8.578503
8.578503
8.578503
8.769018
8.769018
8.769018
8.769018
8.769018
8.769018
8.769018
8.769018
8.769018
8.769018
8.769018
8.769018
8.769018
8.769018
8.769018
8.336975
8.336975
8.336975
8.336975
8.336975
8.336975
8.336975
8.336975
8.336975
8.336975
8.336975
8.336975
8.336975
8.336975
8.336975
7.981087
7.981087
7.981087
7.981087
7.981087
7.981087
7.981087
7.981087
7.981087
7.981087
7.981087
7.981087
7.981087
7.981087
7.981087
8.033950
8.033950
8.033950
8.033950
8.033950
8.033950
8.033950
8.033950
8.033950
8.033950
8.033950
8.033950
8.033950
8.033950
8.033950
8.124634
8.124634
8.124634
8.124634
8.124634
8.124634
8.124634
8.124634
8.124634
8.124634
8.124634
8.124634
8.124634
8.124634
8.124634
7.946644
7.946644
7.946644
7.946644
7.946644
7.946644
7.946644
7.946644
7.946644
7.946644
7.946644
7.946644
7.946644
7.946644
7.946644
8.081873
8.081873
8.081873
8.081873
8.081873
8.081873
8.081873
8.081873
8.081873
8.081873
8.081873
8.081873
8.081873
8.081873
8.081873
9.054674
9.054674
9.054674
9.054674
9.054674
9.054674
9.054674
9.054674
9.054674
9.054674
9.054674
9.054674
9.054674
9.054674
9.054674
9.862333
9.862333
9.862333
9.862333
9.862333
9.862333
9.862333
9.862333
9.862333
9.862333
9.862333
9.862333
9.862333
9.862333
9.862333
10.039001
10.039001
10.039001
10.039001
10.039001
10.039001
10.039001
10.039001
10.039001
10.039001
10.039001
10.039001
10.039001
10.039001
10.039001
9.567223
9.567223
9.567223
9.567223
9.567223
9.567223
9.567223
9.567223
9.567223
9.567223
9.567223
9.567223
9.567223
9.567223
9.567223
9.640407
9.640407
9.640407
9.640407
9.640407
9.640407
9.640407
9.640407
9.640407
9.640407
9.640407
9.640407
9.640407
9.640407
9.640407
9.317434
9.317434
9.317434
9.317434
9.317434
9.317434
9.317434
9.317434
9.317434
9.317434
9.317434
9.317434
9.317434
9.317434
9.317434
9.153777
9.153777
9.153777
9.153777
9.153777
9.153777
9.153777
9.153777
9.153777
9.153777
9.153777
9.153777
9.153777
9.153777
9.153777
9.922526
9.922526
9.922526
9.922526
9.922526
9.922526
9.922526
9.922526
9.922526
9.922526
9.922526
9.922526
9.922526
9.922526
9.922526
10.720633
10.720633
10.720633
10.720633
10.720633
10.720633
10.720633
10.720633
10.720633
10.720633
10.720633
10.720633
10.720633
10.720633
10.720633
9.902087
9.902087
9.902087
9.902087
9.902087
9.902087
9.902087
9.902087
9.902087
9.902087
9.902087
9.902087
9.902087
9.902087
9.902087
9.946260
9.946260
9.946260
9.946260
9.946260
9.946260
9.946260
9.946260
9.946260
9.946260
9.946260
9.946260
9.946260
9.946260
9.946260
9.460222
9.460222
9.460222
9.460222
9.460222
9.460222
9.460222
9.460222
9.460222
9.460222
9.460222
9.460222
9.460222
9.460222
9.460222
10.550742
10.550742
10.550742
10.550742
10.550742
10.550742
10.550742
10.550742
10.550742
10.550742
10.550742
10.550742
10.550742
10.550742
10.550742
10.226064
10.226064
10.226064
10.226064
10.226064
10.226064
10.226064
10.226064
10.226064
10.226064
10.226064
10.226064
10.226064
10.226064
10.226064
10.139171
10.139171
10.139171
10.139171
10.139171
10.139171
10.139171
10.139171
10.139171
10.139171
10.139171
10.139171
10.139171
10.139171
10.139171
11.388041
11.388041
11.388041
11.388041
11.388041
11.388041
11.388041
11.388041
11.388041
11.388041
11.388041
11.388041
11.388041
11.388041
11.388041
11.601084
11.601084
11.601084
11.601084
11.601084
11.601084
11.601084
11.601084
11.601084
11.601084
11.601084
11.601084
11.601084
11.601084
11.601084
14.070640
14.070640
14.070640
14.070640
14.070640
14.070640
14.070640
14.070640
14.070640
14.070640
14.070640
14.070640
14.070640
14.070640
14.070640
14.494985
14.494985
14.494985
14.494985
14.494985
14.494985
14.494985
14.494985
14.494985
14.494985
14.494985
14.494985
14.494985
14.494985
14.494985
14.431684
14.431684
14.431684
14.431684
14.431684
14.431684
14.431684
14.431684
14.431684
14.431684
14.431684
14.431684
14.431684
14.431684
14.431684
13.104536
13.104536
13.104536
13.104536
13.104536
13.104536
13.104536
13.104536
13.104536
13.104536
13.104536
13.104536
13.104536
13.104536
13.104536
13.082895
13.082895
13.082895
13.082895
13.082895
13.082895
13.082895
13.082895
13.082895
13.082895
13.082895
13.082895
13.082895
13.082895
13.082895
14.116102
14.116102
14.116102
14.116102
14.116102
14.116102
14.116102
14.116102
14.116102
14.116102
14.116102
14.116102
14.116102
14.116102
14.116102
14.289193
14.289193
14.289193
14.289193
14.289193
14.289193
14.289193
14.289193
14.289193
14.289193
14.289193
14.289193
14.289193
14.289193
14.289193
14.598679
14.598679
14.598679
14.598679
14.598679
14.598679
14.598679
14.598679
14.598679
14.598679
14.598679
14.598679
14.598679
14.598679
14.598679
14.843978
14.843978
14.843978
14.843978
14.843978
14.843978
14.843978
14.843978
14.843978
14.843978
14.843978
14.843978
14.843978
14.843978
14.843978
14.384864
14.384864
14.384864
14.384864
14.384864
14.384864
14.384864
14.384864
14.384864
14.384864
14.384864
14.384864
14.384864
14.384864
14.384864
15.107796
15.107796
15.107796
15.107796
15.107796
15.107796
15.107796
15.107796
15.107796
15.107796
15.107796
15.107796
15.107796
15.107796
15.107796
15.861195
15.861195
15.861195
15.861195
15.861195
15.861195
15.861195
15.861195
15.861195
15.861195
15.861195
15.861195
15.861195
15.861195
15.861195
14.524984
14.524984
14.524984
14.524984
14.524984
14.524984
14.524984
14.524984
14.524984
14.524984
14.524984
14.524984
14.524984
14.524984
14.524984
14.166832
14.166832
14.166832
14.166832
14.166832
14.166832
14.166832
14.166832
14.166832
14.166832
14.166832
14.166832
14.166832
14.166832
14.166832
14.587834
14.587834
14.587834
14.587834
14.587834
14.587834
14.587834
14.587834
14.587834
14.587834
14.587834
14.587834
14.587834
14.587834
14.587834
15.037715
15.037715
15.037715
15.037715
15.037715
15.037715
15.037715
15.037715
15.037715
15.037715
15.037715
15.037715
15.037715
15.037715
15.037715
14.516146
14.516146
14.516146
14.516146
14.516146
14.516146
14.516146
14.516146
14.516146
14.516146
14.516146
14.516146
14.516146
14.516146
14.516146
14.171475
14.171475
14.171475
14.171475
14.171475
14.171475
14.171475
14.171475
14.171475
14.171475
14.171475
14.171475
14.171475
14.171475
14.171475
13.213525
13.213525
13.213525
13.213525
13.213525
13.213525
13.213525
13.213525
13.213525
13.213525
13.213525
13.213525
13.213525
13.213525
13.213525
13.264755
13.264755
13.264755
13.264755
13.264755
13.264755
13.264755
13.264755
13.264755
13.264755
13.264755
13.264755
13.264755
13.264755
13.264755
12.290640
12.290640
12.290640
12.290640
12.290640
12.290640
12.290640
12.290640
12.290640
12.290640
12.290640
12.290640
12.290640
12.290640
12.290640
13.087370
13.087370
13.087370
13.087370
13.087370
13.087370
13.087370
13.087370
13.087370
13.087370
13.087370
13.087370
13.087370
13.087370
13.087370
13.995050
13.995050
13.995050
13.995050
13.995050
13.995050
13.995050
13.995050
13.995050
13.995050
13.995050
13.995050
13.995050
13.995050
13.995050
13.256029
13.256029
13.256029
13.256029
13.256029
13.256029
13.256029
13.256029
13.256029
13.256029
13.256029
13.256029
13.256029
13.256029
13.256029
13.705185
13.705185
13.705185
13.705185
13.705185
13.705185
13.705185
13.705185
13.705185
13.705185
13.705185
13.705185
13.705185
13.705185
13.705185
13.903112
13.903112
13.903112
13.903112
13.903112
13.903112
13.903112
13.903112
13.903112
13.903112
13.903112
13.903112
13.903112
13.903112
13.903112
13.425412
13.425412
13.425412
13.425412
13.425412
13.425412
13.425412
13.425412
13.425412
13.425412
13.425412
13.425412
13.425412
13.425412
13.425412
13.279935
13.279935
13.279935
13.279935
13.279935
13.279935
13.279935
13.279935
13.279935
13.279935
13.279935
13.279935
13.279935
13.279935
13.279935
13.526805
13.526805
13.526805
13.526805
13.526805
13.526805
13.526805
13.526805
13.526805
13.526805
13.526805
13.526805
13.526805
13.526805
13.526805
13.364740
13.364740
13.364740
13.364740
13.364740
13.364740
13.364740
13.364740
13.364740
13.364740
13.364740
13.364740
13.364740
13.364740
13.364740
13.181591
13.181591
13.181591
13.181591
13.181591
13.181591
13.181591
13.181591
13.181591
13.181591
13.181591
13.181591
13.181591
13.181591
13.181591
12.384204
12.384204
12.384204
12.384204
12.384204
12.384204
12.384204
12.384204
12.384204
12.384204
12.384204
12.384204
12.384204
12.384204
12.384204
12.360472
12.360472
12.360472
12.360472
12.360472
12.360472
12.360472
12.360472
12.360472
12.360472
12.360472
12.360472
12.360472
12.360472
12.360472
12.623340
12.623340
12.623340
12.623340
12.623340
12.623340
12.623340
12.623340
12.623340
12.623340
12.623340
12.623340
12.623340
12.623340
12.623340
13.472046
13.472046
13.472046
13.472046
13.472046
13.472046
13.472046
13.472046
13.472046
13.472046
13.472046
13.472046
13.472046
13.472046
13.472046
14.091293
14.091293
14.091293
14.091293
14.091293
14.091293
14.091293
14.091293
14.091293
14.091293
14.091293
14.091293
14.091293
14.091293
14.091293
14.687781
14.687781
14.687781
14.687781
14.687781
14.687781
14.687781
14.687781
14.687781
14.687781
14.687781
14.687781
14.687781
14.687781
14.687781
14.189572
14.189572
14.189572
14.189572
14.189572
14.189572
14.189572
14.189572
14.189572
14.189572
14.189572
14.189572
14.189572
14.189572
14.189572
13.435633
13.435633
13.435633
13.435633
13.435633
13.435633
13.435633
13.435633
13.435633
13.435633
13.435633
13.435633
13.435633
13.435633
13.435633
13.534273
13.534273
13.534273
13.534273
13.534273
13.534273
13.534273
13.534273
13.534273
13.534273
13.534273
13.534273
13.534273
13.534273
13.534273
12.693959
12.693959
12.693959
12.693959
12.693959
12.693959
12.693959
12.693959
12.693959
12.693959
12.693959
12.693959
12.693959
12.693959
12.693959
12.365716
12.365716
12.365716
12.365716
12.365716
12.365716
12.365716
12.365716
12.365716
12.365716
12.365716
12.365716
12.365716
12.365716
12.365716
12.947959
12.947959
12.947959
12.947959
12.947959
12.947959
12.947959
12.947959
12.947959
12.947959
12.947959
12.947959
12.947959
12.947959
12.947959
12.655461
12.655461
12.655461
12.655461
12.655461
12.655461
12.655461
12.655461
12.655461
12.655461
12.655461
12.655461
12.655461
12.655461
12.655461
10.284544
10.284544
10.284544
10.284544
10.284544
10.284544
10.284544
10.284544
10.284544
10.284544
10.284544
10.284544
10.284544
10.284544
10.284544
10.405526
10.405526
10.405526
10.405526
10.405526
10.405526
10.405526
10.405526
10.405526
10.405526
10.405526
10.405526
10.405526
10.405526
10.405526
10.940727
10.940727
10.940727
10.940727
10.940727
10.940727
10.940727
10.940727
10.940727
10.940727
10.940727
10.940727
10.940727
10.940727
10.940727
10.546851
10.546851
10.546851
10.546851
10.546851
10.546851
10.546851
10.546851
10.546851
10.546851
10.546851
10.546851
10.546851
10.546851
10.546851
10.689148
10.689148
10.689148
10.689148
10.689148
10.689148
10.689148
10.689148
10.689148
10.689148
10.689148
10.689148
10.689148
10.689148
10.689148
9.970678
9.970678
9.970678
9.970678
9.970678
9.970678
9.970678
9.970678
9.970678
9.970678
9.970678
9.970678
9.970678
9.970678
9.970678
9.400894
9.400894
9.400894
9.400894
9.400894
9.400894
9.400894
9.400894
9.400894
9.400894
9.400894
9.400894
9.400894
9.400894
9.400894
8.680924
8.680924
8.680924
8.680924
8.680924
8.680924
8.680924
8.680924
8.680924
8.680924
8.680924
8.680924
8.680924
8.680924
8.680924
8.879987
8.879987
8.879987
8.879987
8.879987
8.879987
8.879987
8.879987
8.879987
8.879987
8.879987
8.879987
8.879987
8.879987
8.879987
9.191530
9.191530
9.191530
9.191530
9.191530
9.191530
9.191530
9.191530
9.191530
9.191530
9.191530
9.191530
9.191530
9.191530
9.191530
9.695185
9.695185
9.695185
9.695185
9.695185
9.695185
9.695185
9.695185
9.695185
9.695185
9.695185
9.695185
9.695185
9.695185
9.695185
9.685055
9.685055
9.685055
9.685055
9.685055
9.685055
9.685055
9.685055
9.685055
9.685055
9.685055
9.685055
9.685055
9.685055
9.685055
9.307066
9.307066
9.307066
9.307066
9.307066
9.307066
9.307066
9.307066
9.307066
9.307066
9.307066
9.307066
9.307066
9.307066
9.307066
9.304112
9.304112
9.304112
9.304112
9.304112
9.304112
9.304112
9.304112
9.304112
9.304112
9.304112
9.304112
9.304112
9.304112
9.304112
8.698112
8.698112
8.698112
8.698112
8.698112
8.698112
8.698112
8.698112
8.698112
8.698112
8.698112
8.698112
8.698112
8.698112
8.698112
8.852150
8.852150
8.852150
8.852150
8.852150
8.852150
8.852150
8.852150
8.852150
8.852150
8.852150
8.852150
8.852150
8.852150
8.852150
9.409998
9.409998
9.409998
9.409998
9.409998
9.409998
9.409998
9.409998
9.409998
9.409998
9.409998
9.409998
9.409998
9.409998
9.409998
8.513932
8.513932
8.513932
8.513932
8.513932
8.513932
8.513932
8.513932
8.513932
8.513932
8.513932
8.513932
8.513932
8.513932
8.513932
8.195452
8.195452
8.195452
8.195452
8.195452
8.195452
8.195452
8.195452
8.195452
8.195452
8.195452
8.195452
8.195452
8.195452
8.195452
7.858556
7.858556
7.858556
7.858556
7.858556
7.858556
7.858556
7.858556
7.858556
7.858556
7.858556
7.858556
7.858556
7.858556
7.858556
7.674301
7.674301
7.674301
7.674301
7.674301
7.674301
7.674301
7.674301
7.674301
7.674301
7.674301
7.674301
7.674301
7.674301
7.674301
7.461228
7.461228
7.461228
7.461228
7.461228
7.461228
7.461228
7.461228
7.461228
7.461228
7.461228
7.461228
7.461228
7.461228
7.461228
7.278960
7.278960
7.278960
7.278960
7.278960
7.278960
7.278960
7.278960
7.278960
7.278960
7.278960
7.278960
7.278960
7.278960
7.278960
7.278127
7.278127
7.278127
7.278127
7.278127
7.278127
7.278127
7.278127
7.278127
7.278127
7.278127
7.278127
7.278127
7.278127
7.278127
7.576313
7.576313
7.576313
7.576313
7.576313
7.576313
7.576313
7.576313
7.576313
7.576313
7.576313
7.576313
7.576313
7.576313
7.576313
7.201276
7.201276
7.201276
7.201276
7.201276
7.201276
7.201276
7.201276
7.201276
7.201276
7.201276
7.201276
7.201276
7.201276
7.201276
7.215022
7.215022
7.215022
7.215022
7.215022
7.215022
7.215022
7.215022
7.215022
7.215022
7.215022
7.215022
7.215022
7.215022
7.215022
