6.186249
6.186249
6.186249
6.186249
6.186249
6.186249
6.186249
6.186249
6.186249
6.186249
6.186249
6.186249
6.186249
6.186249
6.186249
5.716102
5.716102
5.716102
5.716102
5.716102
5.716102
5.716102
5.716102
5.716102
5.716102
5.716102
5.716102
5.716102
5.716102
5.716102
6.247892
6.247892
6.247892
6.247892
6.247892
6.247892
6.247892
6.247892
6.247892
6.247892
6.247892
6.247892
6.247892
6.247892
6.247892
5.786522
5.786522
5.786522
5.786522
5.786522
5.786522
5.786522
5.786522
5.786522
5.786522
5.786522
5.786522
5.786522
5.786522
5.786522
6.414474
6.414474
6.414474
6.414474
6.414474
6.414474
6.414474
6.414474
6.414474
6.414474
6.414474
6.414474
6.414474
6.414474
6.414474
5.960809
5.960809
5.960809
5.960809
5.960809
5.960809
5.960809
5.960809
5.960809
5.960809
5.960809
5.960809
5.960809
5.960809
5.960809
5.703135
5.703135
5.703135
5.703135
5.703135
5.703135
5.703135
5.703135
5.703135
5.703135
5.703135
5.703135
5.703135
5.703135
5.703135
6.042267
6.042267
6.042267
6.042267
6.042267
6.042267
6.042267
6.042267
6.042267
6.042267
6.042267
6.042267
6.042267
6.042267
6.042267
5.909557
5.909557
5.909557
5.909557
5.909557
5.909557
5.909557
5.909557
5.909557
5.909557
5.909557
5.909557
5.909557
5.909557
5.909557
5.841812
5.841812
5.841812
5.841812
5.841812
5.841812
5.841812
5.841812
5.841812
5.841812
5.841812
5.841812
5.841812
5.841812
5.841812
7.419616
7.419616
7.419616
7.419616
7.419616
7.419616
7.419616
7.419616
7.419616
7.419616
7.419616
7.419616
7.419616
7.419616
7.419616
8.894064
8.894064
8.894064
8.894064
8.894064
8.894064
8.894064
8.894064
8.894064
8.894064
8.894064
8.894064
8.894064
8.894064
8.894064
6.999537
6.999537
6.999537
6.999537
6.999537
6.999537
6.999537
6.999537
6.999537
6.999537
6.999537
6.999537
6.999537
6.999537
6.999537
6.168968
6.168968
6.168968
6.168968
6.168968
6.168968
6.168968
6.168968
6.168968
6.168968
6.168968
6.168968
6.168968
6.168968
6.168968
6.165303
6.165303
6.165303
6.165303
6.165303
6.165303
6.165303
6.165303
6.165303
6.165303
6.165303
6.165303
6.165303
6.165303
6.165303
6.708323
6.708323
6.708323
6.708323
6.708323
6.708323
6.708323
6.708323
6.708323
6.708323
6.708323
6.708323
6.708323
6.708323
6.708323
9.291312
9.291312
9.291312
9.291312
9.291312
9.291312
9.291312
9.291312
9.291312
9.291312
9.291312
9.291312
9.291312
9.291312
9.291312
6.513270
6.513270
6.513270
6.513270
6.513270
6.513270
6.513270
6.513270
6.513270
6.513270
6.513270
6.513270
6.513270
6.513270
6.513270
6.896515
6.896515
6.896515
6.896515
6.896515
6.896515
6.896515
6.896515
6.896515
6.896515
6.896515
6.896515
6.896515
6.896515
6.896515
7.009450
7.009450
7.009450
7.009450
7.009450
7.009450
7.009450
7.009450
7.009450
7.009450
7.009450
7.009450
7.009450
7.009450
7.009450
6.455957
6.455957
6.455957
6.455957
6.455957
6.455957
6.455957
6.455957
6.455957
6.455957
6.455957
6.455957
6.455957
6.455957
6.455957
6.364067
6.364067
6.364067
6.364067
6.364067
6.364067
6.364067
6.364067
6.364067
6.364067
6.364067
6.364067
6.364067
6.364067
6.364067
6.657117
6.657117
6.657117
6.657117
6.657117
6.657117
6.657117
6.657117
6.657117
6.657117
6.657117
6.657117
6.657117
6.657117
6.657117
6.010230
6.010230
6.010230
6.010230
6.010230
6.010230
6.010230
6.010230
6.010230
6.010230
6.010230
6.010230
6.010230
6.010230
6.010230
5.542095
5.542095
5.542095
5.542095
5.542095
5.542095
5.542095
5.542095
5.542095
5.542095
5.542095
5.542095
5.542095
5.542095
5.542095
6.023763
6.023763
6.023763
6.023763
6.023763
6.023763
6.023763
6.023763
6.023763
6.023763
6.023763
6.023763
6.023763
6.023763
6.023763
6.230559
6.230559
6.230559
6.230559
6.230559
6.230559
6.230559
6.230559
6.230559
6.230559
6.230559
6.230559
6.230559
6.230559
6.230559
5.384441
5.384441
5.384441
5.384441
5.384441
5.384441
5.384441
5.384441
5.384441
5.384441
5.384441
5.384441
5.384441
5.384441
5.384441
5.405579
5.405579
5.405579
5.405579
5.405579
5.405579
5.405579
5.405579
5.405579
5.405579
5.405579
5.405579
5.405579
5.405579
5.405579
4.119526
4.119526
4.119526
4.119526
4.119526
4.119526
4.119526
4.119526
4.119526
4.119526
4.119526
4.119526
4.119526
4.119526
4.119526
5.677362
5.677362
5.677362
5.677362
5.677362
5.677362
5.677362
5.677362
5.677362
5.677362
5.677362
5.677362
5.677362
5.677362
5.677362
6.006960
6.006960
6.006960
6.006960
6.006960
6.006960
6.006960
6.006960
6.006960
6.006960
6.006960
6.006960
6.006960
6.006960
6.006960
8.648861
8.648861
8.648861
8.648861
8.648861
8.648861
8.648861
8.648861
8.648861
8.648861
8.648861
8.648861
8.648861
8.648861
8.648861
6.034299
6.034299
6.034299
6.034299
6.034299
6.034299
6.034299
6.034299
6.034299
6.034299
6.034299
6.034299
6.034299
6.034299
6.034299
5.562265
5.562265
5.562265
5.562265
5.562265
5.562265
5.562265
5.562265
5.562265
5.562265
5.562265
5.562265
5.562265
5.562265
5.562265
8.874160
8.874160
8.874160
8.874160
8.874160
8.874160
8.874160
8.874160
8.874160
8.874160
8.874160
8.874160
8.874160
8.874160
8.874160
8.833848
8.833848
8.833848
8.833848
8.833848
8.833848
8.833848
8.833848
8.833848
8.833848
8.833848
8.833848
8.833848
8.833848
8.833848
10.558454
10.558454
10.558454
10.558454
10.558454
10.558454
10.558454
10.558454
10.558454
10.558454
10.558454
10.558454
10.558454
10.558454
10.558454
10.534157
10.534157
10.534157
10.534157
10.534157
10.534157
10.534157
10.534157
10.534157
10.534157
10.534157
10.534157
10.534157
10.534157
10.534157
11.305748
11.305748
11.305748
11.305748
11.305748
11.305748
11.305748
11.305748
11.305748
11.305748
11.305748
11.305748
11.305748
11.305748
11.305748
14.290820
14.290820
14.290820
14.290820
14.290820
14.290820
14.290820
14.290820
14.290820
14.290820
14.290820
14.290820
14.290820
14.290820
14.290820
14.374440
14.374440
14.374440
14.374440
14.374440
14.374440
14.374440
14.374440
14.374440
14.374440
14.374440
14.374440
14.374440
14.374440
14.374440
12.890731
12.890731
12.890731
12.890731
12.890731
12.890731
12.890731
12.890731
12.890731
12.890731
12.890731
12.890731
12.890731
12.890731
12.890731
14.909774
14.909774
14.909774
14.909774
14.909774
14.909774
14.909774
14.909774
14.909774
14.909774
14.909774
14.909774
14.909774
14.909774
14.909774
17.664422
17.664422
17.664422
17.664422
17.664422
17.664422
17.664422
17.664422
17.664422
17.664422
17.664422
17.664422
17.664422
17.664422
17.664422
17.513093
17.513093
17.513093
17.513093
17.513093
17.513093
17.513093
17.513093
17.513093
17.513093
17.513093
17.513093
17.513093
17.513093
17.513093
16.507365
16.507365
16.507365
16.507365
16.507365
16.507365
16.507365
16.507365
16.507365
16.507365
16.507365
16.507365
16.507365
16.507365
16.507365
15.495095
15.495095
15.495095
15.495095
15.495095
15.495095
15.495095
15.495095
15.495095
15.495095
15.495095
15.495095
15.495095
15.495095
15.495095
17.380886
17.380886
17.380886
17.380886
17.380886
17.380886
17.380886
17.380886
17.380886
17.380886
17.380886
17.380886
17.380886
17.380886
17.380886
18.082923
18.082923
18.082923
18.082923
18.082923
18.082923
18.082923
18.082923
18.082923
18.082923
18.082923
18.082923
18.082923
18.082923
18.082923
14.054530
14.054530
14.054530
14.054530
14.054530
14.054530
14.054530
14.054530
14.054530
14.054530
14.054530
14.054530
14.054530
14.054530
14.054530
15.005272
15.005272
15.005272
15.005272
15.005272
15.005272
15.005272
15.005272
15.005272
15.005272
15.005272
15.005272
15.005272
15.005272
15.005272
15.898131
15.898131
15.898131
15.898131
15.898131
15.898131
15.898131
15.898131
15.898131
15.898131
15.898131
15.898131
15.898131
15.898131
15.898131
14.698602
14.698602
14.698602
14.698602
14.698602
14.698602
14.698602
14.698602
14.698602
14.698602
14.698602
14.698602
14.698602
14.698602
14.698602
16.670004
16.670004
16.670004
16.670004
16.670004
16.670004
16.670004
16.670004
16.670004
16.670004
16.670004
16.670004
16.670004
16.670004
16.670004
19.389459
19.389459
19.389459
19.389459
19.389459
19.389459
19.389459
19.389459
19.389459
19.389459
19.389459
19.389459
19.389459
19.389459
19.389459
14.525358
14.525358
14.525358
14.525358
14.525358
14.525358
14.525358
14.525358
14.525358
14.525358
14.525358
14.525358
14.525358
14.525358
14.525358
14.114115
14.114115
14.114115
14.114115
14.114115
14.114115
14.114115
14.114115
14.114115
14.114115
14.114115
14.114115
14.114115
14.114115
14.114115
14.701714
14.701714
14.701714
14.701714
14.701714
14.701714
14.701714
14.701714
14.701714
14.701714
14.701714
14.701714
14.701714
14.701714
14.701714
14.992322
14.992322
14.992322
14.992322
14.992322
14.992322
14.992322
14.992322
14.992322
14.992322
14.992322
14.992322
14.992322
14.992322
14.992322
15.594764
15.594764
15.594764
15.594764
15.594764
15.594764
15.594764
15.594764
15.594764
15.594764
15.594764
15.594764
15.594764
15.594764
15.594764
17.827112
17.827112
17.827112
17.827112
17.827112
17.827112
17.827112
17.827112
17.827112
17.827112
17.827112
17.827112
17.827112
17.827112
17.827112
18.279087
18.279087
18.279087
18.279087
18.279087
18.279087
18.279087
18.279087
18.279087
18.279087
18.279087
18.279087
18.279087
18.279087
18.279087
16.306249
16.306249
16.306249
16.306249
16.306249
16.306249
16.306249
16.306249
16.306249
16.306249
16.306249
16.306249
16.306249
16.306249
16.306249
14.687575
14.687575
14.687575
14.687575
14.687575
14.687575
14.687575
14.687575
14.687575
14.687575
14.687575
14.687575
14.687575
14.687575
14.687575
14.923447
14.923447
14.923447
14.923447
14.923447
14.923447
14.923447
14.923447
14.923447
14.923447
14.923447
14.923447
14.923447
14.923447
14.923447
16.177417
16.177417
16.177417
16.177417
16.177417
16.177417
16.177417
16.177417
16.177417
16.177417
16.177417
16.177417
16.177417
16.177417
16.177417
16.509259
16.509259
16.509259
16.509259
16.509259
16.509259
16.509259
16.509259
16.509259
16.509259
16.509259
16.509259
16.509259
16.509259
16.509259
15.182178
15.182178
15.182178
15.182178
15.182178
15.182178
15.182178
15.182178
15.182178
15.182178
15.182178
15.182178
15.182178
15.182178
15.182178
16.661795
16.661795
16.661795
16.661795
16.661795
16.661795
16.661795
16.661795
16.661795
16.661795
16.661795
16.661795
16.661795
16.661795
16.661795
17.516038
17.516038
17.516038
17.516038
17.516038
17.516038
17.516038
17.516038
17.516038
17.516038
17.516038
17.516038
17.516038
17.516038
17.516038
14.350950
14.350950
14.350950
14.350950
14.350950
14.350950
14.350950
14.350950
14.350950
14.350950
14.350950
14.350950
14.350950
14.350950
14.350950
13.915381
13.915381
13.915381
13.915381
13.915381
13.915381
13.915381
13.915381
13.915381
13.915381
13.915381
13.915381
13.915381
13.915381
13.915381
13.457485
13.457485
13.457485
13.457485
13.457485
13.457485
13.457485
13.457485
13.457485
13.457485
13.457485
13.457485
13.457485
13.457485
13.457485
12.055687
12.055687
12.055687
12.055687
12.055687
12.055687
12.055687
12.055687
12.055687
12.055687
12.055687
12.055687
12.055687
12.055687
12.055687
11.408443
11.408443
11.408443
11.408443
11.408443
11.408443
11.408443
11.408443
11.408443
11.408443
11.408443
11.408443
11.408443
11.408443
11.408443
13.586466
13.586466
13.586466
13.586466
13.586466
13.586466
13.586466
13.586466
13.586466
13.586466
13.586466
13.586466
13.586466
13.586466
13.586466
10.388438
10.388438
10.388438
10.388438
10.388438
10.388438
10.388438
10.388438
10.388438
10.388438
10.388438
10.388438
10.388438
10.388438
10.388438
8.465721
8.465721
8.465721
8.465721
8.465721
8.465721
8.465721
8.465721
8.465721
8.465721
8.465721
8.465721
8.465721
8.465721
8.465721
8.093048
8.093048
8.093048
8.093048
8.093048
8.093048
8.093048
8.093048
8.093048
8.093048
8.093048
8.093048
8.093048
8.093048
8.093048
8.051238
8.051238
8.051238
8.051238
8.051238
8.051238
8.051238
8.051238
8.051238
8.051238
8.051238
8.051238
8.051238
8.051238
8.051238
8.027466
8.027466
8.027466
8.027466
8.027466
8.027466
8.027466
8.027466
8.027466
8.027466
8.027466
8.027466
8.027466
8.027466
8.027466
10.930940
10.930940
10.930940
10.930940
10.930940
10.930940
10.930940
10.930940
10.930940
10.930940
10.930940
10.930940
10.930940
10.930940
10.930940
8.998735
8.998735
8.998735
8.998735
8.998735
8.998735
8.998735
8.998735
8.998735
8.998735
8.998735
8.998735
8.998735
8.998735
8.998735
8.188273
8.188273
8.188273
8.188273
8.188273
8.188273
8.188273
8.188273
8.188273
8.188273
8.188273
8.188273
8.188273
8.188273
8.188273
8.983232
8.983232
8.983232
8.983232
8.983232
8.983232
8.983232
8.983232
8.983232
8.983232
8.983232
8.983232
8.983232
8.983232
8.983232
7.767822
7.767822
7.767822
7.767822
7.767822
7.767822
7.767822
7.767822
7.767822
7.767822
7.767822
7.767822
7.767822
7.767822
7.767822
8.414552
8.414552
8.414552
8.414552
8.414552
8.414552
8.414552
8.414552
8.414552
8.414552
8.414552
8.414552
8.414552
8.414552
8.414552
7.172886
7.172886
7.172886
7.172886
7.172886
7.172886
7.172886
7.172886
7.172886
7.172886
7.172886
7.172886
7.172886
7.172886
7.172886
6.655101
6.655101
6.655101
6.655101
6.655101
6.655101
6.655101
6.655101
6.655101
6.655101
6.655101
6.655101
6.655101
6.655101
6.655101
6.521167
6.521167
6.521167
6.521167
6.521167
6.521167
6.521167
6.521167
6.521167
6.521167
6.521167
6.521167
6.521167
6.521167
6.521167
5.740206
5.740206
5.740206
5.740206
5.740206
5.740206
5.740206
5.740206
5.740206
5.740206
5.740206
5.740206
5.740206
5.740206
5.740206
6.081735
6.081735
6.081735
6.081735
6.081735
6.081735
6.081735
6.081735
6.081735
6.081735
6.081735
6.081735
6.081735
6.081735
6.081735
6.183958
6.183958
6.183958
6.183958
6.183958
6.183958
6.183958
6.183958
6.183958
6.183958
6.183958
6.183958
6.183958
6.183958
6.183958
6.745156
6.745156
6.745156
6.745156
6.745156
6.745156
6.745156
6.745156
6.745156
6.745156
6.745156
6.745156
6.745156
6.745156
6.745156
6.805242
6.805242
6.805242
6.805242
6.805242
6.805242
6.805242
6.805242
6.805242
6.805242
6.805242
6.805242
6.805242
6.805242
6.805242
