89.959556
89.959556
89.959556
89.959556
89.959556
89.959556
89.959556
89.959556
89.959556
89.959556
89.959556
89.959556
89.959556
89.959556
89.959556
86.498926
86.498926
86.498926
86.498926
86.498926
86.498926
86.498926
86.498926
86.498926
86.498926
86.498926
86.498926
86.498926
86.498926
86.498926
85.252032
85.252032
85.252032
85.252032
85.252032
85.252032
85.252032
85.252032
85.252032
85.252032
85.252032
85.252032
85.252032
85.252032
85.252032
86.495399
86.495399
86.495399
86.495399
86.495399
86.495399
86.495399
86.495399
86.495399
86.495399
86.495399
86.495399
86.495399
86.495399
86.495399
87.804960
87.804960
87.804960
87.804960
87.804960
87.804960
87.804960
87.804960
87.804960
87.804960
87.804960
87.804960
87.804960
87.804960
87.804960
85.220318
85.220318
85.220318
85.220318
85.220318
85.220318
85.220318
85.220318
85.220318
85.220318
85.220318
85.220318
85.220318
85.220318
85.220318
84.350893
84.350893
84.350893
84.350893
84.350893
84.350893
84.350893
84.350893
84.350893
84.350893
84.350893
84.350893
84.350893
84.350893
84.350893
87.267975
87.267975
87.267975
87.267975
87.267975
87.267975
87.267975
87.267975
87.267975
87.267975
87.267975
87.267975
87.267975
87.267975
87.267975
82.639948
82.639948
82.639948
82.639948
82.639948
82.639948
82.639948
82.639948
82.639948
82.639948
82.639948
82.639948
82.639948
82.639948
82.639948
82.068771
82.068771
82.068771
82.068771
82.068771
82.068771
82.068771
82.068771
82.068771
82.068771
82.068771
82.068771
82.068771
82.068771
82.068771
82.350432
82.350432
82.350432
82.350432
82.350432
82.350432
82.350432
82.350432
82.350432
82.350432
82.350432
82.350432
82.350432
82.350432
82.350432
79.423028
79.423028
79.423028
79.423028
79.423028
79.423028
79.423028
79.423028
79.423028
79.423028
79.423028
79.423028
79.423028
79.423028
79.423028
78.103495
78.103495
78.103495
78.103495
78.103495
78.103495
78.103495
78.103495
78.103495
78.103495
78.103495
78.103495
78.103495
78.103495
78.103495
76.979166
76.979166
76.979166
76.979166
76.979166
76.979166
76.979166
76.979166
76.979166
76.979166
76.979166
76.979166
76.979166
76.979166
76.979166
71.970427
71.970427
71.970427
71.970427
71.970427
71.970427
71.970427
71.970427
71.970427
71.970427
71.970427
71.970427
71.970427
71.970427
71.970427
69.606765
69.606765
69.606765
69.606765
69.606765
69.606765
69.606765
69.606765
69.606765
69.606765
69.606765
69.606765
69.606765
69.606765
69.606765
70.969239
70.969239
70.969239
70.969239
70.969239
70.969239
70.969239
70.969239
70.969239
70.969239
70.969239
70.969239
70.969239
70.969239
70.969239
68.683630
68.683630
68.683630
68.683630
68.683630
68.683630
68.683630
68.683630
68.683630
68.683630
68.683630
68.683630
68.683630
68.683630
68.683630
68.282382
68.282382
68.282382
68.282382
68.282382
68.282382
68.282382
68.282382
68.282382
68.282382
68.282382
68.282382
68.282382
68.282382
68.282382
68.462650
68.462650
68.462650
68.462650
68.462650
68.462650
68.462650
68.462650
68.462650
68.462650
68.462650
68.462650
68.462650
68.462650
68.462650
65.814769
65.814769
65.814769
65.814769
65.814769
65.814769
65.814769
65.814769
65.814769
65.814769
65.814769
65.814769
65.814769
65.814769
65.814769
65.473474
65.473474
65.473474
65.473474
65.473474
65.473474
65.473474
65.473474
65.473474
65.473474
65.473474
65.473474
65.473474
65.473474
65.473474
56.282819
56.282819
56.282819
56.282819
56.282819
56.282819
56.282819
56.282819
56.282819
56.282819
56.282819
56.282819
56.282819
56.282819
56.282819
60.376915
60.376915
60.376915
60.376915
60.376915
60.376915
60.376915
60.376915
60.376915
60.376915
60.376915
60.376915
60.376915
60.376915
60.376915
51.435941
51.435941
51.435941
51.435941
51.435941
51.435941
51.435941
51.435941
51.435941
51.435941
51.435941
51.435941
51.435941
51.435941
51.435941
51.557457
51.557457
51.557457
51.557457
51.557457
51.557457
51.557457
51.557457
51.557457
51.557457
51.557457
51.557457
51.557457
51.557457
51.557457
49.901685
49.901685
49.901685
49.901685
49.901685
49.901685
49.901685
49.901685
49.901685
49.901685
49.901685
49.901685
49.901685
49.901685
49.901685
48.917837
48.917837
48.917837
48.917837
48.917837
48.917837
48.917837
48.917837
48.917837
48.917837
48.917837
48.917837
48.917837
48.917837
48.917837
46.097328
46.097328
46.097328
46.097328
46.097328
46.097328
46.097328
46.097328
46.097328
46.097328
46.097328
46.097328
46.097328
46.097328
46.097328
46.174999
46.174999
46.174999
46.174999
46.174999
46.174999
46.174999
46.174999
46.174999
46.174999
46.174999
46.174999
46.174999
46.174999
46.174999
45.414161
45.414161
45.414161
45.414161
45.414161
45.414161
45.414161
45.414161
45.414161
45.414161
45.414161
45.414161
45.414161
45.414161
45.414161
42.989552
42.989552
42.989552
42.989552
42.989552
42.989552
42.989552
42.989552
42.989552
42.989552
42.989552
42.989552
42.989552
42.989552
42.989552
36.041217
36.041217
36.041217
36.041217
36.041217
36.041217
36.041217
36.041217
36.041217
36.041217
36.041217
36.041217
36.041217
36.041217
36.041217
36.238727
36.238727
36.238727
36.238727
36.238727
36.238727
36.238727
36.238727
36.238727
36.238727
36.238727
36.238727
36.238727
36.238727
36.238727
30.052734
30.052734
30.052734
30.052734
30.052734
30.052734
30.052734
30.052734
30.052734
30.052734
30.052734
30.052734
30.052734
30.052734
30.052734
30.184724
30.184724
30.184724
30.184724
30.184724
30.184724
30.184724
30.184724
30.184724
30.184724
30.184724
30.184724
30.184724
30.184724
30.184724
28.552832
28.552832
28.552832
28.552832
28.552832
28.552832
28.552832
28.552832
28.552832
28.552832
28.552832
28.552832
28.552832
28.552832
28.552832
22.637974
22.637974
22.637974
22.637974
22.637974
22.637974
22.637974
22.637974
22.637974
22.637974
22.637974
22.637974
22.637974
22.637974
22.637974
27.063032
27.063032
27.063032
27.063032
27.063032
27.063032
27.063032
27.063032
27.063032
27.063032
27.063032
27.063032
27.063032
27.063032
27.063032
24.154151
24.154151
24.154151
24.154151
24.154151
24.154151
24.154151
24.154151
24.154151
24.154151
24.154151
24.154151
24.154151
24.154151
24.154151
24.243237
24.243237
24.243237
24.243237
24.243237
24.243237
24.243237
24.243237
24.243237
24.243237
24.243237
24.243237
24.243237
24.243237
24.243237
20.663301
20.663301
20.663301
20.663301
20.663301
20.663301
20.663301
20.663301
20.663301
20.663301
20.663301
20.663301
20.663301
20.663301
20.663301
30.185335
30.185335
30.185335
30.185335
30.185335
30.185335
30.185335
30.185335
30.185335
30.185335
30.185335
30.185335
30.185335
30.185335
30.185335
30.827847
30.827847
30.827847
30.827847
30.827847
30.827847
30.827847
30.827847
30.827847
30.827847
30.827847
30.827847
30.827847
30.827847
30.827847
28.613289
28.613289
28.613289
28.613289
28.613289
28.613289
28.613289
28.613289
28.613289
28.613289
28.613289
28.613289
28.613289
28.613289
28.613289
21.030390
21.030390
21.030390
21.030390
21.030390
21.030390
21.030390
21.030390
21.030390
21.030390
21.030390
21.030390
21.030390
21.030390
21.030390
20.088991
20.088991
20.088991
20.088991
20.088991
20.088991
20.088991
20.088991
20.088991
20.088991
20.088991
20.088991
20.088991
20.088991
20.088991
24.990582
24.990582
24.990582
24.990582
24.990582
24.990582
24.990582
24.990582
24.990582
24.990582
24.990582
24.990582
24.990582
24.990582
24.990582
27.874109
27.874109
27.874109
27.874109
27.874109
27.874109
27.874109
27.874109
27.874109
27.874109
27.874109
27.874109
27.874109
27.874109
27.874109
30.462215
30.462215
30.462215
30.462215
30.462215
30.462215
30.462215
30.462215
30.462215
30.462215
30.462215
30.462215
30.462215
30.462215
30.462215
30.925441
30.925441
30.925441
30.925441
30.925441
30.925441
30.925441
30.925441
30.925441
30.925441
30.925441
30.925441
30.925441
30.925441
30.925441
28.248522
28.248522
28.248522
28.248522
28.248522
28.248522
28.248522
28.248522
28.248522
28.248522
28.248522
28.248522
28.248522
28.248522
28.248522
32.795096
32.795096
32.795096
32.795096
32.795096
32.795096
32.795096
32.795096
32.795096
32.795096
32.795096
32.795096
32.795096
32.795096
32.795096
37.431761
37.431761
37.431761
37.431761
37.431761
37.431761
37.431761
37.431761
37.431761
37.431761
37.431761
37.431761
37.431761
37.431761
37.431761
37.608890
37.608890
37.608890
37.608890
37.608890
37.608890
37.608890
37.608890
37.608890
37.608890
37.608890
37.608890
37.608890
37.608890
37.608890
43.376489
43.376489
43.376489
43.376489
43.376489
43.376489
43.376489
43.376489
43.376489
43.376489
43.376489
43.376489
43.376489
43.376489
43.376489
38.119311
38.119311
38.119311
38.119311
38.119311
38.119311
38.119311
38.119311
38.119311
38.119311
38.119311
38.119311
38.119311
38.119311
38.119311
46.352321
46.352321
46.352321
46.352321
46.352321
46.352321
46.352321
46.352321
46.352321
46.352321
46.352321
46.352321
46.352321
46.352321
46.352321
39.220242
39.220242
39.220242
39.220242
39.220242
39.220242
39.220242
39.220242
39.220242
39.220242
39.220242
39.220242
39.220242
39.220242
39.220242
45.833292
45.833292
45.833292
45.833292
45.833292
45.833292
45.833292
45.833292
45.833292
45.833292
45.833292
45.833292
45.833292
45.833292
45.833292
46.042333
46.042333
46.042333
46.042333
46.042333
46.042333
46.042333
46.042333
46.042333
46.042333
46.042333
46.042333
46.042333
46.042333
46.042333
42.291989
42.291989
42.291989
42.291989
42.291989
42.291989
42.291989
42.291989
42.291989
42.291989
42.291989
42.291989
42.291989
42.291989
42.291989
45.700647
45.700647
45.700647
45.700647
45.700647
45.700647
45.700647
45.700647
45.700647
45.700647
45.700647
45.700647
45.700647
45.700647
45.700647
43.522792
43.522792
43.522792
43.522792
43.522792
43.522792
43.522792
43.522792
43.522792
43.522792
43.522792
43.522792
43.522792
43.522792
43.522792
53.309644
53.309644
53.309644
53.309644
53.309644
53.309644
53.309644
53.309644
53.309644
53.309644
53.309644
53.309644
53.309644
53.309644
53.309644
51.737235
51.737235
51.737235
51.737235
51.737235
51.737235
51.737235
51.737235
51.737235
51.737235
51.737235
51.737235
51.737235
51.737235
51.737235
38.883984
38.883984
38.883984
38.883984
38.883984
38.883984
38.883984
38.883984
38.883984
38.883984
38.883984
38.883984
38.883984
38.883984
38.883984
34.641573
34.641573
34.641573
34.641573
34.641573
34.641573
34.641573
34.641573
34.641573
34.641573
34.641573
34.641573
34.641573
34.641573
34.641573
30.589196
30.589196
30.589196
30.589196
30.589196
30.589196
30.589196
30.589196
30.589196
30.589196
30.589196
30.589196
30.589196
30.589196
30.589196
28.867991
28.867991
28.867991
28.867991
28.867991
28.867991
28.867991
28.867991
28.867991
28.867991
28.867991
28.867991
28.867991
28.867991
28.867991
29.008938
29.008938
29.008938
29.008938
29.008938
29.008938
29.008938
29.008938
29.008938
29.008938
29.008938
29.008938
29.008938
29.008938
29.008938
31.815788
31.815788
31.815788
31.815788
31.815788
31.815788
31.815788
31.815788
31.815788
31.815788
31.815788
31.815788
31.815788
31.815788
31.815788
29.386619
29.386619
29.386619
29.386619
29.386619
29.386619
29.386619
29.386619
29.386619
29.386619
29.386619
29.386619
29.386619
29.386619
29.386619
29.349940
29.349940
29.349940
29.349940
29.349940
29.349940
29.349940
29.349940
29.349940
29.349940
29.349940
29.349940
29.349940
29.349940
29.349940
35.345141
35.345141
35.345141
35.345141
35.345141
35.345141
35.345141
35.345141
35.345141
35.345141
35.345141
35.345141
35.345141
35.345141
35.345141
39.277916
39.277916
39.277916
39.277916
39.277916
39.277916
39.277916
39.277916
39.277916
39.277916
39.277916
39.277916
39.277916
39.277916
39.277916
38.802387
38.802387
38.802387
38.802387
38.802387
38.802387
38.802387
38.802387
38.802387
38.802387
38.802387
38.802387
38.802387
38.802387
38.802387
34.146744
34.146744
34.146744
34.146744
34.146744
34.146744
34.146744
34.146744
34.146744
34.146744
34.146744
34.146744
34.146744
34.146744
34.146744
41.798971
41.798971
41.798971
41.798971
41.798971
41.798971
41.798971
41.798971
41.798971
41.798971
41.798971
41.798971
41.798971
41.798971
41.798971
43.360471
43.360471
43.360471
43.360471
43.360471
43.360471
43.360471
43.360471
43.360471
43.360471
43.360471
43.360471
43.360471
43.360471
43.360471
50.092997
50.092997
50.092997
50.092997
50.092997
50.092997
50.092997
50.092997
50.092997
50.092997
50.092997
50.092997
50.092997
50.092997
50.092997
54.574550
54.574550
54.574550
54.574550
54.574550
54.574550
54.574550
54.574550
54.574550
54.574550
54.574550
54.574550
54.574550
54.574550
54.574550
50.230170
50.230170
50.230170
50.230170
50.230170
50.230170
50.230170
50.230170
50.230170
50.230170
50.230170
50.230170
50.230170
50.230170
50.230170
43.751111
43.751111
43.751111
43.751111
43.751111
43.751111
43.751111
43.751111
43.751111
43.751111
43.751111
43.751111
43.751111
43.751111
43.751111
42.986055
42.986055
42.986055
42.986055
42.986055
42.986055
42.986055
42.986055
42.986055
42.986055
42.986055
42.986055
42.986055
42.986055
42.986055
33.526523
33.526523
33.526523
33.526523
33.526523
33.526523
33.526523
33.526523
33.526523
33.526523
33.526523
33.526523
33.526523
33.526523
33.526523
32.134325
32.134325
32.134325
32.134325
32.134325
32.134325
32.134325
32.134325
32.134325
32.134325
32.134325
32.134325
32.134325
32.134325
32.134325
35.957758
35.957758
35.957758
35.957758
35.957758
35.957758
35.957758
35.957758
35.957758
35.957758
35.957758
35.957758
35.957758
35.957758
35.957758
52.763193
52.763193
52.763193
52.763193
52.763193
52.763193
52.763193
52.763193
52.763193
52.763193
52.763193
52.763193
52.763193
52.763193
52.763193
55.417301
55.417301
55.417301
55.417301
55.417301
55.417301
55.417301
55.417301
55.417301
55.417301
55.417301
55.417301
55.417301
55.417301
55.417301
60.184615
60.184615
60.184615
60.184615
60.184615
60.184615
60.184615
60.184615
60.184615
60.184615
60.184615
60.184615
60.184615
60.184615
60.184615
66.938252
66.938252
66.938252
66.938252
66.938252
66.938252
66.938252
66.938252
66.938252
66.938252
66.938252
66.938252
66.938252
66.938252
66.938252
79.350087
79.350087
79.350087
79.350087
79.350087
79.350087
79.350087
79.350087
79.350087
79.350087
79.350087
79.350087
79.350087
79.350087
79.350087
75.963850
75.963850
75.963850
75.963850
75.963850
75.963850
75.963850
75.963850
75.963850
75.963850
75.963850
75.963850
75.963850
75.963850
75.963850
79.297910
79.297910
79.297910
79.297910
79.297910
79.297910
79.297910
79.297910
79.297910
79.297910
79.297910
79.297910
79.297910
79.297910
79.297910
76.755781
76.755781
76.755781
76.755781
76.755781
76.755781
76.755781
76.755781
76.755781
76.755781
76.755781
76.755781
76.755781
76.755781
76.755781
