47.481023
47.481023
47.481023
47.481023
47.481023
47.481023
47.481023
47.481023
47.481023
47.481023
47.481023
47.481023
47.481023
47.481023
47.481023
46.459118
46.459118
46.459118
46.459118
46.459118
46.459118
46.459118
46.459118
46.459118
46.459118
46.459118
46.459118
46.459118
46.459118
46.459118
41.715750
41.715750
41.715750
41.715750
41.715750
41.715750
41.715750
41.715750
41.715750
41.715750
41.715750
41.715750
41.715750
41.715750
41.715750
44.662891
44.662891
44.662891
44.662891
44.662891
44.662891
44.662891
44.662891
44.662891
44.662891
44.662891
44.662891
44.662891
44.662891
44.662891
40.754782
40.754782
40.754782
40.754782
40.754782
40.754782
40.754782
40.754782
40.754782
40.754782
40.754782
40.754782
40.754782
40.754782
40.754782
42.368729
42.368729
42.368729
42.368729
42.368729
42.368729
42.368729
42.368729
42.368729
42.368729
42.368729
42.368729
42.368729
42.368729
42.368729
44.440486
44.440486
44.440486
44.440486
44.440486
44.440486
44.440486
44.440486
44.440486
44.440486
44.440486
44.440486
44.440486
44.440486
44.440486
36.420408
36.420408
36.420408
36.420408
36.420408
36.420408
36.420408
36.420408
36.420408
36.420408
36.420408
36.420408
36.420408
36.420408
36.420408
38.279135
38.279135
38.279135
38.279135
38.279135
38.279135
38.279135
38.279135
38.279135
38.279135
38.279135
38.279135
38.279135
38.279135
38.279135
39.969846
39.969846
39.969846
39.969846
39.969846
39.969846
39.969846
39.969846
39.969846
39.969846
39.969846
39.969846
39.969846
39.969846
39.969846
40.696203
40.696203
40.696203
40.696203
40.696203
40.696203
40.696203
40.696203
40.696203
40.696203
40.696203
40.696203
40.696203
40.696203
40.696203
39.626333
39.626333
39.626333
39.626333
39.626333
39.626333
39.626333
39.626333
39.626333
39.626333
39.626333
39.626333
39.626333
39.626333
39.626333
43.640986
43.640986
43.640986
43.640986
43.640986
43.640986
43.640986
43.640986
43.640986
43.640986
43.640986
43.640986
43.640986
43.640986
43.640986
44.669937
44.669937
44.669937
44.669937
44.669937
44.669937
44.669937
44.669937
44.669937
44.669937
44.669937
44.669937
44.669937
44.669937
44.669937
38.875949
38.875949
38.875949
38.875949
38.875949
38.875949
38.875949
38.875949
38.875949
38.875949
38.875949
38.875949
38.875949
38.875949
38.875949
38.481433
38.481433
38.481433
38.481433
38.481433
38.481433
38.481433
38.481433
38.481433
38.481433
38.481433
38.481433
38.481433
38.481433
38.481433
42.722412
42.722412
42.722412
42.722412
42.722412
42.722412
42.722412
42.722412
42.722412
42.722412
42.722412
42.722412
42.722412
42.722412
42.722412
43.969081
43.969081
43.969081
43.969081
43.969081
43.969081
43.969081
43.969081
43.969081
43.969081
43.969081
43.969081
43.969081
43.969081
43.969081
37.786060
37.786060
37.786060
37.786060
37.786060
37.786060
37.786060
37.786060
37.786060
37.786060
37.786060
37.786060
37.786060
37.786060
37.786060
36.047735
36.047735
36.047735
36.047735
36.047735
36.047735
36.047735
36.047735
36.047735
36.047735
36.047735
36.047735
36.047735
36.047735
36.047735
38.719965
38.719965
38.719965
38.719965
38.719965
38.719965
38.719965
38.719965
38.719965
38.719965
38.719965
38.719965
38.719965
38.719965
38.719965
38.655727
38.655727
38.655727
38.655727
38.655727
38.655727
38.655727
38.655727
38.655727
38.655727
38.655727
38.655727
38.655727
38.655727
38.655727
38.512183
38.512183
38.512183
38.512183
38.512183
38.512183
38.512183
38.512183
38.512183
38.512183
38.512183
38.512183
38.512183
38.512183
38.512183
36.935769
36.935769
36.935769
36.935769
36.935769
36.935769
36.935769
36.935769
36.935769
36.935769
36.935769
36.935769
36.935769
36.935769
36.935769
32.143049
32.143049
32.143049
32.143049
32.143049
32.143049
32.143049
32.143049
32.143049
32.143049
32.143049
32.143049
32.143049
32.143049
32.143049
31.857846
31.857846
31.857846
31.857846
31.857846
31.857846
31.857846
31.857846
31.857846
31.857846
31.857846
31.857846
31.857846
31.857846
31.857846
29.730931
29.730931
29.730931
29.730931
29.730931
29.730931
29.730931
29.730931
29.730931
29.730931
29.730931
29.730931
29.730931
29.730931
29.730931
32.801423
32.801423
32.801423
32.801423
32.801423
32.801423
32.801423
32.801423
32.801423
32.801423
32.801423
32.801423
32.801423
32.801423
32.801423
31.748621
31.748621
31.748621
31.748621
31.748621
31.748621
31.748621
31.748621
31.748621
31.748621
31.748621
31.748621
31.748621
31.748621
31.748621
26.195671
26.195671
26.195671
26.195671
26.195671
26.195671
26.195671
26.195671
26.195671
26.195671
26.195671
26.195671
26.195671
26.195671
26.195671
32.762862
32.762862
32.762862
32.762862
32.762862
32.762862
32.762862
32.762862
32.762862
32.762862
32.762862
32.762862
32.762862
32.762862
32.762862
36.060386
36.060386
36.060386
36.060386
36.060386
36.060386
36.060386
36.060386
36.060386
36.060386
36.060386
36.060386
36.060386
36.060386
36.060386
36.702574
36.702574
36.702574
36.702574
36.702574
36.702574
36.702574
36.702574
36.702574
36.702574
36.702574
36.702574
36.702574
36.702574
36.702574
39.588777
39.588777
39.588777
39.588777
39.588777
39.588777
39.588777
39.588777
39.588777
39.588777
39.588777
39.588777
39.588777
39.588777
39.588777
47.340225
47.340225
47.340225
47.340225
47.340225
47.340225
47.340225
47.340225
47.340225
47.340225
47.340225
47.340225
47.340225
47.340225
47.340225
36.809206
36.809206
36.809206
36.809206
36.809206
36.809206
36.809206
36.809206
36.809206
36.809206
36.809206
36.809206
36.809206
36.809206
36.809206
30.096646
30.096646
30.096646
30.096646
30.096646
30.096646
30.096646
30.096646
30.096646
30.096646
30.096646
30.096646
30.096646
30.096646
30.096646
35.722355
35.722355
35.722355
35.722355
35.722355
35.722355
35.722355
35.722355
35.722355
35.722355
35.722355
35.722355
35.722355
35.722355
35.722355
31.764806
31.764806
31.764806
31.764806
31.764806
31.764806
31.764806
31.764806
31.764806
31.764806
31.764806
31.764806
31.764806
31.764806
31.764806
33.534736
33.534736
33.534736
33.534736
33.534736
33.534736
33.534736
33.534736
33.534736
33.534736
33.534736
33.534736
33.534736
33.534736
33.534736
30.857023
30.857023
30.857023
30.857023
30.857023
30.857023
30.857023
30.857023
30.857023
30.857023
30.857023
30.857023
30.857023
30.857023
30.857023
35.838041
35.838041
35.838041
35.838041
35.838041
35.838041
35.838041
35.838041
35.838041
35.838041
35.838041
35.838041
35.838041
35.838041
35.838041
28.683262
28.683262
28.683262
28.683262
28.683262
28.683262
28.683262
28.683262
28.683262
28.683262
28.683262
28.683262
28.683262
28.683262
28.683262
28.591428
28.591428
28.591428
28.591428
28.591428
28.591428
28.591428
28.591428
28.591428
28.591428
28.591428
28.591428
28.591428
28.591428
28.591428
28.319730
28.319730
28.319730
28.319730
28.319730
28.319730
28.319730
28.319730
28.319730
28.319730
28.319730
28.319730
28.319730
28.319730
28.319730
28.550509
28.550509
28.550509
28.550509
28.550509
28.550509
28.550509
28.550509
28.550509
28.550509
28.550509
28.550509
28.550509
28.550509
28.550509
30.842400
30.842400
30.842400
30.842400
30.842400
30.842400
30.842400
30.842400
30.842400
30.842400
30.842400
30.842400
30.842400
30.842400
30.842400
29.466811
29.466811
29.466811
29.466811
29.466811
29.466811
29.466811
29.466811
29.466811
29.466811
29.466811
29.466811
29.466811
29.466811
29.466811
33.219790
33.219790
33.219790
33.219790
33.219790
33.219790
33.219790
33.219790
33.219790
33.219790
33.219790
33.219790
33.219790
33.219790
33.219790
31.814954
31.814954
31.814954
31.814954
31.814954
31.814954
31.814954
31.814954
31.814954
31.814954
31.814954
31.814954
31.814954
31.814954
31.814954
33.835769
33.835769
33.835769
33.835769
33.835769
33.835769
33.835769
33.835769
33.835769
33.835769
33.835769
33.835769
33.835769
33.835769
33.835769
34.990516
34.990516
34.990516
34.990516
34.990516
34.990516
34.990516
34.990516
34.990516
34.990516
34.990516
34.990516
34.990516
34.990516
34.990516
29.916870
29.916870
29.916870
29.916870
29.916870
29.916870
29.916870
29.916870
29.916870
29.916870
29.916870
29.916870
29.916870
29.916870
29.916870
37.003752
37.003752
37.003752
37.003752
37.003752
37.003752
37.003752
37.003752
37.003752
37.003752
37.003752
37.003752
37.003752
37.003752
37.003752
36.723447
36.723447
36.723447
36.723447
36.723447
36.723447
36.723447
36.723447
36.723447
36.723447
36.723447
36.723447
36.723447
36.723447
36.723447
34.105197
34.105197
34.105197
34.105197
34.105197
34.105197
34.105197
34.105197
34.105197
34.105197
34.105197
34.105197
34.105197
34.105197
34.105197
33.651305
33.651305
33.651305
33.651305
33.651305
33.651305
33.651305
33.651305
33.651305
33.651305
33.651305
33.651305
33.651305
33.651305
33.651305
33.337921
33.337921
33.337921
33.337921
33.337921
33.337921
33.337921
33.337921
33.337921
33.337921
33.337921
33.337921
33.337921
33.337921
33.337921
32.942959
32.942959
32.942959
32.942959
32.942959
32.942959
32.942959
32.942959
32.942959
32.942959
32.942959
32.942959
32.942959
32.942959
32.942959
30.641628
30.641628
30.641628
30.641628
30.641628
30.641628
30.641628
30.641628
30.641628
30.641628
30.641628
30.641628
30.641628
30.641628
30.641628
37.314831
37.314831
37.314831
37.314831
37.314831
37.314831
37.314831
37.314831
37.314831
37.314831
37.314831
37.314831
37.314831
37.314831
37.314831
35.915302
35.915302
35.915302
35.915302
35.915302
35.915302
35.915302
35.915302
35.915302
35.915302
35.915302
35.915302
35.915302
35.915302
35.915302
32.911144
32.911144
32.911144
32.911144
32.911144
32.911144
32.911144
32.911144
32.911144
32.911144
32.911144
32.911144
32.911144
32.911144
32.911144
36.868692
36.868692
36.868692
36.868692
36.868692
36.868692
36.868692
36.868692
36.868692
36.868692
36.868692
36.868692
36.868692
36.868692
36.868692
39.125855
39.125855
39.125855
39.125855
39.125855
39.125855
39.125855
39.125855
39.125855
39.125855
39.125855
39.125855
39.125855
39.125855
39.125855
39.741747
39.741747
39.741747
39.741747
39.741747
39.741747
39.741747
39.741747
39.741747
39.741747
39.741747
39.741747
39.741747
39.741747
39.741747
42.351566
42.351566
42.351566
42.351566
42.351566
42.351566
42.351566
42.351566
42.351566
42.351566
42.351566
42.351566
42.351566
42.351566
42.351566
36.394783
36.394783
36.394783
36.394783
36.394783
36.394783
36.394783
36.394783
36.394783
36.394783
36.394783
36.394783
36.394783
36.394783
36.394783
40.365392
40.365392
40.365392
40.365392
40.365392
40.365392
40.365392
40.365392
40.365392
40.365392
40.365392
40.365392
40.365392
40.365392
40.365392
42.458731
42.458731
42.458731
42.458731
42.458731
42.458731
42.458731
42.458731
42.458731
42.458731
42.458731
42.458731
42.458731
42.458731
42.458731
40.373057
40.373057
40.373057
40.373057
40.373057
40.373057
40.373057
40.373057
40.373057
40.373057
40.373057
40.373057
40.373057
40.373057
40.373057
41.780252
41.780252
41.780252
41.780252
41.780252
41.780252
41.780252
41.780252
41.780252
41.780252
41.780252
41.780252
41.780252
41.780252
41.780252
43.483935
43.483935
43.483935
43.483935
43.483935
43.483935
43.483935
43.483935
43.483935
43.483935
43.483935
43.483935
43.483935
43.483935
43.483935
43.298232
43.298232
43.298232
43.298232
43.298232
43.298232
43.298232
43.298232
43.298232
43.298232
43.298232
43.298232
43.298232
43.298232
43.298232
49.876388
49.876388
49.876388
49.876388
49.876388
49.876388
49.876388
49.876388
49.876388
49.876388
49.876388
49.876388
49.876388
49.876388
49.876388
45.207726
45.207726
45.207726
45.207726
45.207726
45.207726
45.207726
45.207726
45.207726
45.207726
45.207726
45.207726
45.207726
45.207726
45.207726
44.020433
44.020433
44.020433
44.020433
44.020433
44.020433
44.020433
44.020433
44.020433
44.020433
44.020433
44.020433
44.020433
44.020433
44.020433
47.399623
47.399623
47.399623
47.399623
47.399623
47.399623
47.399623
47.399623
47.399623
47.399623
47.399623
47.399623
47.399623
47.399623
47.399623
43.528600
43.528600
43.528600
43.528600
43.528600
43.528600
43.528600
43.528600
43.528600
43.528600
43.528600
43.528600
43.528600
43.528600
43.528600
42.505578
42.505578
42.505578
42.505578
42.505578
42.505578
42.505578
42.505578
42.505578
42.505578
42.505578
42.505578
42.505578
42.505578
42.505578
46.404458
46.404458
46.404458
46.404458
46.404458
46.404458
46.404458
46.404458
46.404458
46.404458
46.404458
46.404458
46.404458
46.404458
46.404458
43.844169
43.844169
43.844169
43.844169
43.844169
43.844169
43.844169
43.844169
43.844169
43.844169
43.844169
43.844169
43.844169
43.844169
43.844169
44.404605
44.404605
44.404605
44.404605
44.404605
44.404605
44.404605
44.404605
44.404605
44.404605
44.404605
44.404605
44.404605
44.404605
44.404605
47.351747
47.351747
47.351747
47.351747
47.351747
47.351747
47.351747
47.351747
47.351747
47.351747
47.351747
47.351747
47.351747
47.351747
47.351747
46.143727
46.143727
46.143727
46.143727
46.143727
46.143727
46.143727
46.143727
46.143727
46.143727
46.143727
46.143727
46.143727
46.143727
46.143727
46.157407
46.157407
46.157407
46.157407
46.157407
46.157407
46.157407
46.157407
46.157407
46.157407
46.157407
46.157407
46.157407
46.157407
46.157407
42.299446
42.299446
42.299446
42.299446
42.299446
42.299446
42.299446
42.299446
42.299446
42.299446
42.299446
42.299446
42.299446
42.299446
42.299446
42.599770
42.599770
42.599770
42.599770
42.599770
42.599770
42.599770
42.599770
42.599770
42.599770
42.599770
42.599770
42.599770
42.599770
42.599770
41.205724
41.205724
41.205724
41.205724
41.205724
41.205724
41.205724
41.205724
41.205724
41.205724
41.205724
41.205724
41.205724
41.205724
41.205724
42.507847
42.507847
42.507847
42.507847
42.507847
42.507847
42.507847
42.507847
42.507847
42.507847
42.507847
42.507847
42.507847
42.507847
42.507847
41.821705
41.821705
41.821705
41.821705
41.821705
41.821705
41.821705
41.821705
41.821705
41.821705
41.821705
41.821705
41.821705
41.821705
41.821705
41.111619
41.111619
41.111619
41.111619
41.111619
41.111619
41.111619
41.111619
41.111619
41.111619
41.111619
41.111619
41.111619
41.111619
41.111619
39.113006
39.113006
39.113006
39.113006
39.113006
39.113006
39.113006
39.113006
39.113006
39.113006
39.113006
39.113006
39.113006
39.113006
39.113006
39.262742
39.262742
39.262742
39.262742
39.262742
39.262742
39.262742
39.262742
39.262742
39.262742
39.262742
39.262742
39.262742
39.262742
39.262742
39.884116
39.884116
39.884116
39.884116
39.884116
39.884116
39.884116
39.884116
39.884116
39.884116
39.884116
39.884116
39.884116
39.884116
39.884116
41.425536
41.425536
41.425536
41.425536
41.425536
41.425536
41.425536
41.425536
41.425536
41.425536
41.425536
41.425536
41.425536
41.425536
41.425536
