34.911538
34.911538
34.911538
34.911538
34.911538
34.911538
34.911538
34.911538
34.911538
34.911538
34.911538
34.911538
34.911538
34.911538
34.911538
39.242426
39.242426
39.242426
39.242426
39.242426
39.242426
39.242426
39.242426
39.242426
39.242426
39.242426
39.242426
39.242426
39.242426
39.242426
35.870237
35.870237
35.870237
35.870237
35.870237
35.870237
35.870237
35.870237
35.870237
35.870237
35.870237
35.870237
35.870237
35.870237
35.870237
36.180052
36.180052
36.180052
36.180052
36.180052
36.180052
36.180052
36.180052
36.180052
36.180052
36.180052
36.180052
36.180052
36.180052
36.180052
36.005518
36.005518
36.005518
36.005518
36.005518
36.005518
36.005518
36.005518
36.005518
36.005518
36.005518
36.005518
36.005518
36.005518
36.005518
36.587025
36.587025
36.587025
36.587025
36.587025
36.587025
36.587025
36.587025
36.587025
36.587025
36.587025
36.587025
36.587025
36.587025
36.587025
35.402850
35.402850
35.402850
35.402850
35.402850
35.402850
35.402850
35.402850
35.402850
35.402850
35.402850
35.402850
35.402850
35.402850
35.402850
34.757961
34.757961
34.757961
34.757961
34.757961
34.757961
34.757961
34.757961
34.757961
34.757961
34.757961
34.757961
34.757961
34.757961
34.757961
34.853625
34.853625
34.853625
34.853625
34.853625
34.853625
34.853625
34.853625
34.853625
34.853625
34.853625
34.853625
34.853625
34.853625
34.853625
33.523142
33.523142
33.523142
33.523142
33.523142
33.523142
33.523142
33.523142
33.523142
33.523142
33.523142
33.523142
33.523142
33.523142
33.523142
35.001443
35.001443
35.001443
35.001443
35.001443
35.001443
35.001443
35.001443
35.001443
35.001443
35.001443
35.001443
35.001443
35.001443
35.001443
34.103254
34.103254
34.103254
34.103254
34.103254
34.103254
34.103254
34.103254
34.103254
34.103254
34.103254
34.103254
34.103254
34.103254
34.103254
32.043267
32.043267
32.043267
32.043267
32.043267
32.043267
32.043267
32.043267
32.043267
32.043267
32.043267
32.043267
32.043267
32.043267
32.043267
31.270251
31.270251
31.270251
31.270251
31.270251
31.270251
31.270251
31.270251
31.270251
31.270251
31.270251
31.270251
31.270251
31.270251
31.270251
33.958134
33.958134
33.958134
33.958134
33.958134
33.958134
33.958134
33.958134
33.958134
33.958134
33.958134
33.958134
33.958134
33.958134
33.958134
31.636299
31.636299
31.636299
31.636299
31.636299
31.636299
31.636299
31.636299
31.636299
31.636299
31.636299
31.636299
31.636299
31.636299
31.636299
32.572618
32.572618
32.572618
32.572618
32.572618
32.572618
32.572618
32.572618
32.572618
32.572618
32.572618
32.572618
32.572618
32.572618
32.572618
32.564177
32.564177
32.564177
32.564177
32.564177
32.564177
32.564177
32.564177
32.564177
32.564177
32.564177
32.564177
32.564177
32.564177
32.564177
27.306443
27.306443
27.306443
27.306443
27.306443
27.306443
27.306443
27.306443
27.306443
27.306443
27.306443
27.306443
27.306443
27.306443
27.306443
30.621114
30.621114
30.621114
30.621114
30.621114
30.621114
30.621114
30.621114
30.621114
30.621114
30.621114
30.621114
30.621114
30.621114
30.621114
29.431008
29.431008
29.431008
29.431008
29.431008
29.431008
29.431008
29.431008
29.431008
29.431008
29.431008
29.431008
29.431008
29.431008
29.431008
30.615538
30.615538
30.615538
30.615538
30.615538
30.615538
30.615538
30.615538
30.615538
30.615538
30.615538
30.615538
30.615538
30.615538
30.615538
29.834641
29.834641
29.834641
29.834641
29.834641
29.834641
29.834641
29.834641
29.834641
29.834641
29.834641
29.834641
29.834641
29.834641
29.834641
30.525920
30.525920
30.525920
30.525920
30.525920
30.525920
30.525920
30.525920
30.525920
30.525920
30.525920
30.525920
30.525920
30.525920
30.525920
29.405316
29.405316
29.405316
29.405316
29.405316
29.405316
29.405316
29.405316
29.405316
29.405316
29.405316
29.405316
29.405316
29.405316
29.405316
30.260919
30.260919
30.260919
30.260919
30.260919
30.260919
30.260919
30.260919
30.260919
30.260919
30.260919
30.260919
30.260919
30.260919
30.260919
29.327659
29.327659
29.327659
29.327659
29.327659
29.327659
29.327659
29.327659
29.327659
29.327659
29.327659
29.327659
29.327659
29.327659
29.327659
31.114294
31.114294
31.114294
31.114294
31.114294
31.114294
31.114294
31.114294
31.114294
31.114294
31.114294
31.114294
31.114294
31.114294
31.114294
29.730282
29.730282
29.730282
29.730282
29.730282
29.730282
29.730282
29.730282
29.730282
29.730282
29.730282
29.730282
29.730282
29.730282
29.730282
30.540144
30.540144
30.540144
30.540144
30.540144
30.540144
30.540144
30.540144
30.540144
30.540144
30.540144
30.540144
30.540144
30.540144
30.540144
27.202751
27.202751
27.202751
27.202751
27.202751
27.202751
27.202751
27.202751
27.202751
27.202751
27.202751
27.202751
27.202751
27.202751
27.202751
28.536294
28.536294
28.536294
28.536294
28.536294
28.536294
28.536294
28.536294
28.536294
28.536294
28.536294
28.536294
28.536294
28.536294
28.536294
29.947135
29.947135
29.947135
29.947135
29.947135
29.947135
29.947135
29.947135
29.947135
29.947135
29.947135
29.947135
29.947135
29.947135
29.947135
30.090498
30.090498
30.090498
30.090498
30.090498
30.090498
30.090498
30.090498
30.090498
30.090498
30.090498
30.090498
30.090498
30.090498
30.090498
29.710785
29.710785
29.710785
29.710785
29.710785
29.710785
29.710785
29.710785
29.710785
29.710785
29.710785
29.710785
29.710785
29.710785
29.710785
29.589420
29.589420
29.589420
29.589420
29.589420
29.589420
29.589420
29.589420
29.589420
29.589420
29.589420
29.589420
29.589420
29.589420
29.589420
31.269891
31.269891
31.269891
31.269891
31.269891
31.269891
31.269891
31.269891
31.269891
31.269891
31.269891
31.269891
31.269891
31.269891
31.269891
30.765318
30.765318
30.765318
30.765318
30.765318
30.765318
30.765318
30.765318
30.765318
30.765318
30.765318
30.765318
30.765318
30.765318
30.765318
26.946721
26.946721
26.946721
26.946721
26.946721
26.946721
26.946721
26.946721
26.946721
26.946721
26.946721
26.946721
26.946721
26.946721
26.946721
26.025331
26.025331
26.025331
26.025331
26.025331
26.025331
26.025331
26.025331
26.025331
26.025331
26.025331
26.025331
26.025331
26.025331
26.025331
26.405851
26.405851
26.405851
26.405851
26.405851
26.405851
26.405851
26.405851
26.405851
26.405851
26.405851
26.405851
26.405851
26.405851
26.405851
28.986661
28.986661
28.986661
28.986661
28.986661
28.986661
28.986661
28.986661
28.986661
28.986661
28.986661
28.986661
28.986661
28.986661
28.986661
36.127814
36.127814
36.127814
36.127814
36.127814
36.127814
36.127814
36.127814
36.127814
36.127814
36.127814
36.127814
36.127814
36.127814
36.127814
33.148661
33.148661
33.148661
33.148661
33.148661
33.148661
33.148661
33.148661
33.148661
33.148661
33.148661
33.148661
33.148661
33.148661
33.148661
30.319483
30.319483
30.319483
30.319483
30.319483
30.319483
30.319483
30.319483
30.319483
30.319483
30.319483
30.319483
30.319483
30.319483
30.319483
28.717229
28.717229
28.717229
28.717229
28.717229
28.717229
28.717229
28.717229
28.717229
28.717229
28.717229
28.717229
28.717229
28.717229
28.717229
41.423252
41.423252
41.423252
41.423252
41.423252
41.423252
41.423252
41.423252
41.423252
41.423252
41.423252
41.423252
41.423252
41.423252
41.423252
41.143217
41.143217
41.143217
41.143217
41.143217
41.143217
41.143217
41.143217
41.143217
41.143217
41.143217
41.143217
41.143217
41.143217
41.143217
32.238814
32.238814
32.238814
32.238814
32.238814
32.238814
32.238814
32.238814
32.238814
32.238814
32.238814
32.238814
32.238814
32.238814
32.238814
32.277035
32.277035
32.277035
32.277035
32.277035
32.277035
32.277035
32.277035
32.277035
32.277035
32.277035
32.277035
32.277035
32.277035
32.277035
40.261453
40.261453
40.261453
40.261453
40.261453
40.261453
40.261453
40.261453
40.261453
40.261453
40.261453
40.261453
40.261453
40.261453
40.261453
39.461805
39.461805
39.461805
39.461805
39.461805
39.461805
39.461805
39.461805
39.461805
39.461805
39.461805
39.461805
39.461805
39.461805
39.461805
34.315588
34.315588
34.315588
34.315588
34.315588
34.315588
34.315588
34.315588
34.315588
34.315588
34.315588
34.315588
34.315588
34.315588
34.315588
38.272339
38.272339
38.272339
38.272339
38.272339
38.272339
38.272339
38.272339
38.272339
38.272339
38.272339
38.272339
38.272339
38.272339
38.272339
39.144084
39.144084
39.144084
39.144084
39.144084
39.144084
39.144084
39.144084
39.144084
39.144084
39.144084
39.144084
39.144084
39.144084
39.144084
37.423610
37.423610
37.423610
37.423610
37.423610
37.423610
37.423610
37.423610
37.423610
37.423610
37.423610
37.423610
37.423610
37.423610
37.423610
33.672558
33.672558
33.672558
33.672558
33.672558
33.672558
33.672558
33.672558
33.672558
33.672558
33.672558
33.672558
33.672558
33.672558
33.672558
44.771962
44.771962
44.771962
44.771962
44.771962
44.771962
44.771962
44.771962
44.771962
44.771962
44.771962
44.771962
44.771962
44.771962
44.771962
32.848605
32.848605
32.848605
32.848605
32.848605
32.848605
32.848605
32.848605
32.848605
32.848605
32.848605
32.848605
32.848605
32.848605
32.848605
38.313268
38.313268
38.313268
38.313268
38.313268
38.313268
38.313268
38.313268
38.313268
38.313268
38.313268
38.313268
38.313268
38.313268
38.313268
40.732526
40.732526
40.732526
40.732526
40.732526
40.732526
40.732526
40.732526
40.732526
40.732526
40.732526
40.732526
40.732526
40.732526
40.732526
44.500453
44.500453
44.500453
44.500453
44.500453
44.500453
44.500453
44.500453
44.500453
44.500453
44.500453
44.500453
44.500453
44.500453
44.500453
42.574174
42.574174
42.574174
42.574174
42.574174
42.574174
42.574174
42.574174
42.574174
42.574174
42.574174
42.574174
42.574174
42.574174
42.574174
47.798051
47.798051
47.798051
47.798051
47.798051
47.798051
47.798051
47.798051
47.798051
47.798051
47.798051
47.798051
47.798051
47.798051
47.798051
47.116249
47.116249
47.116249
47.116249
47.116249
47.116249
47.116249
47.116249
47.116249
47.116249
47.116249
47.116249
47.116249
47.116249
47.116249
39.002121
39.002121
39.002121
39.002121
39.002121
39.002121
39.002121
39.002121
39.002121
39.002121
39.002121
39.002121
39.002121
39.002121
39.002121
32.852035
32.852035
32.852035
32.852035
32.852035
32.852035
32.852035
32.852035
32.852035
32.852035
32.852035
32.852035
32.852035
32.852035
32.852035
35.762239
35.762239
35.762239
35.762239
35.762239
35.762239
35.762239
35.762239
35.762239
35.762239
35.762239
35.762239
35.762239
35.762239
35.762239
37.250652
37.250652
37.250652
37.250652
37.250652
37.250652
37.250652
37.250652
37.250652
37.250652
37.250652
37.250652
37.250652
37.250652
37.250652
38.395656
38.395656
38.395656
38.395656
38.395656
38.395656
38.395656
38.395656
38.395656
38.395656
38.395656
38.395656
38.395656
38.395656
38.395656
39.232039
39.232039
39.232039
39.232039
39.232039
39.232039
39.232039
39.232039
39.232039
39.232039
39.232039
39.232039
39.232039
39.232039
39.232039
37.587639
37.587639
37.587639
37.587639
37.587639
37.587639
37.587639
37.587639
37.587639
37.587639
37.587639
37.587639
37.587639
37.587639
37.587639
38.871463
38.871463
38.871463
38.871463
38.871463
38.871463
38.871463
38.871463
38.871463
38.871463
38.871463
38.871463
38.871463
38.871463
38.871463
38.787115
38.787115
38.787115
38.787115
38.787115
38.787115
38.787115
38.787115
38.787115
38.787115
38.787115
38.787115
38.787115
38.787115
38.787115
39.685487
39.685487
39.685487
39.685487
39.685487
39.685487
39.685487
39.685487
39.685487
39.685487
39.685487
39.685487
39.685487
39.685487
39.685487
35.834230
35.834230
35.834230
35.834230
35.834230
35.834230
35.834230
35.834230
35.834230
35.834230
35.834230
35.834230
35.834230
35.834230
35.834230
38.164325
38.164325
38.164325
38.164325
38.164325
38.164325
38.164325
38.164325
38.164325
38.164325
38.164325
38.164325
38.164325
38.164325
38.164325
35.497876
35.497876
35.497876
35.497876
35.497876
35.497876
35.497876
35.497876
35.497876
35.497876
35.497876
35.497876
35.497876
35.497876
35.497876
36.438563
36.438563
36.438563
36.438563
36.438563
36.438563
36.438563
36.438563
36.438563
36.438563
36.438563
36.438563
36.438563
36.438563
36.438563
35.190664
35.190664
35.190664
35.190664
35.190664
35.190664
35.190664
35.190664
35.190664
35.190664
35.190664
35.190664
35.190664
35.190664
35.190664
29.660031
29.660031
29.660031
29.660031
29.660031
29.660031
29.660031
29.660031
29.660031
29.660031
29.660031
29.660031
29.660031
29.660031
29.660031
31.830244
31.830244
31.830244
31.830244
31.830244
31.830244
31.830244
31.830244
31.830244
31.830244
31.830244
31.830244
31.830244
31.830244
31.830244
34.578813
34.578813
34.578813
34.578813
34.578813
34.578813
34.578813
34.578813
34.578813
34.578813
34.578813
34.578813
34.578813
34.578813
34.578813
32.843589
32.843589
32.843589
32.843589
32.843589
32.843589
32.843589
32.843589
32.843589
32.843589
32.843589
32.843589
32.843589
32.843589
32.843589
31.751005
31.751005
31.751005
31.751005
31.751005
31.751005
31.751005
31.751005
31.751005
31.751005
31.751005
31.751005
31.751005
31.751005
31.751005
33.369023
33.369023
33.369023
33.369023
33.369023
33.369023
33.369023
33.369023
33.369023
33.369023
33.369023
33.369023
33.369023
33.369023
33.369023
30.537595
30.537595
30.537595
30.537595
30.537595
30.537595
30.537595
30.537595
30.537595
30.537595
30.537595
30.537595
30.537595
30.537595
30.537595
34.596706
34.596706
34.596706
34.596706
34.596706
34.596706
34.596706
34.596706
34.596706
34.596706
34.596706
34.596706
34.596706
34.596706
34.596706
39.834317
39.834317
39.834317
39.834317
39.834317
39.834317
39.834317
39.834317
39.834317
39.834317
39.834317
39.834317
39.834317
39.834317
39.834317
44.461749
44.461749
44.461749
44.461749
44.461749
44.461749
44.461749
44.461749
44.461749
44.461749
44.461749
44.461749
44.461749
44.461749
44.461749
42.283269
42.283269
42.283269
42.283269
42.283269
42.283269
42.283269
42.283269
42.283269
42.283269
42.283269
42.283269
42.283269
42.283269
42.283269
40.415919
40.415919
40.415919
40.415919
40.415919
40.415919
40.415919
40.415919
40.415919
40.415919
40.415919
40.415919
40.415919
40.415919
40.415919
39.328067
39.328067
39.328067
39.328067
39.328067
39.328067
39.328067
39.328067
39.328067
39.328067
39.328067
39.328067
39.328067
39.328067
39.328067
39.509561
39.509561
39.509561
39.509561
39.509561
39.509561
39.509561
39.509561
39.509561
39.509561
39.509561
39.509561
39.509561
39.509561
39.509561
33.645921
33.645921
33.645921
33.645921
33.645921
33.645921
33.645921
33.645921
33.645921
33.645921
33.645921
33.645921
33.645921
33.645921
33.645921
33.540506
33.540506
33.540506
33.540506
33.540506
33.540506
33.540506
33.540506
33.540506
33.540506
33.540506
33.540506
33.540506
33.540506
33.540506
