31.103137
31.103137
31.103137
31.103137
31.103137
31.103137
31.103137
31.103137
31.103137
31.103137
31.103137
31.103137
31.103137
31.103137
31.103137
33.594902
33.594902
33.594902
33.594902
33.594902
33.594902
33.594902
33.594902
33.594902
33.594902
33.594902
33.594902
33.594902
33.594902
33.594902
34.673928
34.673928
34.673928
34.673928
34.673928
34.673928
34.673928
34.673928
34.673928
34.673928
34.673928
34.673928
34.673928
34.673928
34.673928
34.069867
34.069867
34.069867
34.069867
34.069867
34.069867
34.069867
34.069867
34.069867
34.069867
34.069867
34.069867
34.069867
34.069867
34.069867
32.115381
32.115381
32.115381
32.115381
32.115381
32.115381
32.115381
32.115381
32.115381
32.115381
32.115381
32.115381
32.115381
32.115381
32.115381
27.840452
27.840452
27.840452
27.840452
27.840452
27.840452
27.840452
27.840452
27.840452
27.840452
27.840452
27.840452
27.840452
27.840452
27.840452
26.039439
26.039439
26.039439
26.039439
26.039439
26.039439
26.039439
26.039439
26.039439
26.039439
26.039439
26.039439
26.039439
26.039439
26.039439
27.165389
27.165389
27.165389
27.165389
27.165389
27.165389
27.165389
27.165389
27.165389
27.165389
27.165389
27.165389
27.165389
27.165389
27.165389
31.817501
31.817501
31.817501
31.817501
31.817501
31.817501
31.817501
31.817501
31.817501
31.817501
31.817501
31.817501
31.817501
31.817501
31.817501
33.886441
33.886441
33.886441
33.886441
33.886441
33.886441
33.886441
33.886441
33.886441
33.886441
33.886441
33.886441
33.886441
33.886441
33.886441
31.213778
31.213778
31.213778
31.213778
31.213778
31.213778
31.213778
31.213778
31.213778
31.213778
31.213778
31.213778
31.213778
31.213778
31.213778
30.932523
30.932523
30.932523
30.932523
30.932523
30.932523
30.932523
30.932523
30.932523
30.932523
30.932523
30.932523
30.932523
30.932523
30.932523
26.239402
26.239402
26.239402
26.239402
26.239402
26.239402
26.239402
26.239402
26.239402
26.239402
26.239402
26.239402
26.239402
26.239402
26.239402
29.576336
29.576336
29.576336
29.576336
29.576336
29.576336
29.576336
29.576336
29.576336
29.576336
29.576336
29.576336
29.576336
29.576336
29.576336
29.052457
29.052457
29.052457
29.052457
29.052457
29.052457
29.052457
29.052457
29.052457
29.052457
29.052457
29.052457
29.052457
29.052457
29.052457
28.762685
28.762685
28.762685
28.762685
28.762685
28.762685
28.762685
28.762685
28.762685
28.762685
28.762685
28.762685
28.762685
28.762685
28.762685
25.352966
25.352966
25.352966
25.352966
25.352966
25.352966
25.352966
25.352966
25.352966
25.352966
25.352966
25.352966
25.352966
25.352966
25.352966
24.882015
24.882015
24.882015
24.882015
24.882015
24.882015
24.882015
24.882015
24.882015
24.882015
24.882015
24.882015
24.882015
24.882015
24.882015
26.912216
26.912216
26.912216
26.912216
26.912216
26.912216
26.912216
26.912216
26.912216
26.912216
26.912216
26.912216
26.912216
26.912216
26.912216
28.186740
28.186740
28.186740
28.186740
28.186740
28.186740
28.186740
28.186740
28.186740
28.186740
28.186740
28.186740
28.186740
28.186740
28.186740
28.731168
28.731168
28.731168
28.731168
28.731168
28.731168
28.731168
28.731168
28.731168
28.731168
28.731168
28.731168
28.731168
28.731168
28.731168
30.046026
30.046026
30.046026
30.046026
30.046026
30.046026
30.046026
30.046026
30.046026
30.046026
30.046026
30.046026
30.046026
30.046026
30.046026
26.225715
26.225715
26.225715
26.225715
26.225715
26.225715
26.225715
26.225715
26.225715
26.225715
26.225715
26.225715
26.225715
26.225715
26.225715
21.655083
21.655083
21.655083
21.655083
21.655083
21.655083
21.655083
21.655083
21.655083
21.655083
21.655083
21.655083
21.655083
21.655083
21.655083
27.842643
27.842643
27.842643
27.842643
27.842643
27.842643
27.842643
27.842643
27.842643
27.842643
27.842643
27.842643
27.842643
27.842643
27.842643
21.638919
21.638919
21.638919
21.638919
21.638919
21.638919
21.638919
21.638919
21.638919
21.638919
21.638919
21.638919
21.638919
21.638919
21.638919
21.374183
21.374183
21.374183
21.374183
21.374183
21.374183
21.374183
21.374183
21.374183
21.374183
21.374183
21.374183
21.374183
21.374183
21.374183
20.904359
20.904359
20.904359
20.904359
20.904359
20.904359
20.904359
20.904359
20.904359
20.904359
20.904359
20.904359
20.904359
20.904359
20.904359
18.274190
18.274190
18.274190
18.274190
18.274190
18.274190
18.274190
18.274190
18.274190
18.274190
18.274190
18.274190
18.274190
18.274190
18.274190
17.902584
17.902584
17.902584
17.902584
17.902584
17.902584
17.902584
17.902584
17.902584
17.902584
17.902584
17.902584
17.902584
17.902584
17.902584
24.174306
24.174306
24.174306
24.174306
24.174306
24.174306
24.174306
24.174306
24.174306
24.174306
24.174306
24.174306
24.174306
24.174306
24.174306
25.393689
25.393689
25.393689
25.393689
25.393689
25.393689
25.393689
25.393689
25.393689
25.393689
25.393689
25.393689
25.393689
25.393689
25.393689
22.932572
22.932572
22.932572
22.932572
22.932572
22.932572
22.932572
22.932572
22.932572
22.932572
22.932572
22.932572
22.932572
22.932572
22.932572
20.981238
20.981238
20.981238
20.981238
20.981238
20.981238
20.981238
20.981238
20.981238
20.981238
20.981238
20.981238
20.981238
20.981238
20.981238
18.394760
18.394760
18.394760
18.394760
18.394760
18.394760
18.394760
18.394760
18.394760
18.394760
18.394760
18.394760
18.394760
18.394760
18.394760
21.210967
21.210967
21.210967
21.210967
21.210967
21.210967
21.210967
21.210967
21.210967
21.210967
21.210967
21.210967
21.210967
21.210967
21.210967
21.317951
21.317951
21.317951
21.317951
21.317951
21.317951
21.317951
21.317951
21.317951
21.317951
21.317951
21.317951
21.317951
21.317951
21.317951
20.090780
20.090780
20.090780
20.090780
20.090780
20.090780
20.090780
20.090780
20.090780
20.090780
20.090780
20.090780
20.090780
20.090780
20.090780
20.291967
20.291967
20.291967
20.291967
20.291967
20.291967
20.291967
20.291967
20.291967
20.291967
20.291967
20.291967
20.291967
20.291967
20.291967
19.077941
19.077941
19.077941
19.077941
19.077941
19.077941
19.077941
19.077941
19.077941
19.077941
19.077941
19.077941
19.077941
19.077941
19.077941
18.871474
18.871474
18.871474
18.871474
18.871474
18.871474
18.871474
18.871474
18.871474
18.871474
18.871474
18.871474
18.871474
18.871474
18.871474
27.097495
27.097495
27.097495
27.097495
27.097495
27.097495
27.097495
27.097495
27.097495
27.097495
27.097495
27.097495
27.097495
27.097495
27.097495
24.799050
24.799050
24.799050
24.799050
24.799050
24.799050
24.799050
24.799050
24.799050
24.799050
24.799050
24.799050
24.799050
24.799050
24.799050
24.113438
24.113438
24.113438
24.113438
24.113438
24.113438
24.113438
24.113438
24.113438
24.113438
24.113438
24.113438
24.113438
24.113438
24.113438
23.003533
23.003533
23.003533
23.003533
23.003533
23.003533
23.003533
23.003533
23.003533
23.003533
23.003533
23.003533
23.003533
23.003533
23.003533
20.827073
20.827073
20.827073
20.827073
20.827073
20.827073
20.827073
20.827073
20.827073
20.827073
20.827073
20.827073
20.827073
20.827073
20.827073
24.237413
24.237413
24.237413
24.237413
24.237413
24.237413
24.237413
24.237413
24.237413
24.237413
24.237413
24.237413
24.237413
24.237413
24.237413
25.804094
25.804094
25.804094
25.804094
25.804094
25.804094
25.804094
25.804094
25.804094
25.804094
25.804094
25.804094
25.804094
25.804094
25.804094
30.616305
30.616305
30.616305
30.616305
30.616305
30.616305
30.616305
30.616305
30.616305
30.616305
30.616305
30.616305
30.616305
30.616305
30.616305
31.960894
31.960894
31.960894
31.960894
31.960894
31.960894
31.960894
31.960894
31.960894
31.960894
31.960894
31.960894
31.960894
31.960894
31.960894
28.416618
28.416618
28.416618
28.416618
28.416618
28.416618
28.416618
28.416618
28.416618
28.416618
28.416618
28.416618
28.416618
28.416618
28.416618
22.826919
22.826919
22.826919
22.826919
22.826919
22.826919
22.826919
22.826919
22.826919
22.826919
22.826919
22.826919
22.826919
22.826919
22.826919
21.493198
21.493198
21.493198
21.493198
21.493198
21.493198
21.493198
21.493198
21.493198
21.493198
21.493198
21.493198
21.493198
21.493198
21.493198
26.911102
26.911102
26.911102
26.911102
26.911102
26.911102
26.911102
26.911102
26.911102
26.911102
26.911102
26.911102
26.911102
26.911102
26.911102
22.341163
22.341163
22.341163
22.341163
22.341163
22.341163
22.341163
22.341163
22.341163
22.341163
22.341163
22.341163
22.341163
22.341163
22.341163
23.193141
23.193141
23.193141
23.193141
23.193141
23.193141
23.193141
23.193141
23.193141
23.193141
23.193141
23.193141
23.193141
23.193141
23.193141
36.911941
36.911941
36.911941
36.911941
36.911941
36.911941
36.911941
36.911941
36.911941
36.911941
36.911941
36.911941
36.911941
36.911941
36.911941
33.693875
33.693875
33.693875
33.693875
33.693875
33.693875
33.693875
33.693875
33.693875
33.693875
33.693875
33.693875
33.693875
33.693875
33.693875
35.062601
35.062601
35.062601
35.062601
35.062601
35.062601
35.062601
35.062601
35.062601
35.062601
35.062601
35.062601
35.062601
35.062601
35.062601
37.725239
37.725239
37.725239
37.725239
37.725239
37.725239
37.725239
37.725239
37.725239
37.725239
37.725239
37.725239
37.725239
37.725239
37.725239
38.448274
38.448274
38.448274
38.448274
38.448274
38.448274
38.448274
38.448274
38.448274
38.448274
38.448274
38.448274
38.448274
38.448274
38.448274
42.567552
42.567552
42.567552
42.567552
42.567552
42.567552
42.567552
42.567552
42.567552
42.567552
42.567552
42.567552
42.567552
42.567552
42.567552
41.389649
41.389649
41.389649
41.389649
41.389649
41.389649
41.389649
41.389649
41.389649
41.389649
41.389649
41.389649
41.389649
41.389649
41.389649
52.165265
52.165265
52.165265
52.165265
52.165265
52.165265
52.165265
52.165265
52.165265
52.165265
52.165265
52.165265
52.165265
52.165265
52.165265
45.137290
45.137290
45.137290
45.137290
45.137290
45.137290
45.137290
45.137290
45.137290
45.137290
45.137290
45.137290
45.137290
45.137290
45.137290
39.222173
39.222173
39.222173
39.222173
39.222173
39.222173
39.222173
39.222173
39.222173
39.222173
39.222173
39.222173
39.222173
39.222173
39.222173
41.823905
41.823905
41.823905
41.823905
41.823905
41.823905
41.823905
41.823905
41.823905
41.823905
41.823905
41.823905
41.823905
41.823905
41.823905
44.846513
44.846513
44.846513
44.846513
44.846513
44.846513
44.846513
44.846513
44.846513
44.846513
44.846513
44.846513
44.846513
44.846513
44.846513
51.408138
51.408138
51.408138
51.408138
51.408138
51.408138
51.408138
51.408138
51.408138
51.408138
51.408138
51.408138
51.408138
51.408138
51.408138
50.445517
50.445517
50.445517
50.445517
50.445517
50.445517
50.445517
50.445517
50.445517
50.445517
50.445517
50.445517
50.445517
50.445517
50.445517
53.321109
53.321109
53.321109
53.321109
53.321109
53.321109
53.321109
53.321109
53.321109
53.321109
53.321109
53.321109
53.321109
53.321109
53.321109
55.431171
55.431171
55.431171
55.431171
55.431171
55.431171
55.431171
55.431171
55.431171
55.431171
55.431171
55.431171
55.431171
55.431171
55.431171
49.910414
49.910414
49.910414
49.910414
49.910414
49.910414
49.910414
49.910414
49.910414
49.910414
49.910414
49.910414
49.910414
49.910414
49.910414
43.914264
43.914264
43.914264
43.914264
43.914264
43.914264
43.914264
43.914264
43.914264
43.914264
43.914264
43.914264
43.914264
43.914264
43.914264
37.413860
37.413860
37.413860
37.413860
37.413860
37.413860
37.413860
37.413860
37.413860
37.413860
37.413860
37.413860
37.413860
37.413860
37.413860
33.221796
33.221796
33.221796
33.221796
33.221796
33.221796
33.221796
33.221796
33.221796
33.221796
33.221796
33.221796
33.221796
33.221796
33.221796
37.460671
37.460671
37.460671
37.460671
37.460671
37.460671
37.460671
37.460671
37.460671
37.460671
37.460671
37.460671
37.460671
37.460671
37.460671
33.549275
33.549275
33.549275
33.549275
33.549275
33.549275
33.549275
33.549275
33.549275
33.549275
33.549275
33.549275
33.549275
33.549275
33.549275
43.557668
43.557668
43.557668
43.557668
43.557668
43.557668
43.557668
43.557668
43.557668
43.557668
43.557668
43.557668
43.557668
43.557668
43.557668
52.587375
52.587375
52.587375
52.587375
52.587375
52.587375
52.587375
52.587375
52.587375
52.587375
52.587375
52.587375
52.587375
52.587375
52.587375
54.516863
54.516863
54.516863
54.516863
54.516863
54.516863
54.516863
54.516863
54.516863
54.516863
54.516863
54.516863
54.516863
54.516863
54.516863
58.850012
58.850012
58.850012
58.850012
58.850012
58.850012
58.850012
58.850012
58.850012
58.850012
58.850012
58.850012
58.850012
58.850012
58.850012
59.738366
59.738366
59.738366
59.738366
59.738366
59.738366
59.738366
59.738366
59.738366
59.738366
59.738366
59.738366
59.738366
59.738366
59.738366
54.620447
54.620447
54.620447
54.620447
54.620447
54.620447
54.620447
54.620447
54.620447
54.620447
54.620447
54.620447
54.620447
54.620447
54.620447
57.338622
57.338622
57.338622
57.338622
57.338622
57.338622
57.338622
57.338622
57.338622
57.338622
57.338622
57.338622
57.338622
57.338622
57.338622
57.554409
57.554409
57.554409
57.554409
57.554409
57.554409
57.554409
57.554409
57.554409
57.554409
57.554409
57.554409
57.554409
57.554409
57.554409
59.268730
59.268730
59.268730
59.268730
59.268730
59.268730
59.268730
59.268730
59.268730
59.268730
59.268730
59.268730
59.268730
59.268730
59.268730
59.894617
59.894617
59.894617
59.894617
59.894617
59.894617
59.894617
59.894617
59.894617
59.894617
59.894617
59.894617
59.894617
59.894617
59.894617
61.803102
61.803102
61.803102
61.803102
61.803102
61.803102
61.803102
61.803102
61.803102
61.803102
61.803102
61.803102
61.803102
61.803102
61.803102
62.534944
62.534944
62.534944
62.534944
62.534944
62.534944
62.534944
62.534944
62.534944
62.534944
62.534944
62.534944
62.534944
62.534944
62.534944
65.350176
65.350176
65.350176
65.350176
65.350176
65.350176
65.350176
65.350176
65.350176
65.350176
65.350176
65.350176
65.350176
65.350176
65.350176
55.901245
55.901245
55.901245
55.901245
55.901245
55.901245
55.901245
55.901245
55.901245
55.901245
55.901245
55.901245
55.901245
55.901245
55.901245
56.823211
56.823211
56.823211
56.823211
56.823211
56.823211
56.823211
56.823211
56.823211
56.823211
56.823211
56.823211
56.823211
56.823211
56.823211
52.569189
52.569189
52.569189
52.569189
52.569189
52.569189
52.569189
52.569189
52.569189
52.569189
52.569189
52.569189
52.569189
52.569189
52.569189
53.633650
53.633650
53.633650
53.633650
53.633650
53.633650
53.633650
53.633650
53.633650
53.633650
53.633650
53.633650
53.633650
53.633650
53.633650
55.762407
55.762407
55.762407
55.762407
55.762407
55.762407
55.762407
55.762407
55.762407
55.762407
55.762407
55.762407
55.762407
55.762407
55.762407
