80.690182
80.690182
80.690182
80.690182
80.690182
80.690182
80.690182
80.690182
80.690182
80.690182
80.690182
80.690182
80.690182
80.690182
80.690182
85.359796
85.359796
85.359796
85.359796
85.359796
85.359796
85.359796
85.359796
85.359796
85.359796
85.359796
85.359796
85.359796
85.359796
85.359796
85.619034
85.619034
85.619034
85.619034
85.619034
85.619034
85.619034
85.619034
85.619034
85.619034
85.619034
85.619034
85.619034
85.619034
85.619034
81.436002
81.436002
81.436002
81.436002
81.436002
81.436002
81.436002
81.436002
81.436002
81.436002
81.436002
81.436002
81.436002
81.436002
81.436002
80.483989
80.483989
80.483989
80.483989
80.483989
80.483989
80.483989
80.483989
80.483989
80.483989
80.483989
80.483989
80.483989
80.483989
80.483989
80.107270
80.107270
80.107270
80.107270
80.107270
80.107270
80.107270
80.107270
80.107270
80.107270
80.107270
80.107270
80.107270
80.107270
80.107270
82.039277
82.039277
82.039277
82.039277
82.039277
82.039277
82.039277
82.039277
82.039277
82.039277
82.039277
82.039277
82.039277
82.039277
82.039277
77.305809
77.305809
77.305809
77.305809
77.305809
77.305809
77.305809
77.305809
77.305809
77.305809
77.305809
77.305809
77.305809
77.305809
77.305809
79.380359
79.380359
79.380359
79.380359
79.380359
79.380359
79.380359
79.380359
79.380359
79.380359
79.380359
79.380359
79.380359
79.380359
79.380359
75.213359
75.213359
75.213359
75.213359
75.213359
75.213359
75.213359
75.213359
75.213359
75.213359
75.213359
75.213359
75.213359
75.213359
75.213359
75.172248
75.172248
75.172248
75.172248
75.172248
75.172248
75.172248
75.172248
75.172248
75.172248
75.172248
75.172248
75.172248
75.172248
75.172248
71.921806
71.921806
71.921806
71.921806
71.921806
71.921806
71.921806
71.921806
71.921806
71.921806
71.921806
71.921806
71.921806
71.921806
71.921806
73.750662
73.750662
73.750662
73.750662
73.750662
73.750662
73.750662
73.750662
73.750662
73.750662
73.750662
73.750662
73.750662
73.750662
73.750662
75.777051
75.777051
75.777051
75.777051
75.777051
75.777051
75.777051
75.777051
75.777051
75.777051
75.777051
75.777051
75.777051
75.777051
75.777051
76.703632
76.703632
76.703632
76.703632
76.703632
76.703632
76.703632
76.703632
76.703632
76.703632
76.703632
76.703632
76.703632
76.703632
76.703632
70.189565
70.189565
70.189565
70.189565
70.189565
70.189565
70.189565
70.189565
70.189565
70.189565
70.189565
70.189565
70.189565
70.189565
70.189565
75.086632
75.086632
75.086632
75.086632
75.086632
75.086632
75.086632
75.086632
75.086632
75.086632
75.086632
75.086632
75.086632
75.086632
75.086632
69.461252
69.461252
69.461252
69.461252
69.461252
69.461252
69.461252
69.461252
69.461252
69.461252
69.461252
69.461252
69.461252
69.461252
69.461252
69.409834
69.409834
69.409834
69.409834
69.409834
69.409834
69.409834
69.409834
69.409834
69.409834
69.409834
69.409834
69.409834
69.409834
69.409834
67.769429
67.769429
67.769429
67.769429
67.769429
67.769429
67.769429
67.769429
67.769429
67.769429
67.769429
67.769429
67.769429
67.769429
67.769429
67.808505
67.808505
67.808505
67.808505
67.808505
67.808505
67.808505
67.808505
67.808505
67.808505
67.808505
67.808505
67.808505
67.808505
67.808505
66.055294
66.055294
66.055294
66.055294
66.055294
66.055294
66.055294
66.055294
66.055294
66.055294
66.055294
66.055294
66.055294
66.055294
66.055294
61.452933
61.452933
61.452933
61.452933
61.452933
61.452933
61.452933
61.452933
61.452933
61.452933
61.452933
61.452933
61.452933
61.452933
61.452933
65.404690
65.404690
65.404690
65.404690
65.404690
65.404690
65.404690
65.404690
65.404690
65.404690
65.404690
65.404690
65.404690
65.404690
65.404690
61.245354
61.245354
61.245354
61.245354
61.245354
61.245354
61.245354
61.245354
61.245354
61.245354
61.245354
61.245354
61.245354
61.245354
61.245354
58.311675
58.311675
58.311675
58.311675
58.311675
58.311675
58.311675
58.311675
58.311675
58.311675
58.311675
58.311675
58.311675
58.311675
58.311675
59.888718
59.888718
59.888718
59.888718
59.888718
59.888718
59.888718
59.888718
59.888718
59.888718
59.888718
59.888718
59.888718
59.888718
59.888718
56.465593
56.465593
56.465593
56.465593
56.465593
56.465593
56.465593
56.465593
56.465593
56.465593
56.465593
56.465593
56.465593
56.465593
56.465593
43.249819
43.249819
43.249819
43.249819
43.249819
43.249819
43.249819
43.249819
43.249819
43.249819
43.249819
43.249819
43.249819
43.249819
43.249819
45.651728
45.651728
45.651728
45.651728
45.651728
45.651728
45.651728
45.651728
45.651728
45.651728
45.651728
45.651728
45.651728
45.651728
45.651728
41.678064
41.678064
41.678064
41.678064
41.678064
41.678064
41.678064
41.678064
41.678064
41.678064
41.678064
41.678064
41.678064
41.678064
41.678064
43.343223
43.343223
43.343223
43.343223
43.343223
43.343223
43.343223
43.343223
43.343223
43.343223
43.343223
43.343223
43.343223
43.343223
43.343223
40.274694
40.274694
40.274694
40.274694
40.274694
40.274694
40.274694
40.274694
40.274694
40.274694
40.274694
40.274694
40.274694
40.274694
40.274694
41.385194
41.385194
41.385194
41.385194
41.385194
41.385194
41.385194
41.385194
41.385194
41.385194
41.385194
41.385194
41.385194
41.385194
41.385194
46.333350
46.333350
46.333350
46.333350
46.333350
46.333350
46.333350
46.333350
46.333350
46.333350
46.333350
46.333350
46.333350
46.333350
46.333350
45.495413
45.495413
45.495413
45.495413
45.495413
45.495413
45.495413
45.495413
45.495413
45.495413
45.495413
45.495413
45.495413
45.495413
45.495413
45.233092
45.233092
45.233092
45.233092
45.233092
45.233092
45.233092
45.233092
45.233092
45.233092
45.233092
45.233092
45.233092
45.233092
45.233092
39.035617
39.035617
39.035617
39.035617
39.035617
39.035617
39.035617
39.035617
39.035617
39.035617
39.035617
39.035617
39.035617
39.035617
39.035617
46.341993
46.341993
46.341993
46.341993
46.341993
46.341993
46.341993
46.341993
46.341993
46.341993
46.341993
46.341993
46.341993
46.341993
46.341993
41.309831
41.309831
41.309831
41.309831
41.309831
41.309831
41.309831
41.309831
41.309831
41.309831
41.309831
41.309831
41.309831
41.309831
41.309831
42.860900
42.860900
42.860900
42.860900
42.860900
42.860900
42.860900
42.860900
42.860900
42.860900
42.860900
42.860900
42.860900
42.860900
42.860900
40.559488
40.559488
40.559488
40.559488
40.559488
40.559488
40.559488
40.559488
40.559488
40.559488
40.559488
40.559488
40.559488
40.559488
40.559488
40.442945
40.442945
40.442945
40.442945
40.442945
40.442945
40.442945
40.442945
40.442945
40.442945
40.442945
40.442945
40.442945
40.442945
40.442945
46.306040
46.306040
46.306040
46.306040
46.306040
46.306040
46.306040
46.306040
46.306040
46.306040
46.306040
46.306040
46.306040
46.306040
46.306040
43.992843
43.992843
43.992843
43.992843
43.992843
43.992843
43.992843
43.992843
43.992843
43.992843
43.992843
43.992843
43.992843
43.992843
43.992843
39.629579
39.629579
39.629579
39.629579
39.629579
39.629579
39.629579
39.629579
39.629579
39.629579
39.629579
39.629579
39.629579
39.629579
39.629579
45.820499
45.820499
45.820499
45.820499
45.820499
45.820499
45.820499
45.820499
45.820499
45.820499
45.820499
45.820499
45.820499
45.820499
45.820499
42.887044
42.887044
42.887044
42.887044
42.887044
42.887044
42.887044
42.887044
42.887044
42.887044
42.887044
42.887044
42.887044
42.887044
42.887044
42.118424
42.118424
42.118424
42.118424
42.118424
42.118424
42.118424
42.118424
42.118424
42.118424
42.118424
42.118424
42.118424
42.118424
42.118424
39.294240
39.294240
39.294240
39.294240
39.294240
39.294240
39.294240
39.294240
39.294240
39.294240
39.294240
39.294240
39.294240
39.294240
39.294240
40.740433
40.740433
40.740433
40.740433
40.740433
40.740433
40.740433
40.740433
40.740433
40.740433
40.740433
40.740433
40.740433
40.740433
40.740433
49.005134
49.005134
49.005134
49.005134
49.005134
49.005134
49.005134
49.005134
49.005134
49.005134
49.005134
49.005134
49.005134
49.005134
49.005134
47.773893
47.773893
47.773893
47.773893
47.773893
47.773893
47.773893
47.773893
47.773893
47.773893
47.773893
47.773893
47.773893
47.773893
47.773893
41.965290
41.965290
41.965290
41.965290
41.965290
41.965290
41.965290
41.965290
41.965290
41.965290
41.965290
41.965290
41.965290
41.965290
41.965290
43.606712
43.606712
43.606712
43.606712
43.606712
43.606712
43.606712
43.606712
43.606712
43.606712
43.606712
43.606712
43.606712
43.606712
43.606712
55.946529
55.946529
55.946529
55.946529
55.946529
55.946529
55.946529
55.946529
55.946529
55.946529
55.946529
55.946529
55.946529
55.946529
55.946529
53.581554
53.581554
53.581554
53.581554
53.581554
53.581554
53.581554
53.581554
53.581554
53.581554
53.581554
53.581554
53.581554
53.581554
53.581554
53.825762
53.825762
53.825762
53.825762
53.825762
53.825762
53.825762
53.825762
53.825762
53.825762
53.825762
53.825762
53.825762
53.825762
53.825762
52.635664
52.635664
52.635664
52.635664
52.635664
52.635664
52.635664
52.635664
52.635664
52.635664
52.635664
52.635664
52.635664
52.635664
52.635664
54.976862
54.976862
54.976862
54.976862
54.976862
54.976862
54.976862
54.976862
54.976862
54.976862
54.976862
54.976862
54.976862
54.976862
54.976862
61.680605
61.680605
61.680605
61.680605
61.680605
61.680605
61.680605
61.680605
61.680605
61.680605
61.680605
61.680605
61.680605
61.680605
61.680605
55.940911
55.940911
55.940911
55.940911
55.940911
55.940911
55.940911
55.940911
55.940911
55.940911
55.940911
55.940911
55.940911
55.940911
55.940911
56.978632
56.978632
56.978632
56.978632
56.978632
56.978632
56.978632
56.978632
56.978632
56.978632
56.978632
56.978632
56.978632
56.978632
56.978632
57.229079
57.229079
57.229079
57.229079
57.229079
57.229079
57.229079
57.229079
57.229079
57.229079
57.229079
57.229079
57.229079
57.229079
57.229079
70.026787
70.026787
70.026787
70.026787
70.026787
70.026787
70.026787
70.026787
70.026787
70.026787
70.026787
70.026787
70.026787
70.026787
70.026787
70.823658
70.823658
70.823658
70.823658
70.823658
70.823658
70.823658
70.823658
70.823658
70.823658
70.823658
70.823658
70.823658
70.823658
70.823658
48.972351
48.972351
48.972351
48.972351
48.972351
48.972351
48.972351
48.972351
48.972351
48.972351
48.972351
48.972351
48.972351
48.972351
48.972351
54.980376
54.980376
54.980376
54.980376
54.980376
54.980376
54.980376
54.980376
54.980376
54.980376
54.980376
54.980376
54.980376
54.980376
54.980376
58.251216
58.251216
58.251216
58.251216
58.251216
58.251216
58.251216
58.251216
58.251216
58.251216
58.251216
58.251216
58.251216
58.251216
58.251216
60.662323
60.662323
60.662323
60.662323
60.662323
60.662323
60.662323
60.662323
60.662323
60.662323
60.662323
60.662323
60.662323
60.662323
60.662323
59.523642
59.523642
59.523642
59.523642
59.523642
59.523642
59.523642
59.523642
59.523642
59.523642
59.523642
59.523642
59.523642
59.523642
59.523642
53.911749
53.911749
53.911749
53.911749
53.911749
53.911749
53.911749
53.911749
53.911749
53.911749
53.911749
53.911749
53.911749
53.911749
53.911749
56.370299
56.370299
56.370299
56.370299
56.370299
56.370299
56.370299
56.370299
56.370299
56.370299
56.370299
56.370299
56.370299
56.370299
56.370299
56.341148
56.341148
56.341148
56.341148
56.341148
56.341148
56.341148
56.341148
56.341148
56.341148
56.341148
56.341148
56.341148
56.341148
56.341148
56.979521
56.979521
56.979521
56.979521
56.979521
56.979521
56.979521
56.979521
56.979521
56.979521
56.979521
56.979521
56.979521
56.979521
56.979521
56.999244
56.999244
56.999244
56.999244
56.999244
56.999244
56.999244
56.999244
56.999244
56.999244
56.999244
56.999244
56.999244
56.999244
56.999244
58.228117
58.228117
58.228117
58.228117
58.228117
58.228117
58.228117
58.228117
58.228117
58.228117
58.228117
58.228117
58.228117
58.228117
58.228117
60.607721
60.607721
60.607721
60.607721
60.607721
60.607721
60.607721
60.607721
60.607721
60.607721
60.607721
60.607721
60.607721
60.607721
60.607721
64.086027
64.086027
64.086027
64.086027
64.086027
64.086027
64.086027
64.086027
64.086027
64.086027
64.086027
64.086027
64.086027
64.086027
64.086027
70.997972
70.997972
70.997972
70.997972
70.997972
70.997972
70.997972
70.997972
70.997972
70.997972
70.997972
70.997972
70.997972
70.997972
70.997972
72.832290
72.832290
72.832290
72.832290
72.832290
72.832290
72.832290
72.832290
72.832290
72.832290
72.832290
72.832290
72.832290
72.832290
72.832290
81.977775
81.977775
81.977775
81.977775
81.977775
81.977775
81.977775
81.977775
81.977775
81.977775
81.977775
81.977775
81.977775
81.977775
81.977775
69.298556
69.298556
69.298556
69.298556
69.298556
69.298556
69.298556
69.298556
69.298556
69.298556
69.298556
69.298556
69.298556
69.298556
69.298556
77.280259
77.280259
77.280259
77.280259
77.280259
77.280259
77.280259
77.280259
77.280259
77.280259
77.280259
77.280259
77.280259
77.280259
77.280259
87.687565
87.687565
87.687565
87.687565
87.687565
87.687565
87.687565
87.687565
87.687565
87.687565
87.687565
87.687565
87.687565
87.687565
87.687565
94.345954
94.345954
94.345954
94.345954
94.345954
94.345954
94.345954
94.345954
94.345954
94.345954
94.345954
94.345954
94.345954
94.345954
94.345954
85.735769
85.735769
85.735769
85.735769
85.735769
85.735769
85.735769
85.735769
85.735769
85.735769
85.735769
85.735769
85.735769
85.735769
85.735769
88.928754
88.928754
88.928754
88.928754
88.928754
88.928754
88.928754
88.928754
88.928754
88.928754
88.928754
88.928754
88.928754
88.928754
88.928754
92.204894
92.204894
92.204894
92.204894
92.204894
92.204894
92.204894
92.204894
92.204894
92.204894
92.204894
92.204894
92.204894
92.204894
92.204894
96.122257
96.122257
96.122257
96.122257
96.122257
96.122257
96.122257
96.122257
96.122257
96.122257
96.122257
96.122257
96.122257
96.122257
96.122257
90.628230
90.628230
90.628230
90.628230
90.628230
90.628230
90.628230
90.628230
90.628230
90.628230
90.628230
90.628230
90.628230
90.628230
90.628230
93.003019
93.003019
93.003019
93.003019
93.003019
93.003019
93.003019
93.003019
93.003019
93.003019
93.003019
93.003019
93.003019
93.003019
93.003019
98.624800
98.624800
98.624800
98.624800
98.624800
98.624800
98.624800
98.624800
98.624800
98.624800
98.624800
98.624800
98.624800
98.624800
98.624800
95.289166
95.289166
95.289166
95.289166
95.289166
95.289166
95.289166
95.289166
95.289166
95.289166
95.289166
95.289166
95.289166
95.289166
95.289166
94.265525
94.265525
94.265525
94.265525
94.265525
94.265525
94.265525
94.265525
94.265525
94.265525
94.265525
94.265525
94.265525
94.265525
94.265525
92.746988
92.746988
92.746988
92.746988
92.746988
92.746988
92.746988
92.746988
92.746988
92.746988
92.746988
92.746988
92.746988
92.746988
92.746988
