22.605184
22.605184
22.605184
22.605184
22.605184
22.605184
22.605184
22.605184
22.605184
22.605184
22.605184
22.605184
22.605184
22.605184
22.605184
22.971923
22.971923
22.971923
22.971923
22.971923
22.971923
22.971923
22.971923
22.971923
22.971923
22.971923
22.971923
22.971923
22.971923
22.971923
22.556684
22.556684
22.556684
22.556684
22.556684
22.556684
22.556684
22.556684
22.556684
22.556684
22.556684
22.556684
22.556684
22.556684
22.556684
23.219414
23.219414
23.219414
23.219414
23.219414
23.219414
23.219414
23.219414
23.219414
23.219414
23.219414
23.219414
23.219414
23.219414
23.219414
26.924008
26.924008
26.924008
26.924008
26.924008
26.924008
26.924008
26.924008
26.924008
26.924008
26.924008
26.924008
26.924008
26.924008
26.924008
22.146967
22.146967
22.146967
22.146967
22.146967
22.146967
22.146967
22.146967
22.146967
22.146967
22.146967
22.146967
22.146967
22.146967
22.146967
23.726648
23.726648
23.726648
23.726648
23.726648
23.726648
23.726648
23.726648
23.726648
23.726648
23.726648
23.726648
23.726648
23.726648
23.726648
22.575734
22.575734
22.575734
22.575734
22.575734
22.575734
22.575734
22.575734
22.575734
22.575734
22.575734
22.575734
22.575734
22.575734
22.575734
32.660697
32.660697
32.660697
32.660697
32.660697
32.660697
32.660697
32.660697
32.660697
32.660697
32.660697
32.660697
32.660697
32.660697
32.660697
29.521007
29.521007
29.521007
29.521007
29.521007
29.521007
29.521007
29.521007
29.521007
29.521007
29.521007
29.521007
29.521007
29.521007
29.521007
30.501735
30.501735
30.501735
30.501735
30.501735
30.501735
30.501735
30.501735
30.501735
30.501735
30.501735
30.501735
30.501735
30.501735
30.501735
31.912772
31.912772
31.912772
31.912772
31.912772
31.912772
31.912772
31.912772
31.912772
31.912772
31.912772
31.912772
31.912772
31.912772
31.912772
27.717658
27.717658
27.717658
27.717658
27.717658
27.717658
27.717658
27.717658
27.717658
27.717658
27.717658
27.717658
27.717658
27.717658
27.717658
33.483733
33.483733
33.483733
33.483733
33.483733
33.483733
33.483733
33.483733
33.483733
33.483733
33.483733
33.483733
33.483733
33.483733
33.483733
31.289925
31.289925
31.289925
31.289925
31.289925
31.289925
31.289925
31.289925
31.289925
31.289925
31.289925
31.289925
31.289925
31.289925
31.289925
26.289735
26.289735
26.289735
26.289735
26.289735
26.289735
26.289735
26.289735
26.289735
26.289735
26.289735
26.289735
26.289735
26.289735
26.289735
29.335751
29.335751
29.335751
29.335751
29.335751
29.335751
29.335751
29.335751
29.335751
29.335751
29.335751
29.335751
29.335751
29.335751
29.335751
28.022196
28.022196
28.022196
28.022196
28.022196
28.022196
28.022196
28.022196
28.022196
28.022196
28.022196
28.022196
28.022196
28.022196
28.022196
33.545761
33.545761
33.545761
33.545761
33.545761
33.545761
33.545761
33.545761
33.545761
33.545761
33.545761
33.545761
33.545761
33.545761
33.545761
26.998870
26.998870
26.998870
26.998870
26.998870
26.998870
26.998870
26.998870
26.998870
26.998870
26.998870
26.998870
26.998870
26.998870
26.998870
30.985767
30.985767
30.985767
30.985767
30.985767
30.985767
30.985767
30.985767
30.985767
30.985767
30.985767
30.985767
30.985767
30.985767
30.985767
19.287624
19.287624
19.287624
19.287624
19.287624
19.287624
19.287624
19.287624
19.287624
19.287624
19.287624
19.287624
19.287624
19.287624
19.287624
23.322086
23.322086
23.322086
23.322086
23.322086
23.322086
23.322086
23.322086
23.322086
23.322086
23.322086
23.322086
23.322086
23.322086
23.322086
25.999407
25.999407
25.999407
25.999407
25.999407
25.999407
25.999407
25.999407
25.999407
25.999407
25.999407
25.999407
25.999407
25.999407
25.999407
20.328410
20.328410
20.328410
20.328410
20.328410
20.328410
20.328410
20.328410
20.328410
20.328410
20.328410
20.328410
20.328410
20.328410
20.328410
25.530564
25.530564
25.530564
25.530564
25.530564
25.530564
25.530564
25.530564
25.530564
25.530564
25.530564
25.530564
25.530564
25.530564
25.530564
23.382559
23.382559
23.382559
23.382559
23.382559
23.382559
23.382559
23.382559
23.382559
23.382559
23.382559
23.382559
23.382559
23.382559
23.382559
13.120516
13.120516
13.120516
13.120516
13.120516
13.120516
13.120516
13.120516
13.120516
13.120516
13.120516
13.120516
13.120516
13.120516
13.120516
13.725972
13.725972
13.725972
13.725972
13.725972
13.725972
13.725972
13.725972
13.725972
13.725972
13.725972
13.725972
13.725972
13.725972
13.725972
15.866315
15.866315
15.866315
15.866315
15.866315
15.866315
15.866315
15.866315
15.866315
15.866315
15.866315
15.866315
15.866315
15.866315
15.866315
7.337209
7.337209
7.337209
7.337209
7.337209
7.337209
7.337209
7.337209
7.337209
7.337209
7.337209
7.337209
7.337209
7.337209
7.337209
5.749222
5.749222
5.749222
5.749222
5.749222
5.749222
5.749222
5.749222
5.749222
5.749222
5.749222
5.749222
5.749222
5.749222
5.749222
7.030715
7.030715
7.030715
7.030715
7.030715
7.030715
7.030715
7.030715
7.030715
7.030715
7.030715
7.030715
7.030715
7.030715
7.030715
6.258653
6.258653
6.258653
6.258653
6.258653
6.258653
6.258653
6.258653
6.258653
6.258653
6.258653
6.258653
6.258653
6.258653
6.258653
6.908510
6.908510
6.908510
6.908510
6.908510
6.908510
6.908510
6.908510
6.908510
6.908510
6.908510
6.908510
6.908510
6.908510
6.908510
10.238266
10.238266
10.238266
10.238266
10.238266
10.238266
10.238266
10.238266
10.238266
10.238266
10.238266
10.238266
10.238266
10.238266
10.238266
7.305389
7.305389
7.305389
7.305389
7.305389
7.305389
7.305389
7.305389
7.305389
7.305389
7.305389
7.305389
7.305389
7.305389
7.305389
7.945124
7.945124
7.945124
7.945124
7.945124
7.945124
7.945124
7.945124
7.945124
7.945124
7.945124
7.945124
7.945124
7.945124
7.945124
7.759868
7.759868
7.759868
7.759868
7.759868
7.759868
7.759868
7.759868
7.759868
7.759868
7.759868
7.759868
7.759868
7.759868
7.759868
16.423767
16.423767
16.423767
16.423767
16.423767
16.423767
16.423767
16.423767
16.423767
16.423767
16.423767
16.423767
16.423767
16.423767
16.423767
15.556731
15.556731
15.556731
15.556731
15.556731
15.556731
15.556731
15.556731
15.556731
15.556731
15.556731
15.556731
15.556731
15.556731
15.556731
16.115284
16.115284
16.115284
16.115284
16.115284
16.115284
16.115284
16.115284
16.115284
16.115284
16.115284
16.115284
16.115284
16.115284
16.115284
12.018377
12.018377
12.018377
12.018377
12.018377
12.018377
12.018377
12.018377
12.018377
12.018377
12.018377
12.018377
12.018377
12.018377
12.018377
18.022602
18.022602
18.022602
18.022602
18.022602
18.022602
18.022602
18.022602
18.022602
18.022602
18.022602
18.022602
18.022602
18.022602
18.022602
21.096147
21.096147
21.096147
21.096147
21.096147
21.096147
21.096147
21.096147
21.096147
21.096147
21.096147
21.096147
21.096147
21.096147
21.096147
21.177399
21.177399
21.177399
21.177399
21.177399
21.177399
21.177399
21.177399
21.177399
21.177399
21.177399
21.177399
21.177399
21.177399
21.177399
20.267005
20.267005
20.267005
20.267005
20.267005
20.267005
20.267005
20.267005
20.267005
20.267005
20.267005
20.267005
20.267005
20.267005
20.267005
20.712797
20.712797
20.712797
20.712797
20.712797
20.712797
20.712797
20.712797
20.712797
20.712797
20.712797
20.712797
20.712797
20.712797
20.712797
20.363152
20.363152
20.363152
20.363152
20.363152
20.363152
20.363152
20.363152
20.363152
20.363152
20.363152
20.363152
20.363152
20.363152
20.363152
17.828903
17.828903
17.828903
17.828903
17.828903
17.828903
17.828903
17.828903
17.828903
17.828903
17.828903
17.828903
17.828903
17.828903
17.828903
10.767439
10.767439
10.767439
10.767439
10.767439
10.767439
10.767439
10.767439
10.767439
10.767439
10.767439
10.767439
10.767439
10.767439
10.767439
12.830737
12.830737
12.830737
12.830737
12.830737
12.830737
12.830737
12.830737
12.830737
12.830737
12.830737
12.830737
12.830737
12.830737
12.830737
13.615119
13.615119
13.615119
13.615119
13.615119
13.615119
13.615119
13.615119
13.615119
13.615119
13.615119
13.615119
13.615119
13.615119
13.615119
10.530865
10.530865
10.530865
10.530865
10.530865
10.530865
10.530865
10.530865
10.530865
10.530865
10.530865
10.530865
10.530865
10.530865
10.530865
12.001525
12.001525
12.001525
12.001525
12.001525
12.001525
12.001525
12.001525
12.001525
12.001525
12.001525
12.001525
12.001525
12.001525
12.001525
13.461544
13.461544
13.461544
13.461544
13.461544
13.461544
13.461544
13.461544
13.461544
13.461544
13.461544
13.461544
13.461544
13.461544
13.461544
16.846149
16.846149
16.846149
16.846149
16.846149
16.846149
16.846149
16.846149
16.846149
16.846149
16.846149
16.846149
16.846149
16.846149
16.846149
17.472804
17.472804
17.472804
17.472804
17.472804
17.472804
17.472804
17.472804
17.472804
17.472804
17.472804
17.472804
17.472804
17.472804
17.472804
15.477987
15.477987
15.477987
15.477987
15.477987
15.477987
15.477987
15.477987
15.477987
15.477987
15.477987
15.477987
15.477987
15.477987
15.477987
13.515352
13.515352
13.515352
13.515352
13.515352
13.515352
13.515352
13.515352
13.515352
13.515352
13.515352
13.515352
13.515352
13.515352
13.515352
15.325396
15.325396
15.325396
15.325396
15.325396
15.325396
15.325396
15.325396
15.325396
15.325396
15.325396
15.325396
15.325396
15.325396
15.325396
13.280940
13.280940
13.280940
13.280940
13.280940
13.280940
13.280940
13.280940
13.280940
13.280940
13.280940
13.280940
13.280940
13.280940
13.280940
14.155085
14.155085
14.155085
14.155085
14.155085
14.155085
14.155085
14.155085
14.155085
14.155085
14.155085
14.155085
14.155085
14.155085
14.155085
13.881503
13.881503
13.881503
13.881503
13.881503
13.881503
13.881503
13.881503
13.881503
13.881503
13.881503
13.881503
13.881503
13.881503
13.881503
17.223490
17.223490
17.223490
17.223490
17.223490
17.223490
17.223490
17.223490
17.223490
17.223490
17.223490
17.223490
17.223490
17.223490
17.223490
13.849442
13.849442
13.849442
13.849442
13.849442
13.849442
13.849442
13.849442
13.849442
13.849442
13.849442
13.849442
13.849442
13.849442
13.849442
15.696391
15.696391
15.696391
15.696391
15.696391
15.696391
15.696391
15.696391
15.696391
15.696391
15.696391
15.696391
15.696391
15.696391
15.696391
7.983328
7.983328
7.983328
7.983328
7.983328
7.983328
7.983328
7.983328
7.983328
7.983328
7.983328
7.983328
7.983328
7.983328
7.983328
68.412815
68.412815
68.412815
68.412815
68.412815
68.412815
68.412815
68.412815
68.412815
68.412815
68.412815
68.412815
68.412815
68.412815
68.412815
80.835583
80.835583
80.835583
80.835583
80.835583
80.835583
80.835583
80.835583
80.835583
80.835583
80.835583
80.835583
80.835583
80.835583
80.835583
80.927258
80.927258
80.927258
80.927258
80.927258
80.927258
80.927258
80.927258
80.927258
80.927258
80.927258
80.927258
80.927258
80.927258
80.927258
74.935534
74.935534
74.935534
74.935534
74.935534
74.935534
74.935534
74.935534
74.935534
74.935534
74.935534
74.935534
74.935534
74.935534
74.935534
64.617331
64.617331
64.617331
64.617331
64.617331
64.617331
64.617331
64.617331
64.617331
64.617331
64.617331
64.617331
64.617331
64.617331
64.617331
6.813986
6.813986
6.813986
6.813986
6.813986
6.813986
6.813986
6.813986
6.813986
6.813986
6.813986
6.813986
6.813986
6.813986
6.813986
10.362842
10.362842
10.362842
10.362842
10.362842
10.362842
10.362842
10.362842
10.362842
10.362842
10.362842
10.362842
10.362842
10.362842
10.362842
14.895784
14.895784
14.895784
14.895784
14.895784
14.895784
14.895784
14.895784
14.895784
14.895784
14.895784
14.895784
14.895784
14.895784
14.895784
10.289516
10.289516
10.289516
10.289516
10.289516
10.289516
10.289516
10.289516
10.289516
10.289516
10.289516
10.289516
10.289516
10.289516
10.289516
9.196823
9.196823
9.196823
9.196823
9.196823
9.196823
9.196823
9.196823
9.196823
9.196823
9.196823
9.196823
9.196823
9.196823
9.196823
14.917998
14.917998
14.917998
14.917998
14.917998
14.917998
14.917998
14.917998
14.917998
14.917998
14.917998
14.917998
14.917998
14.917998
14.917998
101.580714
101.580714
101.580714
101.580714
101.580714
101.580714
101.580714
101.580714
101.580714
101.580714
101.580714
101.580714
101.580714
101.580714
101.580714
123.227071
123.227071
123.227071
123.227071
123.227071
123.227071
123.227071
123.227071
123.227071
123.227071
123.227071
123.227071
123.227071
123.227071
123.227071
115.831924
115.831924
115.831924
115.831924
115.831924
115.831924
115.831924
115.831924
115.831924
115.831924
115.831924
115.831924
115.831924
115.831924
115.831924
107.927966
107.927966
107.927966
107.927966
107.927966
107.927966
107.927966
107.927966
107.927966
107.927966
107.927966
107.927966
107.927966
107.927966
107.927966
113.413693
113.413693
113.413693
113.413693
113.413693
113.413693
113.413693
113.413693
113.413693
113.413693
113.413693
113.413693
113.413693
113.413693
113.413693
115.898414
115.898414
115.898414
115.898414
115.898414
115.898414
115.898414
115.898414
115.898414
115.898414
115.898414
115.898414
115.898414
115.898414
115.898414
58.449609
58.449609
58.449609
58.449609
58.449609
58.449609
58.449609
58.449609
58.449609
58.449609
58.449609
58.449609
58.449609
58.449609
58.449609
99.277572
99.277572
99.277572
99.277572
99.277572
99.277572
99.277572
99.277572
99.277572
99.277572
99.277572
99.277572
99.277572
99.277572
99.277572
51.172333
51.172333
51.172333
51.172333
51.172333
51.172333
51.172333
51.172333
51.172333
51.172333
51.172333
51.172333
51.172333
51.172333
51.172333
39.108171
39.108171
39.108171
39.108171
39.108171
39.108171
39.108171
39.108171
39.108171
39.108171
39.108171
39.108171
39.108171
39.108171
39.108171
40.409441
40.409441
40.409441
40.409441
40.409441
40.409441
40.409441
40.409441
40.409441
40.409441
40.409441
40.409441
40.409441
40.409441
40.409441
45.511260
45.511260
45.511260
45.511260
45.511260
45.511260
45.511260
45.511260
45.511260
45.511260
45.511260
45.511260
45.511260
45.511260
45.511260
46.442023
46.442023
46.442023
46.442023
46.442023
46.442023
46.442023
46.442023
46.442023
46.442023
46.442023
46.442023
46.442023
46.442023
46.442023
38.854433
38.854433
38.854433
38.854433
38.854433
38.854433
38.854433
38.854433
38.854433
38.854433
38.854433
38.854433
38.854433
38.854433
38.854433
39.607549
39.607549
39.607549
39.607549
39.607549
39.607549
39.607549
39.607549
39.607549
39.607549
39.607549
39.607549
39.607549
39.607549
39.607549
38.956519
38.956519
38.956519
38.956519
38.956519
38.956519
38.956519
38.956519
38.956519
38.956519
38.956519
38.956519
38.956519
38.956519
38.956519
44.577841
44.577841
44.577841
44.577841
44.577841
44.577841
44.577841
44.577841
44.577841
44.577841
44.577841
44.577841
44.577841
44.577841
44.577841
