27.437908
27.437908
27.437908
27.437908
27.437908
27.437908
27.437908
27.437908
27.437908
27.437908
27.437908
27.437908
27.437908
27.437908
27.437908
27.428063
27.428063
27.428063
27.428063
27.428063
27.428063
27.428063
27.428063
27.428063
27.428063
27.428063
27.428063
27.428063
27.428063
27.428063
31.585986
31.585986
31.585986
31.585986
31.585986
31.585986
31.585986
31.585986
31.585986
31.585986
31.585986
31.585986
31.585986
31.585986
31.585986
31.341016
31.341016
31.341016
31.341016
31.341016
31.341016
31.341016
31.341016
31.341016
31.341016
31.341016
31.341016
31.341016
31.341016
31.341016
33.631290
33.631290
33.631290
33.631290
33.631290
33.631290
33.631290
33.631290
33.631290
33.631290
33.631290
33.631290
33.631290
33.631290
33.631290
36.023469
36.023469
36.023469
36.023469
36.023469
36.023469
36.023469
36.023469
36.023469
36.023469
36.023469
36.023469
36.023469
36.023469
36.023469
35.709556
35.709556
35.709556
35.709556
35.709556
35.709556
35.709556
35.709556
35.709556
35.709556
35.709556
35.709556
35.709556
35.709556
35.709556
30.256878
30.256878
30.256878
30.256878
30.256878
30.256878
30.256878
30.256878
30.256878
30.256878
30.256878
30.256878
30.256878
30.256878
30.256878
26.220787
26.220787
26.220787
26.220787
26.220787
26.220787
26.220787
26.220787
26.220787
26.220787
26.220787
26.220787
26.220787
26.220787
26.220787
26.737433
26.737433
26.737433
26.737433
26.737433
26.737433
26.737433
26.737433
26.737433
26.737433
26.737433
26.737433
26.737433
26.737433
26.737433
26.532639
26.532639
26.532639
26.532639
26.532639
26.532639
26.532639
26.532639
26.532639
26.532639
26.532639
26.532639
26.532639
26.532639
26.532639
28.422222
28.422222
28.422222
28.422222
28.422222
28.422222
28.422222
28.422222
28.422222
28.422222
28.422222
28.422222
28.422222
28.422222
28.422222
29.415563
29.415563
29.415563
29.415563
29.415563
29.415563
29.415563
29.415563
29.415563
29.415563
29.415563
29.415563
29.415563
29.415563
29.415563
31.182662
31.182662
31.182662
31.182662
31.182662
31.182662
31.182662
31.182662
31.182662
31.182662
31.182662
31.182662
31.182662
31.182662
31.182662
31.393121
31.393121
31.393121
31.393121
31.393121
31.393121
31.393121
31.393121
31.393121
31.393121
31.393121
31.393121
31.393121
31.393121
31.393121
30.428636
30.428636
30.428636
30.428636
30.428636
30.428636
30.428636
30.428636
30.428636
30.428636
30.428636
30.428636
30.428636
30.428636
30.428636
32.439310
32.439310
32.439310
32.439310
32.439310
32.439310
32.439310
32.439310
32.439310
32.439310
32.439310
32.439310
32.439310
32.439310
32.439310
33.423509
33.423509
33.423509
33.423509
33.423509
33.423509
33.423509
33.423509
33.423509
33.423509
33.423509
33.423509
33.423509
33.423509
33.423509
32.371126
32.371126
32.371126
32.371126
32.371126
32.371126
32.371126
32.371126
32.371126
32.371126
32.371126
32.371126
32.371126
32.371126
32.371126
33.006878
33.006878
33.006878
33.006878
33.006878
33.006878
33.006878
33.006878
33.006878
33.006878
33.006878
33.006878
33.006878
33.006878
33.006878
30.986356
30.986356
30.986356
30.986356
30.986356
30.986356
30.986356
30.986356
30.986356
30.986356
30.986356
30.986356
30.986356
30.986356
30.986356
31.761475
31.761475
31.761475
31.761475
31.761475
31.761475
31.761475
31.761475
31.761475
31.761475
31.761475
31.761475
31.761475
31.761475
31.761475
29.629632
29.629632
29.629632
29.629632
29.629632
29.629632
29.629632
29.629632
29.629632
29.629632
29.629632
29.629632
29.629632
29.629632
29.629632
30.807448
30.807448
30.807448
30.807448
30.807448
30.807448
30.807448
30.807448
30.807448
30.807448
30.807448
30.807448
30.807448
30.807448
30.807448
30.319477
30.319477
30.319477
30.319477
30.319477
30.319477
30.319477
30.319477
30.319477
30.319477
30.319477
30.319477
30.319477
30.319477
30.319477
30.837696
30.837696
30.837696
30.837696
30.837696
30.837696
30.837696
30.837696
30.837696
30.837696
30.837696
30.837696
30.837696
30.837696
30.837696
33.543909
33.543909
33.543909
33.543909
33.543909
33.543909
33.543909
33.543909
33.543909
33.543909
33.543909
33.543909
33.543909
33.543909
33.543909
30.479302
30.479302
30.479302
30.479302
30.479302
30.479302
30.479302
30.479302
30.479302
30.479302
30.479302
30.479302
30.479302
30.479302
30.479302
27.934923
27.934923
27.934923
27.934923
27.934923
27.934923
27.934923
27.934923
27.934923
27.934923
27.934923
27.934923
27.934923
27.934923
27.934923
28.681207
28.681207
28.681207
28.681207
28.681207
28.681207
28.681207
28.681207
28.681207
28.681207
28.681207
28.681207
28.681207
28.681207
28.681207
28.054575
28.054575
28.054575
28.054575
28.054575
28.054575
28.054575
28.054575
28.054575
28.054575
28.054575
28.054575
28.054575
28.054575
28.054575
28.084258
28.084258
28.084258
28.084258
28.084258
28.084258
28.084258
28.084258
28.084258
28.084258
28.084258
28.084258
28.084258
28.084258
28.084258
25.789759
25.789759
25.789759
25.789759
25.789759
25.789759
25.789759
25.789759
25.789759
25.789759
25.789759
25.789759
25.789759
25.789759
25.789759
22.466091
22.466091
22.466091
22.466091
22.466091
22.466091
22.466091
22.466091
22.466091
22.466091
22.466091
22.466091
22.466091
22.466091
22.466091
23.341170
23.341170
23.341170
23.341170
23.341170
23.341170
23.341170
23.341170
23.341170
23.341170
23.341170
23.341170
23.341170
23.341170
23.341170
20.215285
20.215285
20.215285
20.215285
20.215285
20.215285
20.215285
20.215285
20.215285
20.215285
20.215285
20.215285
20.215285
20.215285
20.215285
21.675406
21.675406
21.675406
21.675406
21.675406
21.675406
21.675406
21.675406
21.675406
21.675406
21.675406
21.675406
21.675406
21.675406
21.675406
23.021476
23.021476
23.021476
23.021476
23.021476
23.021476
23.021476
23.021476
23.021476
23.021476
23.021476
23.021476
23.021476
23.021476
23.021476
21.555753
21.555753
21.555753
21.555753
21.555753
21.555753
21.555753
21.555753
21.555753
21.555753
21.555753
21.555753
21.555753
21.555753
21.555753
18.987021
18.987021
18.987021
18.987021
18.987021
18.987021
18.987021
18.987021
18.987021
18.987021
18.987021
18.987021
18.987021
18.987021
18.987021
22.709860
22.709860
22.709860
22.709860
22.709860
22.709860
22.709860
22.709860
22.709860
22.709860
22.709860
22.709860
22.709860
22.709860
22.709860
23.535511
23.535511
23.535511
23.535511
23.535511
23.535511
23.535511
23.535511
23.535511
23.535511
23.535511
23.535511
23.535511
23.535511
23.535511
20.622418
20.622418
20.622418
20.622418
20.622418
20.622418
20.622418
20.622418
20.622418
20.622418
20.622418
20.622418
20.622418
20.622418
20.622418
25.045768
25.045768
25.045768
25.045768
25.045768
25.045768
25.045768
25.045768
25.045768
25.045768
25.045768
25.045768
25.045768
25.045768
25.045768
21.934034
21.934034
21.934034
21.934034
21.934034
21.934034
21.934034
21.934034
21.934034
21.934034
21.934034
21.934034
21.934034
21.934034
21.934034
25.754637
25.754637
25.754637
25.754637
25.754637
25.754637
25.754637
25.754637
25.754637
25.754637
25.754637
25.754637
25.754637
25.754637
25.754637
26.502358
26.502358
26.502358
26.502358
26.502358
26.502358
26.502358
26.502358
26.502358
26.502358
26.502358
26.502358
26.502358
26.502358
26.502358
25.920811
25.920811
25.920811
25.920811
25.920811
25.920811
25.920811
25.920811
25.920811
25.920811
25.920811
25.920811
25.920811
25.920811
25.920811
26.929696
26.929696
26.929696
26.929696
26.929696
26.929696
26.929696
26.929696
26.929696
26.929696
26.929696
26.929696
26.929696
26.929696
26.929696
26.776256
26.776256
26.776256
26.776256
26.776256
26.776256
26.776256
26.776256
26.776256
26.776256
26.776256
26.776256
26.776256
26.776256
26.776256
24.781127
24.781127
24.781127
24.781127
24.781127
24.781127
24.781127
24.781127
24.781127
24.781127
24.781127
24.781127
24.781127
24.781127
24.781127
23.443331
23.443331
23.443331
23.443331
23.443331
23.443331
23.443331
23.443331
23.443331
23.443331
23.443331
23.443331
23.443331
23.443331
23.443331
26.243121
26.243121
26.243121
26.243121
26.243121
26.243121
26.243121
26.243121
26.243121
26.243121
26.243121
26.243121
26.243121
26.243121
26.243121
26.657133
26.657133
26.657133
26.657133
26.657133
26.657133
26.657133
26.657133
26.657133
26.657133
26.657133
26.657133
26.657133
26.657133
26.657133
24.050902
24.050902
24.050902
24.050902
24.050902
24.050902
24.050902
24.050902
24.050902
24.050902
24.050902
24.050902
24.050902
24.050902
24.050902
24.835922
24.835922
24.835922
24.835922
24.835922
24.835922
24.835922
24.835922
24.835922
24.835922
24.835922
24.835922
24.835922
24.835922
24.835922
24.887122
24.887122
24.887122
24.887122
24.887122
24.887122
24.887122
24.887122
24.887122
24.887122
24.887122
24.887122
24.887122
24.887122
24.887122
26.379087
26.379087
26.379087
26.379087
26.379087
26.379087
26.379087
26.379087
26.379087
26.379087
26.379087
26.379087
26.379087
26.379087
26.379087
24.019903
24.019903
24.019903
24.019903
24.019903
24.019903
24.019903
24.019903
24.019903
24.019903
24.019903
24.019903
24.019903
24.019903
24.019903
25.927157
25.927157
25.927157
25.927157
25.927157
25.927157
25.927157
25.927157
25.927157
25.927157
25.927157
25.927157
25.927157
25.927157
25.927157
24.206419
24.206419
24.206419
24.206419
24.206419
24.206419
24.206419
24.206419
24.206419
24.206419
24.206419
24.206419
24.206419
24.206419
24.206419
22.932854
22.932854
22.932854
22.932854
22.932854
22.932854
22.932854
22.932854
22.932854
22.932854
22.932854
22.932854
22.932854
22.932854
22.932854
21.562924
21.562924
21.562924
21.562924
21.562924
21.562924
21.562924
21.562924
21.562924
21.562924
21.562924
21.562924
21.562924
21.562924
21.562924
22.135939
22.135939
22.135939
22.135939
22.135939
22.135939
22.135939
22.135939
22.135939
22.135939
22.135939
22.135939
22.135939
22.135939
22.135939
20.888415
20.888415
20.888415
20.888415
20.888415
20.888415
20.888415
20.888415
20.888415
20.888415
20.888415
20.888415
20.888415
20.888415
20.888415
21.794529
21.794529
21.794529
21.794529
21.794529
21.794529
21.794529
21.794529
21.794529
21.794529
21.794529
21.794529
21.794529
21.794529
21.794529
21.806498
21.806498
21.806498
21.806498
21.806498
21.806498
21.806498
21.806498
21.806498
21.806498
21.806498
21.806498
21.806498
21.806498
21.806498
21.788179
21.788179
21.788179
21.788179
21.788179
21.788179
21.788179
21.788179
21.788179
21.788179
21.788179
21.788179
21.788179
21.788179
21.788179
22.648498
22.648498
22.648498
22.648498
22.648498
22.648498
22.648498
22.648498
22.648498
22.648498
22.648498
22.648498
22.648498
22.648498
22.648498
26.310708
26.310708
26.310708
26.310708
26.310708
26.310708
26.310708
26.310708
26.310708
26.310708
26.310708
26.310708
26.310708
26.310708
26.310708
28.006169
28.006169
28.006169
28.006169
28.006169
28.006169
28.006169
28.006169
28.006169
28.006169
28.006169
28.006169
28.006169
28.006169
28.006169
28.795284
28.795284
28.795284
28.795284
28.795284
28.795284
28.795284
28.795284
28.795284
28.795284
28.795284
28.795284
28.795284
28.795284
28.795284
23.622124
23.622124
23.622124
23.622124
23.622124
23.622124
23.622124
23.622124
23.622124
23.622124
23.622124
23.622124
23.622124
23.622124
23.622124
23.315226
23.315226
23.315226
23.315226
23.315226
23.315226
23.315226
23.315226
23.315226
23.315226
23.315226
23.315226
23.315226
23.315226
23.315226
21.680612
21.680612
21.680612
21.680612
21.680612
21.680612
21.680612
21.680612
21.680612
21.680612
21.680612
21.680612
21.680612
21.680612
21.680612
24.213711
24.213711
24.213711
24.213711
24.213711
24.213711
24.213711
24.213711
24.213711
24.213711
24.213711
24.213711
24.213711
24.213711
24.213711
25.328923
25.328923
25.328923
25.328923
25.328923
25.328923
25.328923
25.328923
25.328923
25.328923
25.328923
25.328923
25.328923
25.328923
25.328923
26.363182
26.363182
26.363182
26.363182
26.363182
26.363182
26.363182
26.363182
26.363182
26.363182
26.363182
26.363182
26.363182
26.363182
26.363182
25.651369
25.651369
25.651369
25.651369
25.651369
25.651369
25.651369
25.651369
25.651369
25.651369
25.651369
25.651369
25.651369
25.651369
25.651369
28.072480
28.072480
28.072480
28.072480
28.072480
28.072480
28.072480
28.072480
28.072480
28.072480
28.072480
28.072480
28.072480
28.072480
28.072480
26.405261
26.405261
26.405261
26.405261
26.405261
26.405261
26.405261
26.405261
26.405261
26.405261
26.405261
26.405261
26.405261
26.405261
26.405261
21.382793
21.382793
21.382793
21.382793
21.382793
21.382793
21.382793
21.382793
21.382793
21.382793
21.382793
21.382793
21.382793
21.382793
21.382793
22.281736
22.281736
22.281736
22.281736
22.281736
22.281736
22.281736
22.281736
22.281736
22.281736
22.281736
22.281736
22.281736
22.281736
22.281736
22.903454
22.903454
22.903454
22.903454
22.903454
22.903454
22.903454
22.903454
22.903454
22.903454
22.903454
22.903454
22.903454
22.903454
22.903454
21.341972
21.341972
21.341972
21.341972
21.341972
21.341972
21.341972
21.341972
21.341972
21.341972
21.341972
21.341972
21.341972
21.341972
21.341972
21.346965
21.346965
21.346965
21.346965
21.346965
21.346965
21.346965
21.346965
21.346965
21.346965
21.346965
21.346965
21.346965
21.346965
21.346965
24.243212
24.243212
24.243212
24.243212
24.243212
24.243212
24.243212
24.243212
24.243212
24.243212
24.243212
24.243212
24.243212
24.243212
24.243212
24.485314
24.485314
24.485314
24.485314
24.485314
24.485314
24.485314
24.485314
24.485314
24.485314
24.485314
24.485314
24.485314
24.485314
24.485314
20.924443
20.924443
20.924443
20.924443
20.924443
20.924443
20.924443
20.924443
20.924443
20.924443
20.924443
20.924443
20.924443
20.924443
20.924443
24.338832
24.338832
24.338832
24.338832
24.338832
24.338832
24.338832
24.338832
24.338832
24.338832
24.338832
24.338832
24.338832
24.338832
24.338832
22.202312
22.202312
22.202312
22.202312
22.202312
22.202312
22.202312
22.202312
22.202312
22.202312
22.202312
22.202312
22.202312
22.202312
22.202312
22.865518
22.865518
22.865518
22.865518
22.865518
22.865518
22.865518
22.865518
22.865518
22.865518
22.865518
22.865518
22.865518
22.865518
22.865518
23.402666
23.402666
23.402666
23.402666
23.402666
23.402666
23.402666
23.402666
23.402666
23.402666
23.402666
23.402666
23.402666
23.402666
23.402666
23.052803
23.052803
23.052803
23.052803
23.052803
23.052803
23.052803
23.052803
23.052803
23.052803
23.052803
23.052803
23.052803
23.052803
23.052803
22.364969
22.364969
22.364969
22.364969
22.364969
22.364969
22.364969
22.364969
22.364969
22.364969
22.364969
22.364969
22.364969
22.364969
22.364969
24.026390
24.026390
24.026390
24.026390
24.026390
24.026390
24.026390
24.026390
24.026390
24.026390
24.026390
24.026390
24.026390
24.026390
24.026390
