0.859649123
0.859649123
0.859649123
0.859649123
0.859649123
0.830409357
0.830409357
0.830409357
0.830409357
0.830409357
0.801169591
0.801169591
0.801169591
0.801169591
0.801169591
0.771929825
0.771929825
0.771929825
0.771929825
0.771929825
0.766081871
0.766081871
0.766081871
0.766081871
0.766081871
0.760233918
0.760233918
0.760233918
0.760233918
0.760233918
0.754385965
0.754385965
0.754385965
0.754385965
0.754385965
0.736842105
0.736842105
0.736842105
0.736842105
0.736842105
0.719298246
0.719298246
0.719298246
0.719298246
0.719298246
0.701754386
0.701754386
0.701754386
0.701754386
0.701754386
0.695906433
0.695906433
0.695906433
0.695906433
0.695906433
0.69005848
0.69005848
0.69005848
0.69005848
0.69005848
0.684210526
0.684210526
0.684210526
0.684210526
0.684210526
0.67251462
0.67251462
0.67251462
0.67251462
0.67251462
0.660818713
0.660818713
0.660818713
0.660818713
0.660818713
0.649122807
0.649122807
0.649122807
0.649122807
0.649122807
0.643274854
0.643274854
0.643274854
0.643274854
0.643274854
0.637426901
0.637426901
0.637426901
0.637426901
0.637426901
0.631578947
0.631578947
0.631578947
0.631578947
0.631578947
0.643274854
0.643274854
0.643274854
0.643274854
0.643274854
0.65497076
0.65497076
0.65497076
0.65497076
0.65497076
0.666666667
0.666666667
0.666666667
0.666666667
0.666666667
0.65497076
0.65497076
0.65497076
0.65497076
0.65497076
0.643274854
0.643274854
0.643274854
0.643274854
0.643274854
0.631578947
0.631578947
0.631578947
0.631578947
0.631578947
0.631578947
0.631578947
0.631578947
0.631578947
0.631578947
0.631578947
0.631578947
0.631578947
0.631578947
0.631578947
0.631578947
0.631578947
0.631578947
0.631578947
0.631578947
0.643274854
0.643274854
0.643274854
0.643274854
0.643274854
0.65497076
0.65497076
0.65497076
0.65497076
0.65497076
0.666666667
0.666666667
0.666666667
0.666666667
0.666666667
0.660818713
0.660818713
0.660818713
0.660818713
0.660818713
0.65497076
0.65497076
0.65497076
0.65497076
0.65497076
0.649122807
0.649122807
0.649122807
0.649122807
0.649122807
0.666666667
0.666666667
0.666666667
0.666666667
0.666666667
0.684210526
0.684210526
0.684210526
0.684210526
0.684210526
0.701754386
0.701754386
0.701754386
0.701754386
0.701754386
0.678362573
0.678362573
0.678362573
0.678362573
0.678362573
0.65497076
0.65497076
0.65497076
0.65497076
0.65497076
0.631578947
0.631578947
0.631578947
0.631578947
0.631578947
0.637426901
0.637426901
0.637426901
0.637426901
0.637426901
0.643274854
0.643274854
0.643274854
0.643274854
0.643274854
0.649122807
0.649122807
0.649122807
0.649122807
0.649122807
0.660818713
0.660818713
0.660818713
0.660818713
0.660818713
0.67251462
0.67251462
0.67251462
0.67251462
0.67251462
0.684210526
0.684210526
0.684210526
0.684210526
0.684210526
0.678362573
0.678362573
0.678362573
0.678362573
0.678362573
0.67251462
0.67251462
0.67251462
0.67251462
0.67251462
0.666666667
0.666666667
0.666666667
0.666666667
0.666666667
0.649122807
0.649122807
0.649122807
0.649122807
0.649122807
0.631578947
0.631578947
0.631578947
0.631578947
0.631578947
0.614035088
0.614035088
0.614035088
0.614035088
0.614035088
0.608187135
0.608187135
0.608187135
0.608187135
0.608187135
0.602339181
0.602339181
0.602339181
0.602339181
0.602339181
0.596491228
0.596491228
0.596491228
0.596491228
0.596491228
0.602339181
0.602339181
0.602339181
0.602339181
0.602339181
0.608187134
0.608187134
0.608187134
0.608187134
0.608187134
0.614035088
0.614035088
0.614035088
0.614035088
0.614035088
0.619883041
0.619883041
0.619883041
0.619883041
0.619883041
0.625730994
0.625730994
0.625730994
0.625730994
0.625730994
0.631578947
0.631578947
0.631578947
0.631578947
0.631578947
0.631578947
0.631578947
0.631578947
0.631578947
0.631578947
0.631578947
0.631578947
0.631578947
0.631578947
0.631578947
0.631578947
0.631578947
0.631578947
0.631578947
0.631578947
0.614035088
0.614035088
0.614035088
0.614035088
0.614035088
0.596491228
0.596491228
0.596491228
0.596491228
0.596491228
0.578947368
0.578947368
0.578947368
0.578947368
0.578947368
0.590643275
0.590643275
0.590643275
0.590643275
0.590643275
0.602339181
0.602339181
0.602339181
0.602339181
0.602339181
0.614035088
0.614035088
0.614035088
0.614035088
0.614035088
0.625730994
0.625730994
0.625730994
0.625730994
0.625730994
0.637426901
0.637426901
0.637426901
0.637426901
0.637426901
0.649122807
0.649122807
0.649122807
0.649122807
0.649122807
0.637426901
0.637426901
0.637426901
0.637426901
0.637426901
0.625730994
0.625730994
0.625730994
0.625730994
0.625730994
0.614035088
0.614035088
0.614035088
0.614035088
0.614035088
0.578947369
0.578947369
0.578947369
0.578947369
0.578947369
0.543859649
0.543859649
0.543859649
0.543859649
0.543859649
0.50877193
0.50877193
0.50877193
0.50877193
0.50877193
0.497076023
0.497076023
0.497076023
0.497076023
0.497076023
0.485380117
0.485380117
0.485380117
0.485380117
0.485380117
0.473684211
0.473684211
0.473684211
0.473684211
0.473684211
0.456140351
0.456140351
0.456140351
0.456140351
0.456140351
0.438596491
0.438596491
0.438596491
0.438596491
0.438596491
0.421052632
0.421052632
0.421052632
0.421052632
0.421052632
0.415204678
0.415204678
0.415204678
0.415204678
0.415204678
0.409356725
0.409356725
0.409356725
0.409356725
0.409356725
0.403508772
0.403508772
0.403508772
0.403508772
0.403508772
0.397660819
0.397660819
0.397660819
0.397660819
0.397660819
0.391812866
0.391812866
0.391812866
0.391812866
0.391812866
0.385964912
0.385964912
0.385964912
0.385964912
0.385964912
0.385964912
0.385964912
0.385964912
0.385964912
0.385964912
0.385964912
0.385964912
0.385964912
0.385964912
0.385964912
0.385964912
0.385964912
0.385964912
0.385964912
0.385964912
0.368421053
0.368421053
0.368421053
0.368421053
0.368421053
0.350877193
0.350877193
0.350877193
0.350877193
0.350877193
0.333333333
0.333333333
0.333333333
0.333333333
0.333333333
0.350877193
0.350877193
0.350877193
0.350877193
0.350877193
0.368421053
0.368421053
0.368421053
0.368421053
0.368421053
0.385964912
0.385964912
0.385964912
0.385964912
0.385964912
0.409356725
0.409356725
0.409356725
0.409356725
0.409356725
0.432748538
0.432748538
0.432748538
0.432748538
0.432748538
0.456140351
0.456140351
0.456140351
0.456140351
0.456140351
0.438596491
0.438596491
0.438596491
0.438596491
0.438596491
0.421052632
0.421052632
0.421052632
0.421052632
0.421052632
0.403508772
0.403508772
0.403508772
0.403508772
0.403508772
0.415204678
0.415204678
0.415204678
0.415204678
0.415204678
0.426900585
0.426900585
0.426900585
0.426900585
0.426900585
0.438596491
0.438596491
0.438596491
0.438596491
0.438596491
0.426900585
0.426900585
0.426900585
0.426900585
0.426900585
0.415204678
0.415204678
0.415204678
0.415204678
0.415204678
0.403508772
0.403508772
0.403508772
0.403508772
0.403508772
0.409356725
0.409356725
0.409356725
0.409356725
0.409356725
0.415204678
0.415204678
0.415204678
0.415204678
0.415204678
0.421052632
0.421052632
0.421052632
0.421052632
0.421052632
0.438596491
0.438596491
0.438596491
0.438596491
0.438596491
0.456140351
0.456140351
0.456140351
0.456140351
0.456140351
0.473684211
0.473684211
0.473684211
0.473684211
0.473684211
0.479532164
0.479532164
0.479532164
0.479532164
0.479532164
0.485380117
0.485380117
0.485380117
0.485380117
0.485380117
0.49122807
0.49122807
0.49122807
0.49122807
0.49122807
0.502923977
0.502923977
0.502923977
0.502923977
0.502923977
0.514619883
0.514619883
0.514619883
0.514619883
0.514619883
0.526315789
0.526315789
0.526315789
0.526315789
0.526315789
0.49122807
0.49122807
0.49122807
0.49122807
0.49122807
0.456140351
0.456140351
0.456140351
0.456140351
0.456140351
0.421052632
0.421052632
0.421052632
0.421052632
0.421052632
0.461988304
0.461988304
0.461988304
0.461988304
0.461988304
0.502923976
0.502923976
0.502923976
0.502923976
0.502923976
0.543859649
0.543859649
0.543859649
0.543859649
0.543859649
0.549707602
0.549707602
0.549707602
0.549707602
0.549707602
0.555555556
0.555555556
0.555555556
0.555555556
0.555555556
0.561403509
0.561403509
0.561403509
0.561403509
0.561403509
0.573099415
0.573099415
0.573099415
0.573099415
0.573099415
0.584795322
0.584795322
0.584795322
0.584795322
0.584795322
0.596491228
0.596491228
0.596491228
0.596491228
0.596491228
0.567251462
0.567251462
0.567251462
0.567251462
0.567251462
0.538011696
0.538011696
0.538011696
0.538011696
0.538011696
0.50877193
0.50877193
0.50877193
0.50877193
0.50877193
0.514619883
0.514619883
0.514619883
0.514619883
0.514619883
0.520467836
0.520467836
0.520467836
0.520467836
0.520467836
0.526315789
0.526315789
0.526315789
0.526315789
0.526315789
0.514619883
0.514619883
0.514619883
0.514619883
0.514619883
0.502923977
0.502923977
0.502923977
0.502923977
0.502923977
0.49122807
0.49122807
0.49122807
0.49122807
0.49122807
0.473684211
0.473684211
0.473684211
0.473684211
0.473684211
0.456140351
0.456140351
0.456140351
0.456140351
0.456140351
0.438596491
0.438596491
0.438596491
0.438596491
0.438596491
0.444444444
0.444444444
0.444444444
0.444444444
0.444444444
0.450292398
0.450292398
0.450292398
0.450292398
0.450292398
0.456140351
0.456140351
0.456140351
0.456140351
0.456140351
0.456140351
0.456140351
0.456140351
0.456140351
0.456140351
0.456140351
0.456140351
0.456140351
0.456140351
0.456140351
0.456140351
0.456140351
0.456140351
0.456140351
0.456140351
0.456140351
0.456140351
0.456140351
0.456140351
0.456140351
0.456140351
0.456140351
0.456140351
0.456140351
0.456140351
0.456140351
0.456140351
0.456140351
0.456140351
0.456140351
0.502923976
0.502923976
0.502923976
0.502923976
0.502923976
0.549707602
0.549707602
0.549707602
0.549707602
0.549707602
0.596491228
0.596491228
0.596491228
0.596491228
0.596491228
0.573099415
0.573099415
0.573099415
0.573099415
0.573099415
0.549707602
0.549707602
0.549707602
0.549707602
0.549707602
0.526315789
0.526315789
0.526315789
0.526315789
0.526315789
0.538011696
0.538011696
0.538011696
0.538011696
0.538011696
0.549707602
0.549707602
0.549707602
0.549707602
0.549707602
0.561403509
0.561403509
0.561403509
0.561403509
0.561403509
0.555555556
0.555555556
0.555555556
0.555555556
0.555555556
0.549707602
0.549707602
0.549707602
0.549707602
0.549707602
0.543859649
0.543859649
0.543859649
0.543859649
0.543859649
0.573099415
0.573099415
0.573099415
0.573099415
0.573099415
0.602339181
0.602339181
0.602339181
0.602339181
0.602339181
0.631578947
0.631578947
0.631578947
0.631578947
0.631578947
0.649122807
0.649122807
0.649122807
0.649122807
0.649122807
0.666666667
0.666666667
0.666666667
0.666666667
0.666666667
0.684210526
0.684210526
0.684210526
0.684210526
0.684210526
0.695906433
0.695906433
0.695906433
0.695906433
0.695906433
0.707602339
0.707602339
0.707602339
0.707602339
0.707602339
0.719298246
0.719298246
0.719298246
0.719298246
0.719298246
0.719298246
0.719298246
0.719298246
0.719298246
0.719298246
0.719298246
0.719298246
0.719298246
0.719298246
0.719298246
0.719298246
0.719298246
0.719298246
0.719298246
0.719298246
0.713450292
0.713450292
0.713450292
0.713450292
0.713450292
0.707602339
0.707602339
0.707602339
0.707602339
0.707602339
0.701754386
0.701754386
0.701754386
0.701754386
0.701754386
0.719298245
0.719298245
0.719298245
0.719298245
0.719298245
0.736842105
0.736842105
0.736842105
0.736842105
0.736842105
0.754385965
0.754385965
0.754385965
0.754385965
0.754385965
0.754385965
0.754385965
0.754385965
0.754385965
0.754385965
0.754385965
0.754385965
0.754385965
0.754385965
0.754385965
0.754385965
0.754385965
0.754385965
0.754385965
0.754385965
0.771929824
0.771929824
0.771929824
0.771929824
0.771929824
0.789473684
0.789473684
0.789473684
0.789473684
0.789473684
0.807017544
0.807017544
0.807017544
0.807017544
0.807017544
0.801169591
0.801169591
0.801169591
0.801169591
0.801169591
0.795321637
0.795321637
0.795321637
0.795321637
0.795321637
0.789473684
0.789473684
0.789473684
0.789473684
0.789473684
0.777777778
0.777777778
0.777777778
0.777777778
0.777777778
0.766081871
0.766081871
0.766081871
0.766081871
0.766081871
0.754385965
0.754385965
0.754385965
0.754385965
0.754385965
0.754385965
0.754385965
0.754385965
0.754385965
0.754385965
0.754385965
0.754385965
0.754385965
0.754385965
0.754385965
0.754385965
0.754385965
0.754385965
0.754385965
0.754385965
0.742690059
0.742690059
0.742690059
0.742690059
0.742690059
0.730994152
0.730994152
0.730994152
0.730994152
0.730994152
0.719298246
0.719298246
0.719298246
0.719298246
0.719298246
0.719298246
0.719298246
0.719298246
0.719298246
0.719298246
0.719298246
0.719298246
0.719298246
0.719298246
0.719298246
0.719298246
0.719298246
0.719298246
0.719298246
0.719298246
0.713450292
0.713450292
0.713450292
0.713450292
0.713450292
0.707602339
0.707602339
0.707602339
0.707602339
0.707602339
0.701754386
0.701754386
0.701754386
0.701754386
0.701754386
0.701754386
0.701754386
0.701754386
0.701754386
0.701754386
0.701754386
0.701754386
0.701754386
0.701754386
0.701754386
0.701754386
0.701754386
0.701754386
0.701754386
0.701754386
0.701754386
0.701754386
0.701754386
0.701754386
0.701754386
0.701754386
0.701754386
0.701754386
0.701754386
0.701754386
0.701754386
0.701754386
0.701754386
0.701754386
0.701754386
0.736842105
0.736842105
0.736842105
0.736842105
0.736842105
0.771929824
0.771929824
0.771929824
0.771929824
0.771929824
0.807017544
0.807017544
0.807017544
0.807017544
0.807017544
0.807017544
0.807017544
0.807017544
0.807017544
0.807017544
0.807017544
0.807017544
0.807017544
0.807017544
0.807017544
0.807017544
0.807017544
0.807017544
0.807017544
0.807017544
0.795321638
0.795321638
0.795321638
0.795321638
0.795321638
0.783625731
0.783625731
0.783625731
0.783625731
0.783625731
0.771929825
0.771929825
0.771929825
0.771929825
0.771929825
0.81871345
0.81871345
0.81871345
0.81871345
0.81871345
0.865497076
0.865497076
0.865497076
0.865497076
0.865497076
0.912280702
0.912280702
0.912280702
0.912280702
0.912280702
0.906432749
0.906432749
0.906432749
0.906432749
0.906432749
0.900584795
0.900584795
0.900584795
0.900584795
0.900584795
0.894736842
0.894736842
0.894736842
0.894736842
0.894736842
0.888888889
0.888888889
0.888888889
0.888888889
0.888888889
0.883040936
0.883040936
0.883040936
0.883040936
0.883040936
0.877192982
0.877192982
0.877192982
0.877192982
0.877192982
0.888888889
0.888888889
0.888888889
0.888888889
0.888888889
0.900584795
0.900584795
0.900584795
0.900584795
0.900584795
0.912280702
0.912280702
0.912280702
0.912280702
0.912280702
0.918128655
0.918128655
0.918128655
0.918128655
0.918128655
0.923976608
0.923976608
0.923976608
0.923976608
0.923976608
0.929824561
0.929824561
0.929824561
0.929824561
0.929824561
0.935672515
0.935672515
0.935672515
0.935672515
0.935672515
0.941520468
0.941520468
0.941520468
0.941520468
0.941520468
0.947368421
0.947368421
0.947368421
0.947368421
0.947368421
0.941520468
0.941520468
0.941520468
0.941520468
0.941520468
0.935672515
0.935672515
0.935672515
0.935672515
0.935672515
0.929824561
0.929824561
0.929824561
0.929824561
0.929824561
0.923976608
0.923976608
0.923976608
0.923976608
0.923976608
0.918128655
0.918128655
0.918128655
0.918128655
0.918128655
0.912280702
0.912280702
0.912280702
0.912280702
0.912280702
0.912280702
0.912280702
0.912280702
0.912280702
0.912280702
0.912280702
0.912280702
0.912280702
0.912280702
0.912280702
0.912280702
0.912280702
0.912280702
0.912280702
0.912280702
0.894736842
0.894736842
0.894736842
0.894736842
0.894736842
0.877192983
0.877192983
0.877192983
0.877192983
0.877192983
0.859649123
0.859649123
0.859649123
0.859649123
0.859649123
0.85380117
0.85380117
0.85380117
0.85380117
0.85380117
0.847953216
0.847953216
0.847953216
0.847953216
0.847953216
0.842105263
0.842105263
0.842105263
0.842105263
0.842105263
0.871345029
0.871345029
0.871345029
0.871345029
0.871345029
0.900584795
0.900584795
0.900584795
0.900584795
0.900584795
0.929824561
0.929824561
0.929824561
0.929824561
0.929824561
0.929824561
0.929824561
0.929824561
0.929824561
0.929824561
0.929824561
0.929824561
0.929824561
0.929824561
0.929824561
0.929824561
0.929824561
0.929824561
0.929824561
0.929824561
0.935672515
0.935672515
0.935672515
0.935672515
0.935672515
0.941520468
0.941520468
0.941520468
0.941520468
0.941520468
0.947368421
0.947368421
0.947368421
0.947368421
0.947368421
0.953216374
0.953216374
0.953216374
0.953216374
0.953216374
0.959064327
0.959064327
0.959064327
0.959064327
0.959064327
0.964912281
0.964912281
0.964912281
0.964912281
0.964912281
0.964912281
0.964912281
0.964912281
0.964912281
0.964912281
0.929824562
0.929824562
0.929824562
0.929824562
0.929824562
0.912280702
0.912280702
0.912280702
0.912280702
0.912280702
0.941520468
0.941520468
0.941520468
0.941520468
0.941520468
0.970760234
0.970760234
0.970760234
0.970760234
0.970760234
1
1
1
1
1
0.994152047
0.994152047
0.994152047
0.994152047
0.994152047
0.988304094
0.988304094
0.988304094
0.988304094
0.988304094
0.98245614
0.98245614
0.98245614
0.98245614
0.98245614
0.964912281
0.964912281
0.964912281
0.964912281
0.964912281
0.947368421
0.947368421
0.947368421
0.947368421
0.947368421
0.929824561
0.929824561
0.929824561
0.929824561
0.929824561
0.906432749
0.906432749
0.906432749
0.906432749
0.906432749
0.883040936
0.883040936
0.883040936
0.883040936
0.883040936
0.859649123
0.859649123
0.859649123
0.859649123
0.859649123
0.859649123
0.859649123
0.859649123
0.859649123
0.859649123
0.859649123
0.859649123
0.859649123
0.859649123
0.859649123