   0.0000000e+00
   0.0000000e+00
   0.0000000e+00
   0.0000000e+00
   0.0000000e+00
   0.0000000e+00
   0.0000000e+00
   0.0000000e+00
   0.0000000e+00
   0.0000000e+00
   0.0000000e+00
   0.0000000e+00
   0.0000000e+00
   0.0000000e+00
   0.0000000e+00
   0.0000000e+00
   0.0000000e+00
   0.0000000e+00
   0.0000000e+00
   0.0000000e+00
   0.0000000e+00
   0.0000000e+00
   0.0000000e+00
   0.0000000e+00
   0.0000000e+00
   0.0000000e+00
   0.0000000e+00
   0.0000000e+00
   0.0000000e+00
   0.0000000e+00
   0.0000000e+00
   0.0000000e+00
   0.0000000e+00
   0.0000000e+00
   0.0000000e+00
   0.0000000e+00
   0.0000000e+00
   0.0000000e+00
   0.0000000e+00
   0.0000000e+00
   0.0000000e+00
   0.0000000e+00
   0.0000000e+00
   0.0000000e+00
   0.0000000e+00
   0.0000000e+00
   0.0000000e+00
   0.0000000e+00
   0.0000000e+00
   0.0000000e+00
   0.0000000e+00
   0.0000000e+00
   0.0000000e+00
   0.0000000e+00
   0.0000000e+00
   0.0000000e+00
   0.0000000e+00
   0.0000000e+00
   0.0000000e+00
   0.0000000e+00
   0.0000000e+00
   0.0000000e+00
   0.0000000e+00
   0.0000000e+00
   0.0000000e+00
   0.0000000e+00
   0.0000000e+00
   0.0000000e+00
   0.0000000e+00
   0.0000000e+00
   0.0000000e+00
   0.0000000e+00
   0.0000000e+00
   0.0000000e+00
   0.0000000e+00
   0.0000000e+00
   0.0000000e+00
   0.0000000e+00
   0.0000000e+00
   0.0000000e+00
   0.0000000e+00
   0.0000000e+00
   0.0000000e+00
   0.0000000e+00
   0.0000000e+00
   0.0000000e+00
   0.0000000e+00
   0.0000000e+00
   0.0000000e+00
   0.0000000e+00
   0.0000000e+00
   0.0000000e+00
   0.0000000e+00
   0.0000000e+00
   0.0000000e+00
   0.0000000e+00
   0.0000000e+00
   0.0000000e+00
   0.0000000e+00
   0.0000000e+00
   0.0000000e+00
   0.0000000e+00
   0.0000000e+00
   0.0000000e+00
   0.0000000e+00
   0.0000000e+00
   0.0000000e+00
   0.0000000e+00
   0.0000000e+00
   0.0000000e+00
   0.0000000e+00
   0.0000000e+00
   0.0000000e+00
   0.0000000e+00
   0.0000000e+00
   0.0000000e+00
   0.0000000e+00
   7.8629917e-05
   9.3392829e-05
   3.4061468e-04
   3.9171884e-04
   5.4618650e-04
   5.8598827e-04
   4.3817762e-04
   1.5973022e-04
   0.0000000e+00
   0.0000000e+00
   0.0000000e+00
   0.0000000e+00
   0.0000000e+00
   0.0000000e+00
   0.0000000e+00
   0.0000000e+00
   0.0000000e+00
   0.0000000e+00
   0.0000000e+00
   0.0000000e+00
   0.0000000e+00
   0.0000000e+00
   0.0000000e+00
   0.0000000e+00
   0.0000000e+00
   0.0000000e+00
   0.0000000e+00
   0.0000000e+00
   0.0000000e+00
   0.0000000e+00
   0.0000000e+00
   0.0000000e+00
   0.0000000e+00
   0.0000000e+00
   0.0000000e+00
   0.0000000e+00
   0.0000000e+00
   0.0000000e+00
   0.0000000e+00
   0.0000000e+00
   0.0000000e+00
   0.0000000e+00
   0.0000000e+00
   0.0000000e+00
   0.0000000e+00
   0.0000000e+00
   0.0000000e+00
   0.0000000e+00
   0.0000000e+00
   0.0000000e+00
   0.0000000e+00
   0.0000000e+00
   0.0000000e+00
   0.0000000e+00
   0.0000000e+00
   0.0000000e+00
   0.0000000e+00
   0.0000000e+00
   0.0000000e+00
   0.0000000e+00
   0.0000000e+00
   0.0000000e+00
   0.0000000e+00
   0.0000000e+00
   0.0000000e+00
   0.0000000e+00
   0.0000000e+00
   0.0000000e+00
   0.0000000e+00
   0.0000000e+00
   0.0000000e+00
   0.0000000e+00
   0.0000000e+00
   0.0000000e+00
   0.0000000e+00
   0.0000000e+00
   0.0000000e+00
   0.0000000e+00
   0.0000000e+00
   0.0000000e+00
   0.0000000e+00
   0.0000000e+00
   0.0000000e+00
   0.0000000e+00
   0.0000000e+00
   0.0000000e+00
   0.0000000e+00
   0.0000000e+00
   0.0000000e+00
   0.0000000e+00
   2.1332128e-04
   2.4125298e-04
   3.8482255e-04
   4.9137592e-04
   5.5451353e-04
   7.6845694e-04
   7.7626911e-04
   5.8613679e-04
   2.8201189e-04
   0.0000000e+00
   0.0000000e+00
   0.0000000e+00
   0.0000000e+00
   0.0000000e+00
   0.0000000e+00
   0.0000000e+00
   0.0000000e+00
   0.0000000e+00
   0.0000000e+00
   0.0000000e+00
   0.0000000e+00
   0.0000000e+00
   0.0000000e+00
   0.0000000e+00
   0.0000000e+00
   0.0000000e+00
   0.0000000e+00
   0.0000000e+00
   0.0000000e+00
   0.0000000e+00
   0.0000000e+00
   0.0000000e+00
   0.0000000e+00
   0.0000000e+00
   0.0000000e+00
   0.0000000e+00
   0.0000000e+00
   0.0000000e+00
   0.0000000e+00
   0.0000000e+00
   0.0000000e+00
   0.0000000e+00
   0.0000000e+00
   0.0000000e+00
   0.0000000e+00
   0.0000000e+00
   0.0000000e+00
   0.0000000e+00
   0.0000000e+00
   0.0000000e+00
   0.0000000e+00
   0.0000000e+00
   0.0000000e+00
   0.0000000e+00
   0.0000000e+00
   0.0000000e+00
   0.0000000e+00
   0.0000000e+00
   0.0000000e+00
   0.0000000e+00
   0.0000000e+00
   0.0000000e+00
   0.0000000e+00
   0.0000000e+00
   0.0000000e+00
   0.0000000e+00
   0.0000000e+00
   0.0000000e+00
   0.0000000e+00
   0.0000000e+00
   0.0000000e+00
   0.0000000e+00
   0.0000000e+00
   0.0000000e+00
   0.0000000e+00
   0.0000000e+00
   0.0000000e+00
   0.0000000e+00
   0.0000000e+00
   0.0000000e+00
   0.0000000e+00
   0.0000000e+00
   0.0000000e+00
   0.0000000e+00
   0.0000000e+00
   0.0000000e+00
   0.0000000e+00
   0.0000000e+00
   0.0000000e+00
   0.0000000e+00
   0.0000000e+00
   0.0000000e+00
   0.0000000e+00
   0.0000000e+00
   0.0000000e+00
   0.0000000e+00
   0.0000000e+00
   0.0000000e+00
   0.0000000e+00
   0.0000000e+00
   0.0000000e+00
   0.0000000e+00
   0.0000000e+00
   0.0000000e+00
   0.0000000e+00
   0.0000000e+00
   0.0000000e+00
   0.0000000e+00
   0.0000000e+00
   0.0000000e+00
   0.0000000e+00
   0.0000000e+00
   0.0000000e+00
   0.0000000e+00
   0.0000000e+00
   0.0000000e+00
   0.0000000e+00
   0.0000000e+00
   0.0000000e+00
   0.0000000e+00
   0.0000000e+00
   0.0000000e+00
   0.0000000e+00
   0.0000000e+00
   0.0000000e+00
   0.0000000e+00
   0.0000000e+00
   0.0000000e+00
   0.0000000e+00
   0.0000000e+00
   0.0000000e+00
   0.0000000e+00
   0.0000000e+00
   0.0000000e+00
   0.0000000e+00
   0.0000000e+00
   0.0000000e+00
   0.0000000e+00
   0.0000000e+00
   0.0000000e+00
   0.0000000e+00
   0.0000000e+00
   0.0000000e+00
   0.0000000e+00
   0.0000000e+00
   0.0000000e+00
   0.0000000e+00
   0.0000000e+00
   0.0000000e+00
   0.0000000e+00
   0.0000000e+00
   0.0000000e+00
   0.0000000e+00
   0.0000000e+00
   0.0000000e+00
   0.0000000e+00
   0.0000000e+00
   0.0000000e+00
   0.0000000e+00
   0.0000000e+00
   0.0000000e+00
   0.0000000e+00
   0.0000000e+00
   0.0000000e+00
   0.0000000e+00
   0.0000000e+00
   0.0000000e+00
   0.0000000e+00
   0.0000000e+00
   0.0000000e+00
   0.0000000e+00
   0.0000000e+00
   0.0000000e+00
   1.2950800e-04
   3.7974316e-04
   5.6381585e-04
   7.2444214e-04
   8.5542049e-04
   1.0582001e-03
   1.3785038e-03
   1.7288416e-03
   2.1763001e-03
   2.6000284e-03
   3.0902442e-03
   3.5554426e-03
   4.1750031e-03
   4.8366277e-03
   5.4815356e-03
   6.1885910e-03
   6.9080396e-03
   7.7804475e-03
   8.9848476e-03
   1.1054279e-02
   1.3375865e-02
   1.5459043e-02
   1.7239075e-02
   1.9071154e-02
   2.1069082e-02
   2.3369825e-02
   2.5771068e-02
   2.8231058e-02
   3.0748641e-02
   3.3338339e-02
   3.5961041e-02
   3.8653714e-02
   4.1663889e-02
   4.4590893e-02
   4.7728465e-02
   5.0976603e-02
   5.4536798e-02
   5.8311688e-02
   6.1878319e-02
   6.5430263e-02
   6.9403180e-02
   7.3614389e-02
   7.7649684e-02
   8.1812541e-02
   8.5805920e-02
   8.9843856e-02
   9.3944665e-02
   9.8219077e-02
   1.0250917e-01
   1.0717551e-01
   1.1158474e-01
   1.1644614e-01
   1.2099235e-01
   1.2542386e-01
   1.2993987e-01
   1.3482437e-01
   1.3946513e-01
   1.4435442e-01
   1.4915839e-01
   1.5410196e-01
   1.5887012e-01
   1.6383582e-01
   1.6857048e-01
   1.7351620e-01
   1.7855764e-01
   1.8339610e-01
   1.8848539e-01
   1.9370670e-01
   1.9885375e-01
   2.0359815e-01
   2.0865114e-01
   2.1368433e-01
   2.1894689e-01
   2.2398503e-01
   2.2910898e-01
   2.3427253e-01
   2.3943609e-01
   2.4453693e-01
   2.4975494e-01
   2.5456865e-01
   2.5997313e-01
   2.6514494e-01
   2.7035305e-01
   2.7589615e-01
   2.8113892e-01
   2.8642624e-01
   2.9150728e-01
   2.9675500e-01
   3.0169907e-01
   3.0679002e-01
   3.1202123e-01
   3.1728545e-01
   3.2234339e-01
   3.2777758e-01
   3.3313586e-01
   3.3804032e-01
   3.4327814e-01
   3.4832948e-01
   3.5370756e-01
   3.5890247e-01
   3.6400991e-01
   3.6924113e-01
   3.7409774e-01
   3.7964745e-01
   3.8446280e-01
   3.8995145e-01
   3.9535264e-01
   4.0025050e-01
   4.0541241e-01
   4.1072448e-01
   4.1591114e-01
   4.2126117e-01
   4.2588015e-01
   4.3077636e-01
   4.3571384e-01
   4.4066451e-01
   4.4592213e-01
   4.5069458e-01
   4.5550829e-01
   4.6090617e-01
   4.6602847e-01
   4.7073821e-01
   4.7557337e-01
   4.8073527e-01
   4.8571730e-01
   4.9084950e-01
   4.9557905e-01
   5.0032179e-01
   5.0523946e-01
   5.0986339e-01
   5.1426454e-01
   5.1890993e-01
   5.2363947e-01
   5.2806207e-01
   5.3270581e-01
   5.3750631e-01
   5.4272597e-01
   5.4752813e-01
   5.5193423e-01
   5.5685520e-01
   5.6177452e-01
   5.6645456e-01
   5.7070719e-01
   5.7554070e-01
   5.7964976e-01
   5.8418292e-01
   5.8904284e-01
   5.9347369e-01
   5.9736657e-01
   6.0198060e-01
   6.0610946e-01
   6.1040500e-01
   6.1507844e-01
   6.1952084e-01
   6.2415467e-01
   6.2820762e-01
   6.3269294e-01
   6.3707593e-01
   6.4150349e-01
   6.4555479e-01
   6.4976286e-01
   6.5395278e-01
   6.5763279e-01
   6.6190687e-01
   6.6628987e-01
   6.7030486e-01
   6.7428521e-01
   6.7811538e-01
   6.8179868e-01
   6.8573942e-01
   6.8996564e-01
   6.9365885e-01
   6.9738340e-01
   7.0143306e-01
   7.0560812e-01
   7.1027661e-01
   7.1445498e-01
   7.1837756e-01
   7.2200476e-01
   7.2638281e-01
   7.3082026e-01
   7.3522471e-01
   7.3944269e-01
   7.4361280e-01
   7.4714429e-01
   7.5135566e-01
   7.5488384e-01
   7.5799947e-01
   7.6148969e-01
   7.6559050e-01
   7.6868302e-01
   7.7249999e-01
   7.7639287e-01
   7.8005637e-01
   7.8364231e-01
   7.8711603e-01
   7.9089835e-01
   7.9417735e-01
   7.9771213e-01
   8.0080630e-01
   8.0434108e-01
   8.0746331e-01
   8.1052282e-01
   8.1435795e-01
   8.1736631e-01
   8.2102321e-01
   8.2391605e-01
   8.2647225e-01
   8.2982220e-01
   8.3270845e-01
   8.3614257e-01
   7.8749327e-01
   8.4666091e-01
   8.4923566e-01
   8.5146920e-01
   8.5325379e-01
   8.5473422e-01
   8.5712939e-01
   8.5926080e-01
   8.6175025e-01
   8.6427674e-01
   8.6720840e-01
   8.6924441e-01
   8.7119960e-01
   8.7320643e-01
   8.7611341e-01
   8.7841093e-01
   8.8133586e-01
   8.8442803e-01
   8.8597692e-01
   8.8813078e-01
   8.8999955e-01
   8.9121397e-01
   8.9250247e-01
   8.9399187e-01
   8.9626807e-01
   8.9751616e-01
   8.9939728e-01
   9.0233344e-01
   9.0659626e-01
   9.0906775e-01
   9.1194217e-01
   9.1476834e-01
   9.1653161e-01
   9.1808948e-01
   9.2005702e-01
   9.1994590e-01
   9.2128042e-01
   9.2449156e-01
   9.2709549e-01
   9.3157269e-01
   9.3256824e-01
   9.3354023e-01
   9.3640119e-01
   9.3768632e-01
   9.3835301e-01
   9.4028800e-01
   9.4274490e-01
   9.4349466e-01
   9.4449807e-01
   9.4595605e-01
   9.4749820e-01
   9.4880915e-01
   9.5135360e-01
   9.5326165e-01
   9.5482738e-01
   9.5656932e-01
   9.5682073e-01
   9.5847064e-01
   9.5963231e-01
   9.6069969e-01
   9.6209033e-01
   9.6171321e-01
   9.6264367e-01
   9.6296803e-01
   9.6311843e-01
   9.6363024e-01
   9.6514322e-01
   9.6578185e-01
   9.6737003e-01
   9.6887515e-01
   9.6998631e-01
   9.7165754e-01
   9.7263738e-01
   9.7408301e-01
   9.7571833e-01
   9.7692713e-01
   9.7725263e-01
   9.7795748e-01
   9.7963882e-01
   9.8080273e-01
   9.8207327e-01
   9.8339993e-01
   9.8310923e-01
   9.8383541e-01
   9.8490954e-01
   9.8628895e-01
   9.8748429e-01
   9.8839454e-01
   9.8942377e-01
   9.8937887e-01
   9.8979640e-01
   9.9064380e-01
   9.9132060e-01
   9.9244859e-01
   9.9276174e-01
   9.9251482e-01
   9.9378087e-01
   9.9387964e-01
   9.9369893e-01
   9.9246543e-01
   9.9212984e-01
   9.9428369e-01
   9.9480111e-01
   9.9453623e-01
   9.9475846e-01
   9.9554974e-01
   9.9682590e-01
   9.9712669e-01
   9.9778890e-01
   9.9889894e-01
   9.9670019e-01
   9.9688201e-01
   9.9612553e-01
   9.9644428e-01
   9.9671815e-01
   9.9843876e-01
   9.9787084e-01
   9.9617379e-01
   9.9574504e-01
   9.9542179e-01
   9.9521191e-01
   9.9653632e-01
   9.9708292e-01
   9.9864640e-01
   9.9902577e-01
   9.9847805e-01
   9.9861610e-01
   9.9899098e-01
   9.9947585e-01
   9.9969134e-01
   1.0000000e+00
   9.9996857e-01
   9.9993041e-01
   9.9933667e-01
   9.9935238e-01
   9.9786186e-01
   9.9651612e-01
   9.9542965e-01
   9.9492233e-01
   9.9470796e-01
   9.9436338e-01
   9.9427808e-01
   9.9307601e-01
   9.9092327e-01
   9.9127570e-01
   9.9045187e-01
   9.8883115e-01
   9.8795344e-01
   9.8888053e-01
   9.8971559e-01
   9.9009046e-01
   9.9119377e-01
   9.9101643e-01
   9.9021056e-01
   9.9000741e-01
   9.8871891e-01
   9.8763244e-01
   9.8592978e-01
   9.8513177e-01
   9.8452568e-01
   9.8352788e-01
   9.8277139e-01
   9.8085099e-01
   9.8002043e-01
   9.7891039e-01
   9.7638839e-01
   9.7565211e-01
   9.7516836e-01
   9.7445677e-01
   9.7326255e-01
   9.7258014e-01
   9.7192467e-01
   9.7108737e-01
   9.6787173e-01
   9.6526107e-01
   9.6327781e-01
   9.6365830e-01
   9.6346750e-01
   9.6287375e-01
   9.6351464e-01
   9.6283559e-01
   9.6197585e-01
   9.6156730e-01
   9.6049767e-01
   9.5980628e-01
   9.5919794e-01
   9.5852788e-01
   9.5731458e-01
   9.5731683e-01
   9.5674778e-01
   9.5596884e-01
   9.5377346e-01
   9.5200458e-01
   9.5033784e-01
   9.4893935e-01
   9.4727148e-01
   9.4450593e-01
   9.4437910e-01
   9.4359118e-01
   9.4030372e-01
   9.3883564e-01
   9.3813415e-01
   9.3655944e-01
   9.3522717e-01
   9.3253345e-01
   9.3132576e-01
   9.3019776e-01
   9.2945475e-01
   9.2852317e-01
   9.2616840e-01
   9.2399210e-01
   9.2224903e-01
   9.2074504e-01
   9.1860128e-01
   9.1793122e-01
   9.1649008e-01
   9.1475263e-01
   9.1276376e-01
   9.1106671e-01
   9.0836513e-01
   9.0689705e-01
   9.0556254e-01
   9.0371622e-01
   9.0136594e-01
   9.0005949e-01
   8.9783604e-01
   8.9552842e-01
   8.9344639e-01
   8.9393239e-01
   8.9342507e-01
   8.9198168e-01
   8.9150130e-01
   8.8900063e-01
   8.8471312e-01
   8.8148514e-01
   8.8112149e-01
   8.8073988e-01
   8.7893508e-01
   8.7591699e-01
   8.7573404e-01
   8.2586536e-01
   8.7280798e-01
   8.6575379e-01
   8.6157628e-01
   8.5776129e-01
   8.5547163e-01
   8.5332563e-01
   8.5133564e-01
   8.4899771e-01
   8.4723781e-01
   8.4672600e-01
   8.4309621e-01
   8.3867289e-01
   8.3591295e-01
   8.3328881e-01
   8.3266364e-01
   8.3042898e-01
   8.2830655e-01
   8.2586424e-01
   8.2284165e-01
   8.2073494e-01
   8.1848119e-01
   8.1596817e-01
   8.1304660e-01
   8.0985566e-01
   8.0760416e-01
   8.0587232e-01
   8.0281157e-01
   7.9865538e-01
   7.9436900e-01
   7.9203892e-01
   7.8873911e-01
   7.8710043e-01
   7.8464578e-01
   7.8228989e-01
   7.7973871e-01
   7.7774760e-01
   7.7568578e-01
   7.7246004e-01
   7.6983927e-01
   7.6716126e-01
   7.6415440e-01
   7.6120814e-01
   7.5784884e-01
   7.5351531e-01
   7.5164429e-01
   7.4900444e-01
   7.4625572e-01
   7.4394473e-01
   7.4137111e-01
   7.3818914e-01
   7.3557174e-01
   7.3184430e-01
   7.2820778e-01
   7.2513132e-01
   7.2284727e-01
   7.2027813e-01
   7.1693005e-01
   7.1271550e-01
   7.0964914e-01
   7.0641892e-01
   7.0304054e-01
   6.9995735e-01
   6.9718057e-01
   6.9525119e-01
   6.9305356e-01
   6.8876381e-01
   6.8452680e-01
   6.8208000e-01
   6.7954005e-01
   6.7635696e-01
   6.7181243e-01
   6.6795367e-01
   6.6555513e-01
   6.6249327e-01
   6.5977709e-01
   6.5644024e-01
   6.5342889e-01
   6.5049946e-01
   6.4683712e-01
   6.4365179e-01
   6.4196372e-01
   6.3890298e-01
   6.3549430e-01
   6.3191052e-01
   6.2781270e-01
   6.2256106e-01
   6.1929716e-01
   6.1620948e-01
   6.1256959e-01
   6.1033043e-01
   6.0784884e-01
   6.0535714e-01
   6.0195519e-01
   5.9845335e-01
   5.9444868e-01
   5.9052707e-01
   5.8650893e-01
   5.8212827e-01
   5.7763985e-01
   5.7445677e-01
   5.7086626e-01
   5.6722412e-01
   5.6440805e-01
   5.6144833e-01
   5.5790047e-01
   5.5290024e-01
   5.4938381e-01
   5.4613338e-01
   5.4248002e-01
   5.3935530e-01
   5.3591407e-01
   5.3214398e-01
   5.2821788e-01
   5.2447136e-01
   5.2025007e-01
   5.1654283e-01
   5.1268968e-01
   5.0934610e-01
   5.0556366e-01
   5.0192601e-01
   4.9855886e-01
   4.9504804e-01
   4.9101082e-01
   4.8640455e-01
   4.8312270e-01
   4.7965453e-01
   4.7647369e-01
   4.7320082e-01
   4.6984376e-01
   4.6577849e-01
   4.6145843e-01
   4.5753345e-01
   4.5403610e-01
   4.5101239e-01
   4.4792134e-01
   4.4408391e-01
   4.4050575e-01
   4.3607569e-01
   4.3154238e-01
   4.2755006e-01
   4.2326479e-01
   4.1855639e-01
   4.1454386e-01
   4.1086693e-01
   4.0686675e-01
   4.0260281e-01
   3.9821653e-01
   3.9380893e-01
   3.8963478e-01
   3.8521482e-01
   3.8163891e-01
   3.7718865e-01
   3.7230066e-01
   3.6752379e-01
   3.6351800e-01
   3.5898245e-01
   3.5369714e-01
   3.4693701e-01
   3.4463388e-01
   3.4049565e-01
   3.3590958e-01
   3.3240101e-01
   3.2868816e-01
   3.2535355e-01
   3.2105931e-01
   3.1625325e-01
   3.0144002e-01
   3.0613945e-01
   3.0209774e-01
   2.9938830e-01
   2.9624226e-01
   2.9202097e-01
   2.8725083e-01
   2.8361318e-01
   2.7988013e-01
   2.7626044e-01
   2.7252963e-01
   2.6885831e-01
   2.6519597e-01
   2.6048307e-01
   2.5608557e-01
   2.5180143e-01
   2.4743198e-01
   2.4381229e-01
   2.4043504e-01
   2.3636864e-01
   2.3226969e-01
   2.2806411e-01
   2.2408413e-01
   2.1997508e-01
   2.1616122e-01
   2.1272897e-01
   2.0938314e-01
   2.0579375e-01
   2.0217069e-01
   1.9831979e-01
   1.9459684e-01
   1.9079532e-01
   1.8641129e-01
   1.8223153e-01
   1.7834471e-01
   1.7495735e-01
   1.7157111e-01
   1.6799407e-01
   1.6426888e-01
   1.6052797e-01
   1.5686787e-01
   1.5328522e-01
   1.4953982e-01
   1.4614349e-01
   1.4268542e-01
   1.3896359e-01
   1.3528217e-01
   1.3138188e-01
   1.2732670e-01
   1.2317388e-01
   1.1930390e-01
   1.1547320e-01
   1.1157201e-01
   1.0789631e-01
   1.0409715e-01
   9.6296579e-02
   7.7026690e-02
   5.3769978e-02
   4.1261112e-02
   3.7637155e-02
   3.5303605e-02
   3.4446664e-02
   3.3790406e-02
   3.3599039e-02
   3.2706070e-02
   3.1813998e-02
   3.0948976e-02
   3.0134798e-02
   2.9323763e-02
   2.8447181e-02
   2.7556231e-02
   2.6714892e-02
   2.5908907e-02
   2.5131319e-02
   2.4356761e-02
   2.3497351e-02
   2.2455890e-02
   2.1315098e-02
   2.0339185e-02
   1.9515018e-02
   1.8698595e-02
   1.7815053e-02
   1.6969336e-02
   1.6086805e-02
   1.5261179e-02
   1.4396718e-02
   1.3553134e-02
   1.2657695e-02
   1.1750584e-02
   1.0807040e-02
   9.9199852e-03
   9.0601374e-03
   8.2602698e-03
   7.4616818e-03
   6.7393373e-03
   6.1218012e-03
   5.5072169e-03
   4.8919480e-03
   4.2874540e-03
   3.7697652e-03
   3.2531651e-03
   2.8244478e-03
   2.4433981e-03
   2.0836064e-03
   1.7579240e-03
   1.4518385e-03
   1.1878872e-03
   9.3239876e-04
   7.4524221e-04
   4.5527409e-04
   1.9450144e-04
   2.9896965e-05
   0.0000000e+00
   0.0000000e+00
   0.0000000e+00
   0.0000000e+00
   0.0000000e+00
   0.0000000e+00
   0.0000000e+00
   0.0000000e+00
   0.0000000e+00
   0.0000000e+00
   0.0000000e+00
   0.0000000e+00
   0.0000000e+00
   0.0000000e+00
   0.0000000e+00
   0.0000000e+00
   0.0000000e+00
   0.0000000e+00
   0.0000000e+00
   0.0000000e+00
   0.0000000e+00
   0.0000000e+00
   0.0000000e+00
   0.0000000e+00
   0.0000000e+00
   0.0000000e+00
   0.0000000e+00
   0.0000000e+00
   0.0000000e+00
   0.0000000e+00
   0.0000000e+00
   0.0000000e+00
   0.0000000e+00
   0.0000000e+00
   0.0000000e+00
   0.0000000e+00
   0.0000000e+00
   0.0000000e+00
   0.0000000e+00
   0.0000000e+00
   0.0000000e+00
   0.0000000e+00
   0.0000000e+00
   0.0000000e+00
   0.0000000e+00
   0.0000000e+00
   0.0000000e+00
   0.0000000e+00
   0.0000000e+00
   0.0000000e+00
   0.0000000e+00
   0.0000000e+00
   0.0000000e+00
   0.0000000e+00
   0.0000000e+00
   0.0000000e+00
   0.0000000e+00
   0.0000000e+00
   0.0000000e+00
   0.0000000e+00
   0.0000000e+00
   0.0000000e+00
   0.0000000e+00
   0.0000000e+00
   0.0000000e+00
   0.0000000e+00
   0.0000000e+00
   0.0000000e+00
   0.0000000e+00
   0.0000000e+00
   0.0000000e+00
   0.0000000e+00
   0.0000000e+00
   0.0000000e+00
   0.0000000e+00
   0.0000000e+00
   0.0000000e+00
   0.0000000e+00
   0.0000000e+00
   0.0000000e+00
   0.0000000e+00
   0.0000000e+00
   0.0000000e+00
   0.0000000e+00
   0.0000000e+00
   0.0000000e+00
   0.0000000e+00
   0.0000000e+00
   0.0000000e+00
   0.0000000e+00
   0.0000000e+00
   0.0000000e+00
   0.0000000e+00
   0.0000000e+00
   0.0000000e+00
   0.0000000e+00
   0.0000000e+00
   0.0000000e+00
   0.0000000e+00
   0.0000000e+00
   0.0000000e+00
   0.0000000e+00
   0.0000000e+00
   0.0000000e+00
   0.0000000e+00
   0.0000000e+00
   0.0000000e+00
   0.0000000e+00
   0.0000000e+00
   0.0000000e+00
   0.0000000e+00
   0.0000000e+00
   0.0000000e+00
   0.0000000e+00
   0.0000000e+00
   0.0000000e+00
   0.0000000e+00
   0.0000000e+00
   0.0000000e+00
   0.0000000e+00
   0.0000000e+00
   0.0000000e+00
   0.0000000e+00
   0.0000000e+00
   0.0000000e+00
   0.0000000e+00
   0.0000000e+00
   0.0000000e+00
   0.0000000e+00
   0.0000000e+00
   0.0000000e+00
   0.0000000e+00
   0.0000000e+00
   0.0000000e+00
   0.0000000e+00
   0.0000000e+00
   0.0000000e+00
   0.0000000e+00
   0.0000000e+00
   0.0000000e+00
   0.0000000e+00
   0.0000000e+00
   0.0000000e+00
   0.0000000e+00
   0.0000000e+00
   0.0000000e+00
   0.0000000e+00
   0.0000000e+00
   0.0000000e+00
   0.0000000e+00
   0.0000000e+00
   0.0000000e+00
   0.0000000e+00
   0.0000000e+00
   0.0000000e+00
   0.0000000e+00
   0.0000000e+00
   0.0000000e+00
   0.0000000e+00
   0.0000000e+00
   0.0000000e+00
   0.0000000e+00
   0.0000000e+00
   0.0000000e+00
   0.0000000e+00
   0.0000000e+00
   0.0000000e+00
   0.0000000e+00
   0.0000000e+00
   0.0000000e+00
   0.0000000e+00
   0.0000000e+00
   0.0000000e+00
   0.0000000e+00
   0.0000000e+00
   0.0000000e+00
   0.0000000e+00
   0.0000000e+00
   0.0000000e+00
   0.0000000e+00
   0.0000000e+00
   0.0000000e+00
   0.0000000e+00
   0.0000000e+00
   0.0000000e+00
   0.0000000e+00
   0.0000000e+00
   0.0000000e+00
   0.0000000e+00
   0.0000000e+00
   0.0000000e+00
   0.0000000e+00
   0.0000000e+00
   0.0000000e+00
   0.0000000e+00
   0.0000000e+00
   0.0000000e+00
   0.0000000e+00
   0.0000000e+00
   0.0000000e+00
   0.0000000e+00
   0.0000000e+00
   0.0000000e+00
   0.0000000e+00
   0.0000000e+00
   0.0000000e+00
   0.0000000e+00
   0.0000000e+00
   0.0000000e+00
   0.0000000e+00
   0.0000000e+00
   0.0000000e+00
   0.0000000e+00
   0.0000000e+00
   0.0000000e+00
   0.0000000e+00
   0.0000000e+00
   0.0000000e+00
   0.0000000e+00
   0.0000000e+00
   0.0000000e+00
   0.0000000e+00
   0.0000000e+00
   0.0000000e+00
   0.0000000e+00
   0.0000000e+00
   0.0000000e+00
   0.0000000e+00
   0.0000000e+00
   0.0000000e+00
   0.0000000e+00
   0.0000000e+00
   0.0000000e+00
   0.0000000e+00
   0.0000000e+00
   0.0000000e+00
   0.0000000e+00
   0.0000000e+00
   0.0000000e+00
   0.0000000e+00
   0.0000000e+00
   0.0000000e+00
   0.0000000e+00
   0.0000000e+00
   0.0000000e+00
   0.0000000e+00
   0.0000000e+00
   0.0000000e+00
   0.0000000e+00
   0.0000000e+00
   0.0000000e+00
   0.0000000e+00
   0.0000000e+00
   0.0000000e+00
   0.0000000e+00
   0.0000000e+00
   0.0000000e+00
   0.0000000e+00
   0.0000000e+00
   0.0000000e+00
   0.0000000e+00
   0.0000000e+00
   0.0000000e+00
   0.0000000e+00
   0.0000000e+00
   0.0000000e+00
   0.0000000e+00
   0.0000000e+00
   0.0000000e+00
   0.0000000e+00
   0.0000000e+00
   0.0000000e+00
   0.0000000e+00
   0.0000000e+00
   0.0000000e+00
   0.0000000e+00
   0.0000000e+00
   0.0000000e+00
   0.0000000e+00
   0.0000000e+00
   0.0000000e+00
   0.0000000e+00
   0.0000000e+00
   0.0000000e+00
   0.0000000e+00
   0.0000000e+00
   0.0000000e+00
   0.0000000e+00
   0.0000000e+00
   0.0000000e+00
   0.0000000e+00
   0.0000000e+00
   0.0000000e+00
   0.0000000e+00
   0.0000000e+00
   0.0000000e+00
   0.0000000e+00
   0.0000000e+00
   0.0000000e+00
   0.0000000e+00
   0.0000000e+00
   0.0000000e+00
   0.0000000e+00
   0.0000000e+00
   0.0000000e+00
   0.0000000e+00
   0.0000000e+00
   0.0000000e+00
   0.0000000e+00
   0.0000000e+00
   0.0000000e+00
   0.0000000e+00
   0.0000000e+00
   0.0000000e+00
   0.0000000e+00
   0.0000000e+00
   0.0000000e+00
   0.0000000e+00
   0.0000000e+00
   0.0000000e+00
   0.0000000e+00
   0.0000000e+00
   0.0000000e+00
   0.0000000e+00
   0.0000000e+00
   0.0000000e+00
   0.0000000e+00
   0.0000000e+00
   0.0000000e+00
   0.0000000e+00
