11.034098
11.034098
11.034098
11.034098
11.034098
11.034098
11.034098
11.034098
11.034098
11.034098
11.034098
11.034098
11.034098
11.034098
11.034098
10.689514
10.689514
10.689514
10.689514
10.689514
10.689514
10.689514
10.689514
10.689514
10.689514
10.689514
10.689514
10.689514
10.689514
10.689514
9.518858
9.518858
9.518858
9.518858
9.518858
9.518858
9.518858
9.518858
9.518858
9.518858
9.518858
9.518858
9.518858
9.518858
9.518858
9.949212
9.949212
9.949212
9.949212
9.949212
9.949212
9.949212
9.949212
9.949212
9.949212
9.949212
9.949212
9.949212
9.949212
9.949212
9.929757
9.929757
9.929757
9.929757
9.929757
9.929757
9.929757
9.929757
9.929757
9.929757
9.929757
9.929757
9.929757
9.929757
9.929757
8.575371
8.575371
8.575371
8.575371
8.575371
8.575371
8.575371
8.575371
8.575371
8.575371
8.575371
8.575371
8.575371
8.575371
8.575371
8.223656
8.223656
8.223656
8.223656
8.223656
8.223656
8.223656
8.223656
8.223656
8.223656
8.223656
8.223656
8.223656
8.223656
8.223656
8.489130
8.489130
8.489130
8.489130
8.489130
8.489130
8.489130
8.489130
8.489130
8.489130
8.489130
8.489130
8.489130
8.489130
8.489130
7.147040
7.147040
7.147040
7.147040
7.147040
7.147040
7.147040
7.147040
7.147040
7.147040
7.147040
7.147040
7.147040
7.147040
7.147040
6.417869
6.417869
6.417869
6.417869
6.417869
6.417869
6.417869
6.417869
6.417869
6.417869
6.417869
6.417869
6.417869
6.417869
6.417869
6.275367
6.275367
6.275367
6.275367
6.275367
6.275367
6.275367
6.275367
6.275367
6.275367
6.275367
6.275367
6.275367
6.275367
6.275367
6.484819
6.484819
6.484819
6.484819
6.484819
6.484819
6.484819
6.484819
6.484819
6.484819
6.484819
6.484819
6.484819
6.484819
6.484819
6.096545
6.096545
6.096545
6.096545
6.096545
6.096545
6.096545
6.096545
6.096545
6.096545
6.096545
6.096545
6.096545
6.096545
6.096545
7.106780
7.106780
7.106780
7.106780
7.106780
7.106780
7.106780
7.106780
7.106780
7.106780
7.106780
7.106780
7.106780
7.106780
7.106780
6.146670
6.146670
6.146670
6.146670
6.146670
6.146670
6.146670
6.146670
6.146670
6.146670
6.146670
6.146670
6.146670
6.146670
6.146670
6.676813
6.676813
6.676813
6.676813
6.676813
6.676813
6.676813
6.676813
6.676813
6.676813
6.676813
6.676813
6.676813
6.676813
6.676813
5.884983
5.884983
5.884983
5.884983
5.884983
5.884983
5.884983
5.884983
5.884983
5.884983
5.884983
5.884983
5.884983
5.884983
5.884983
6.470003
6.470003
6.470003
6.470003
6.470003
6.470003
6.470003
6.470003
6.470003
6.470003
6.470003
6.470003
6.470003
6.470003
6.470003
6.564917
6.564917
6.564917
6.564917
6.564917
6.564917
6.564917
6.564917
6.564917
6.564917
6.564917
6.564917
6.564917
6.564917
6.564917
7.384145
7.384145
7.384145
7.384145
7.384145
7.384145
7.384145
7.384145
7.384145
7.384145
7.384145
7.384145
7.384145
7.384145
7.384145
6.937487
6.937487
6.937487
6.937487
6.937487
6.937487
6.937487
6.937487
6.937487
6.937487
6.937487
6.937487
6.937487
6.937487
6.937487
6.655484
6.655484
6.655484
6.655484
6.655484
6.655484
6.655484
6.655484
6.655484
6.655484
6.655484
6.655484
6.655484
6.655484
6.655484
6.620412
6.620412
6.620412
6.620412
6.620412
6.620412
6.620412
6.620412
6.620412
6.620412
6.620412
6.620412
6.620412
6.620412
6.620412
6.143154
6.143154
6.143154
6.143154
6.143154
6.143154
6.143154
6.143154
6.143154
6.143154
6.143154
6.143154
6.143154
6.143154
6.143154
6.991122
6.991122
6.991122
6.991122
6.991122
6.991122
6.991122
6.991122
6.991122
6.991122
6.991122
6.991122
6.991122
6.991122
6.991122
6.315237
6.315237
6.315237
6.315237
6.315237
6.315237
6.315237
6.315237
6.315237
6.315237
6.315237
6.315237
6.315237
6.315237
6.315237
8.381478
8.381478
8.381478
8.381478
8.381478
8.381478
8.381478
8.381478
8.381478
8.381478
8.381478
8.381478
8.381478
8.381478
8.381478
7.681231
7.681231
7.681231
7.681231
7.681231
7.681231
7.681231
7.681231
7.681231
7.681231
7.681231
7.681231
7.681231
7.681231
7.681231
6.531522
6.531522
6.531522
6.531522
6.531522
6.531522
6.531522
6.531522
6.531522
6.531522
6.531522
6.531522
6.531522
6.531522
6.531522
6.626539
6.626539
6.626539
6.626539
6.626539
6.626539
6.626539
6.626539
6.626539
6.626539
6.626539
6.626539
6.626539
6.626539
6.626539
6.604844
6.604844
6.604844
6.604844
6.604844
6.604844
6.604844
6.604844
6.604844
6.604844
6.604844
6.604844
6.604844
6.604844
6.604844
6.781445
6.781445
6.781445
6.781445
6.781445
6.781445
6.781445
6.781445
6.781445
6.781445
6.781445
6.781445
6.781445
6.781445
6.781445
6.157121
6.157121
6.157121
6.157121
6.157121
6.157121
6.157121
6.157121
6.157121
6.157121
6.157121
6.157121
6.157121
6.157121
6.157121
6.975690
6.975690
6.975690
6.975690
6.975690
6.975690
6.975690
6.975690
6.975690
6.975690
6.975690
6.975690
6.975690
6.975690
6.975690
7.314344
7.314344
7.314344
7.314344
7.314344
7.314344
7.314344
7.314344
7.314344
7.314344
7.314344
7.314344
7.314344
7.314344
7.314344
7.938711
7.938711
7.938711
7.938711
7.938711
7.938711
7.938711
7.938711
7.938711
7.938711
7.938711
7.938711
7.938711
7.938711
7.938711
8.080220
8.080220
8.080220
8.080220
8.080220
8.080220
8.080220
8.080220
8.080220
8.080220
8.080220
8.080220
8.080220
8.080220
8.080220
9.201335
9.201335
9.201335
9.201335
9.201335
9.201335
9.201335
9.201335
9.201335
9.201335
9.201335
9.201335
9.201335
9.201335
9.201335
9.756740
9.756740
9.756740
9.756740
9.756740
9.756740
9.756740
9.756740
9.756740
9.756740
9.756740
9.756740
9.756740
9.756740
9.756740
10.066302
10.066302
10.066302
10.066302
10.066302
10.066302
10.066302
10.066302
10.066302
10.066302
10.066302
10.066302
10.066302
10.066302
10.066302
9.959825
9.959825
9.959825
9.959825
9.959825
9.959825
9.959825
9.959825
9.959825
9.959825
9.959825
9.959825
9.959825
9.959825
9.959825
10.773747
10.773747
10.773747
10.773747
10.773747
10.773747
10.773747
10.773747
10.773747
10.773747
10.773747
10.773747
10.773747
10.773747
10.773747
10.625293
10.625293
10.625293
10.625293
10.625293
10.625293
10.625293
10.625293
10.625293
10.625293
10.625293
10.625293
10.625293
10.625293
10.625293
10.909933
10.909933
10.909933
10.909933
10.909933
10.909933
10.909933
10.909933
10.909933
10.909933
10.909933
10.909933
10.909933
10.909933
10.909933
10.949775
10.949775
10.949775
10.949775
10.949775
10.949775
10.949775
10.949775
10.949775
10.949775
10.949775
10.949775
10.949775
10.949775
10.949775
11.593285
11.593285
11.593285
11.593285
11.593285
11.593285
11.593285
11.593285
11.593285
11.593285
11.593285
11.593285
11.593285
11.593285
11.593285
12.666286
12.666286
12.666286
12.666286
12.666286
12.666286
12.666286
12.666286
12.666286
12.666286
12.666286
12.666286
12.666286
12.666286
12.666286
12.583110
12.583110
12.583110
12.583110
12.583110
12.583110
12.583110
12.583110
12.583110
12.583110
12.583110
12.583110
12.583110
12.583110
12.583110
12.903745
12.903745
12.903745
12.903745
12.903745
12.903745
12.903745
12.903745
12.903745
12.903745
12.903745
12.903745
12.903745
12.903745
12.903745
11.997367
11.997367
11.997367
11.997367
11.997367
11.997367
11.997367
11.997367
11.997367
11.997367
11.997367
11.997367
11.997367
11.997367
11.997367
12.664172
12.664172
12.664172
12.664172
12.664172
12.664172
12.664172
12.664172
12.664172
12.664172
12.664172
12.664172
12.664172
12.664172
12.664172
13.217585
13.217585
13.217585
13.217585
13.217585
13.217585
13.217585
13.217585
13.217585
13.217585
13.217585
13.217585
13.217585
13.217585
13.217585
13.251922
13.251922
13.251922
13.251922
13.251922
13.251922
13.251922
13.251922
13.251922
13.251922
13.251922
13.251922
13.251922
13.251922
13.251922
12.946693
12.946693
12.946693
12.946693
12.946693
12.946693
12.946693
12.946693
12.946693
12.946693
12.946693
12.946693
12.946693
12.946693
12.946693
13.262291
13.262291
13.262291
13.262291
13.262291
13.262291
13.262291
13.262291
13.262291
13.262291
13.262291
13.262291
13.262291
13.262291
13.262291
12.364311
12.364311
12.364311
12.364311
12.364311
12.364311
12.364311
12.364311
12.364311
12.364311
12.364311
12.364311
12.364311
12.364311
12.364311
12.170097
12.170097
12.170097
12.170097
12.170097
12.170097
12.170097
12.170097
12.170097
12.170097
12.170097
12.170097
12.170097
12.170097
12.170097
11.985108
11.985108
11.985108
11.985108
11.985108
11.985108
11.985108
11.985108
11.985108
11.985108
11.985108
11.985108
11.985108
11.985108
11.985108
11.980312
11.980312
11.980312
11.980312
11.980312
11.980312
11.980312
11.980312
11.980312
11.980312
11.980312
11.980312
11.980312
11.980312
11.980312
12.002888
12.002888
12.002888
12.002888
12.002888
12.002888
12.002888
12.002888
12.002888
12.002888
12.002888
12.002888
12.002888
12.002888
12.002888
12.227483
12.227483
12.227483
12.227483
12.227483
12.227483
12.227483
12.227483
12.227483
12.227483
12.227483
12.227483
12.227483
12.227483
12.227483
11.621098
11.621098
11.621098
11.621098
11.621098
11.621098
11.621098
11.621098
11.621098
11.621098
11.621098
11.621098
11.621098
11.621098
11.621098
12.232925
12.232925
12.232925
12.232925
12.232925
12.232925
12.232925
12.232925
12.232925
12.232925
12.232925
12.232925
12.232925
12.232925
12.232925
12.954450
12.954450
12.954450
12.954450
12.954450
12.954450
12.954450
12.954450
12.954450
12.954450
12.954450
12.954450
12.954450
12.954450
12.954450
14.767649
14.767649
14.767649
14.767649
14.767649
14.767649
14.767649
14.767649
14.767649
14.767649
14.767649
14.767649
14.767649
14.767649
14.767649
13.705854
13.705854
13.705854
13.705854
13.705854
13.705854
13.705854
13.705854
13.705854
13.705854
13.705854
13.705854
13.705854
13.705854
13.705854
14.018415
14.018415
14.018415
14.018415
14.018415
14.018415
14.018415
14.018415
14.018415
14.018415
14.018415
14.018415
14.018415
14.018415
14.018415
12.682400
12.682400
12.682400
12.682400
12.682400
12.682400
12.682400
12.682400
12.682400
12.682400
12.682400
12.682400
12.682400
12.682400
12.682400
12.542407
12.542407
12.542407
12.542407
12.542407
12.542407
12.542407
12.542407
12.542407
12.542407
12.542407
12.542407
12.542407
12.542407
12.542407
12.528680
12.528680
12.528680
12.528680
12.528680
12.528680
12.528680
12.528680
12.528680
12.528680
12.528680
12.528680
12.528680
12.528680
12.528680
13.051191
13.051191
13.051191
13.051191
13.051191
13.051191
13.051191
13.051191
13.051191
13.051191
13.051191
13.051191
13.051191
13.051191
13.051191
12.743969
12.743969
12.743969
12.743969
12.743969
12.743969
12.743969
12.743969
12.743969
12.743969
12.743969
12.743969
12.743969
12.743969
12.743969
12.171179
12.171179
12.171179
12.171179
12.171179
12.171179
12.171179
12.171179
12.171179
12.171179
12.171179
12.171179
12.171179
12.171179
12.171179
16.021009
16.021009
16.021009
16.021009
16.021009
16.021009
16.021009
16.021009
16.021009
16.021009
16.021009
16.021009
16.021009
16.021009
16.021009
15.931149
15.931149
15.931149
15.931149
15.931149
15.931149
15.931149
15.931149
15.931149
15.931149
15.931149
15.931149
15.931149
15.931149
15.931149
18.021774
18.021774
18.021774
18.021774
18.021774
18.021774
18.021774
18.021774
18.021774
18.021774
18.021774
18.021774
18.021774
18.021774
18.021774
17.492802
17.492802
17.492802
17.492802
17.492802
17.492802
17.492802
17.492802
17.492802
17.492802
17.492802
17.492802
17.492802
17.492802
17.492802
19.455555
19.455555
19.455555
19.455555
19.455555
19.455555
19.455555
19.455555
19.455555
19.455555
19.455555
19.455555
19.455555
19.455555
19.455555
20.889271
20.889271
20.889271
20.889271
20.889271
20.889271
20.889271
20.889271
20.889271
20.889271
20.889271
20.889271
20.889271
20.889271
20.889271
20.033363
20.033363
20.033363
20.033363
20.033363
20.033363
20.033363
20.033363
20.033363
20.033363
20.033363
20.033363
20.033363
20.033363
20.033363
21.217497
21.217497
21.217497
21.217497
21.217497
21.217497
21.217497
21.217497
21.217497
21.217497
21.217497
21.217497
21.217497
21.217497
21.217497
20.925890
20.925890
20.925890
20.925890
20.925890
20.925890
20.925890
20.925890
20.925890
20.925890
20.925890
20.925890
20.925890
20.925890
20.925890
20.342987
20.342987
20.342987
20.342987
20.342987
20.342987
20.342987
20.342987
20.342987
20.342987
20.342987
20.342987
20.342987
20.342987
20.342987
19.722614
19.722614
19.722614
19.722614
19.722614
19.722614
19.722614
19.722614
19.722614
19.722614
19.722614
19.722614
19.722614
19.722614
19.722614
18.565582
18.565582
18.565582
18.565582
18.565582
18.565582
18.565582
18.565582
18.565582
18.565582
18.565582
18.565582
18.565582
18.565582
18.565582
19.351727
19.351727
19.351727
19.351727
19.351727
19.351727
19.351727
19.351727
19.351727
19.351727
19.351727
19.351727
19.351727
19.351727
19.351727
18.107574
18.107574
18.107574
18.107574
18.107574
18.107574
18.107574
18.107574
18.107574
18.107574
18.107574
18.107574
18.107574
18.107574
18.107574
16.795873
16.795873
16.795873
16.795873
16.795873
16.795873
16.795873
16.795873
16.795873
16.795873
16.795873
16.795873
16.795873
16.795873
16.795873
16.077674
16.077674
16.077674
16.077674
16.077674
16.077674
16.077674
16.077674
16.077674
16.077674
16.077674
16.077674
16.077674
16.077674
16.077674
14.945383
14.945383
14.945383
14.945383
14.945383
14.945383
14.945383
14.945383
14.945383
14.945383
14.945383
14.945383
14.945383
14.945383
14.945383
14.522239
14.522239
14.522239
14.522239
14.522239
14.522239
14.522239
14.522239
14.522239
14.522239
14.522239
14.522239
14.522239
14.522239
14.522239
12.549676
12.549676
12.549676
12.549676
12.549676
12.549676
12.549676
12.549676
12.549676
12.549676
12.549676
12.549676
12.549676
12.549676
12.549676
13.379895
13.379895
13.379895
13.379895
13.379895
13.379895
13.379895
13.379895
13.379895
13.379895
13.379895
13.379895
13.379895
13.379895
13.379895
9.523282
9.523282
9.523282
9.523282
9.523282
9.523282
9.523282
9.523282
9.523282
9.523282
9.523282
9.523282
9.523282
9.523282
9.523282
9.175279
9.175279
9.175279
9.175279
9.175279
9.175279
9.175279
9.175279
9.175279
9.175279
9.175279
9.175279
9.175279
9.175279
9.175279
9.281119
9.281119
9.281119
9.281119
9.281119
9.281119
9.281119
9.281119
9.281119
9.281119
9.281119
9.281119
9.281119
9.281119
9.281119
