11.210558
11.210558
11.210558
11.210558
11.210558
11.210558
11.210558
11.210558
11.210558
11.210558
11.210558
11.210558
11.210558
11.210558
11.210558
10.750315
10.750315
10.750315
10.750315
10.750315
10.750315
10.750315
10.750315
10.750315
10.750315
10.750315
10.750315
10.750315
10.750315
10.750315
9.445291
9.445291
9.445291
9.445291
9.445291
9.445291
9.445291
9.445291
9.445291
9.445291
9.445291
9.445291
9.445291
9.445291
9.445291
8.059757
8.059757
8.059757
8.059757
8.059757
8.059757
8.059757
8.059757
8.059757
8.059757
8.059757
8.059757
8.059757
8.059757
8.059757
7.663664
7.663664
7.663664
7.663664
7.663664
7.663664
7.663664
7.663664
7.663664
7.663664
7.663664
7.663664
7.663664
7.663664
7.663664
7.587534
7.587534
7.587534
7.587534
7.587534
7.587534
7.587534
7.587534
7.587534
7.587534
7.587534
7.587534
7.587534
7.587534
7.587534
8.053883
8.053883
8.053883
8.053883
8.053883
8.053883
8.053883
8.053883
8.053883
8.053883
8.053883
8.053883
8.053883
8.053883
8.053883
6.461126
6.461126
6.461126
6.461126
6.461126
6.461126
6.461126
6.461126
6.461126
6.461126
6.461126
6.461126
6.461126
6.461126
6.461126
7.228180
7.228180
7.228180
7.228180
7.228180
7.228180
7.228180
7.228180
7.228180
7.228180
7.228180
7.228180
7.228180
7.228180
7.228180
5.704965
5.704965
5.704965
5.704965
5.704965
5.704965
5.704965
5.704965
5.704965
5.704965
5.704965
5.704965
5.704965
5.704965
5.704965
6.313763
6.313763
6.313763
6.313763
6.313763
6.313763
6.313763
6.313763
6.313763
6.313763
6.313763
6.313763
6.313763
6.313763
6.313763
6.016106
6.016106
6.016106
6.016106
6.016106
6.016106
6.016106
6.016106
6.016106
6.016106
6.016106
6.016106
6.016106
6.016106
6.016106
6.574498
6.574498
6.574498
6.574498
6.574498
6.574498
6.574498
6.574498
6.574498
6.574498
6.574498
6.574498
6.574498
6.574498
6.574498
6.615230
6.615230
6.615230
6.615230
6.615230
6.615230
6.615230
6.615230
6.615230
6.615230
6.615230
6.615230
6.615230
6.615230
6.615230
5.861673
5.861673
5.861673
5.861673
5.861673
5.861673
5.861673
5.861673
5.861673
5.861673
5.861673
5.861673
5.861673
5.861673
5.861673
5.808707
5.808707
5.808707
5.808707
5.808707
5.808707
5.808707
5.808707
5.808707
5.808707
5.808707
5.808707
5.808707
5.808707
5.808707
6.560985
6.560985
6.560985
6.560985
6.560985
6.560985
6.560985
6.560985
6.560985
6.560985
6.560985
6.560985
6.560985
6.560985
6.560985
6.424662
6.424662
6.424662
6.424662
6.424662
6.424662
6.424662
6.424662
6.424662
6.424662
6.424662
6.424662
6.424662
6.424662
6.424662
5.995087
5.995087
5.995087
5.995087
5.995087
5.995087
5.995087
5.995087
5.995087
5.995087
5.995087
5.995087
5.995087
5.995087
5.995087
6.326014
6.326014
6.326014
6.326014
6.326014
6.326014
6.326014
6.326014
6.326014
6.326014
6.326014
6.326014
6.326014
6.326014
6.326014
5.779045
5.779045
5.779045
5.779045
5.779045
5.779045
5.779045
5.779045
5.779045
5.779045
5.779045
5.779045
5.779045
5.779045
5.779045
6.244351
6.244351
6.244351
6.244351
6.244351
6.244351
6.244351
6.244351
6.244351
6.244351
6.244351
6.244351
6.244351
6.244351
6.244351
6.127438
6.127438
6.127438
6.127438
6.127438
6.127438
6.127438
6.127438
6.127438
6.127438
6.127438
6.127438
6.127438
6.127438
6.127438
6.171560
6.171560
6.171560
6.171560
6.171560
6.171560
6.171560
6.171560
6.171560
6.171560
6.171560
6.171560
6.171560
6.171560
6.171560
5.679357
5.679357
5.679357
5.679357
5.679357
5.679357
5.679357
5.679357
5.679357
5.679357
5.679357
5.679357
5.679357
5.679357
5.679357
6.042577
6.042577
6.042577
6.042577
6.042577
6.042577
6.042577
6.042577
6.042577
6.042577
6.042577
6.042577
6.042577
6.042577
6.042577
7.720604
7.720604
7.720604
7.720604
7.720604
7.720604
7.720604
7.720604
7.720604
7.720604
7.720604
7.720604
7.720604
7.720604
7.720604
5.806227
5.806227
5.806227
5.806227
5.806227
5.806227
5.806227
5.806227
5.806227
5.806227
5.806227
5.806227
5.806227
5.806227
5.806227
6.552474
6.552474
6.552474
6.552474
6.552474
6.552474
6.552474
6.552474
6.552474
6.552474
6.552474
6.552474
6.552474
6.552474
6.552474
5.799751
5.799751
5.799751
5.799751
5.799751
5.799751
5.799751
5.799751
5.799751
5.799751
5.799751
5.799751
5.799751
5.799751
5.799751
6.371351
6.371351
6.371351
6.371351
6.371351
6.371351
6.371351
6.371351
6.371351
6.371351
6.371351
6.371351
6.371351
6.371351
6.371351
6.659417
6.659417
6.659417
6.659417
6.659417
6.659417
6.659417
6.659417
6.659417
6.659417
6.659417
6.659417
6.659417
6.659417
6.659417
6.569591
6.569591
6.569591
6.569591
6.569591
6.569591
6.569591
6.569591
6.569591
6.569591
6.569591
6.569591
6.569591
6.569591
6.569591
7.477034
7.477034
7.477034
7.477034
7.477034
7.477034
7.477034
7.477034
7.477034
7.477034
7.477034
7.477034
7.477034
7.477034
7.477034
6.549255
6.549255
6.549255
6.549255
6.549255
6.549255
6.549255
6.549255
6.549255
6.549255
6.549255
6.549255
6.549255
6.549255
6.549255
7.277758
7.277758
7.277758
7.277758
7.277758
7.277758
7.277758
7.277758
7.277758
7.277758
7.277758
7.277758
7.277758
7.277758
7.277758
7.961107
7.961107
7.961107
7.961107
7.961107
7.961107
7.961107
7.961107
7.961107
7.961107
7.961107
7.961107
7.961107
7.961107
7.961107
9.544423
9.544423
9.544423
9.544423
9.544423
9.544423
9.544423
9.544423
9.544423
9.544423
9.544423
9.544423
9.544423
9.544423
9.544423
11.463632
11.463632
11.463632
11.463632
11.463632
11.463632
11.463632
11.463632
11.463632
11.463632
11.463632
11.463632
11.463632
11.463632
11.463632
11.518181
11.518181
11.518181
11.518181
11.518181
11.518181
11.518181
11.518181
11.518181
11.518181
11.518181
11.518181
11.518181
11.518181
11.518181
12.551788
12.551788
12.551788
12.551788
12.551788
12.551788
12.551788
12.551788
12.551788
12.551788
12.551788
12.551788
12.551788
12.551788
12.551788
11.466863
11.466863
11.466863
11.466863
11.466863
11.466863
11.466863
11.466863
11.466863
11.466863
11.466863
11.466863
11.466863
11.466863
11.466863
13.547925
13.547925
13.547925
13.547925
13.547925
13.547925
13.547925
13.547925
13.547925
13.547925
13.547925
13.547925
13.547925
13.547925
13.547925
18.060674
18.060674
18.060674
18.060674
18.060674
18.060674
18.060674
18.060674
18.060674
18.060674
18.060674
18.060674
18.060674
18.060674
18.060674
17.836136
17.836136
17.836136
17.836136
17.836136
17.836136
17.836136
17.836136
17.836136
17.836136
17.836136
17.836136
17.836136
17.836136
17.836136
17.335201
17.335201
17.335201
17.335201
17.335201
17.335201
17.335201
17.335201
17.335201
17.335201
17.335201
17.335201
17.335201
17.335201
17.335201
20.913581
20.913581
20.913581
20.913581
20.913581
20.913581
20.913581
20.913581
20.913581
20.913581
20.913581
20.913581
20.913581
20.913581
20.913581
20.362737
20.362737
20.362737
20.362737
20.362737
20.362737
20.362737
20.362737
20.362737
20.362737
20.362737
20.362737
20.362737
20.362737
20.362737
20.776991
20.776991
20.776991
20.776991
20.776991
20.776991
20.776991
20.776991
20.776991
20.776991
20.776991
20.776991
20.776991
20.776991
20.776991
22.697230
22.697230
22.697230
22.697230
22.697230
22.697230
22.697230
22.697230
22.697230
22.697230
22.697230
22.697230
22.697230
22.697230
22.697230
22.565593
22.565593
22.565593
22.565593
22.565593
22.565593
22.565593
22.565593
22.565593
22.565593
22.565593
22.565593
22.565593
22.565593
22.565593
19.464051
19.464051
19.464051
19.464051
19.464051
19.464051
19.464051
19.464051
19.464051
19.464051
19.464051
19.464051
19.464051
19.464051
19.464051
17.266567
17.266567
17.266567
17.266567
17.266567
17.266567
17.266567
17.266567
17.266567
17.266567
17.266567
17.266567
17.266567
17.266567
17.266567
16.402066
16.402066
16.402066
16.402066
16.402066
16.402066
16.402066
16.402066
16.402066
16.402066
16.402066
16.402066
16.402066
16.402066
16.402066
15.238511
15.238511
15.238511
15.238511
15.238511
15.238511
15.238511
15.238511
15.238511
15.238511
15.238511
15.238511
15.238511
15.238511
15.238511
14.413978
14.413978
14.413978
14.413978
14.413978
14.413978
14.413978
14.413978
14.413978
14.413978
14.413978
14.413978
14.413978
14.413978
14.413978
14.627701
14.627701
14.627701
14.627701
14.627701
14.627701
14.627701
14.627701
14.627701
14.627701
14.627701
14.627701
14.627701
14.627701
14.627701
13.526192
13.526192
13.526192
13.526192
13.526192
13.526192
13.526192
13.526192
13.526192
13.526192
13.526192
13.526192
13.526192
13.526192
13.526192
15.060112
15.060112
15.060112
15.060112
15.060112
15.060112
15.060112
15.060112
15.060112
15.060112
15.060112
15.060112
15.060112
15.060112
15.060112
13.300672
13.300672
13.300672
13.300672
13.300672
13.300672
13.300672
13.300672
13.300672
13.300672
13.300672
13.300672
13.300672
13.300672
13.300672
11.736641
11.736641
11.736641
11.736641
11.736641
11.736641
11.736641
11.736641
11.736641
11.736641
11.736641
11.736641
11.736641
11.736641
11.736641
11.941661
11.941661
11.941661
11.941661
11.941661
11.941661
11.941661
11.941661
11.941661
11.941661
11.941661
11.941661
11.941661
11.941661
11.941661
12.444483
12.444483
12.444483
12.444483
12.444483
12.444483
12.444483
12.444483
12.444483
12.444483
12.444483
12.444483
12.444483
12.444483
12.444483
11.750448
11.750448
11.750448
11.750448
11.750448
11.750448
11.750448
11.750448
11.750448
11.750448
11.750448
11.750448
11.750448
11.750448
11.750448
14.390185
14.390185
14.390185
14.390185
14.390185
14.390185
14.390185
14.390185
14.390185
14.390185
14.390185
14.390185
14.390185
14.390185
14.390185
17.186676
17.186676
17.186676
17.186676
17.186676
17.186676
17.186676
17.186676
17.186676
17.186676
17.186676
17.186676
17.186676
17.186676
17.186676
16.964540
16.964540
16.964540
16.964540
16.964540
16.964540
16.964540
16.964540
16.964540
16.964540
16.964540
16.964540
16.964540
16.964540
16.964540
15.910656
15.910656
15.910656
15.910656
15.910656
15.910656
15.910656
15.910656
15.910656
15.910656
15.910656
15.910656
15.910656
15.910656
15.910656
17.986782
17.986782
17.986782
17.986782
17.986782
17.986782
17.986782
17.986782
17.986782
17.986782
17.986782
17.986782
17.986782
17.986782
17.986782
16.419125
16.419125
16.419125
16.419125
16.419125
16.419125
16.419125
16.419125
16.419125
16.419125
16.419125
16.419125
16.419125
16.419125
16.419125
34.582961
34.582961
34.582961
34.582961
34.582961
34.582961
34.582961
34.582961
34.582961
34.582961
34.582961
34.582961
34.582961
34.582961
34.582961
35.813171
35.813171
35.813171
35.813171
35.813171
35.813171
35.813171
35.813171
35.813171
35.813171
35.813171
35.813171
35.813171
35.813171
35.813171
35.122355
35.122355
35.122355
35.122355
35.122355
35.122355
35.122355
35.122355
35.122355
35.122355
35.122355
35.122355
35.122355
35.122355
35.122355
33.462387
33.462387
33.462387
33.462387
33.462387
33.462387
33.462387
33.462387
33.462387
33.462387
33.462387
33.462387
33.462387
33.462387
33.462387
34.072057
34.072057
34.072057
34.072057
34.072057
34.072057
34.072057
34.072057
34.072057
34.072057
34.072057
34.072057
34.072057
34.072057
34.072057
34.968872
34.968872
34.968872
34.968872
34.968872
34.968872
34.968872
34.968872
34.968872
34.968872
34.968872
34.968872
34.968872
34.968872
34.968872
36.172731
36.172731
36.172731
36.172731
36.172731
36.172731
36.172731
36.172731
36.172731
36.172731
36.172731
36.172731
36.172731
36.172731
36.172731
37.762650
37.762650
37.762650
37.762650
37.762650
37.762650
37.762650
37.762650
37.762650
37.762650
37.762650
37.762650
37.762650
37.762650
37.762650
38.360980
38.360980
38.360980
38.360980
38.360980
38.360980
38.360980
38.360980
38.360980
38.360980
38.360980
38.360980
38.360980
38.360980
38.360980
37.573558
37.573558
37.573558
37.573558
37.573558
37.573558
37.573558
37.573558
37.573558
37.573558
37.573558
37.573558
37.573558
37.573558
37.573558
37.827871
37.827871
37.827871
37.827871
37.827871
37.827871
37.827871
37.827871
37.827871
37.827871
37.827871
37.827871
37.827871
37.827871
37.827871
38.267771
38.267771
38.267771
38.267771
38.267771
38.267771
38.267771
38.267771
38.267771
38.267771
38.267771
38.267771
38.267771
38.267771
38.267771
38.983302
38.983302
38.983302
38.983302
38.983302
38.983302
38.983302
38.983302
38.983302
38.983302
38.983302
38.983302
38.983302
38.983302
38.983302
38.736508
38.736508
38.736508
38.736508
38.736508
38.736508
38.736508
38.736508
38.736508
38.736508
38.736508
38.736508
38.736508
38.736508
38.736508
39.140129
39.140129
39.140129
39.140129
39.140129
39.140129
39.140129
39.140129
39.140129
39.140129
39.140129
39.140129
39.140129
39.140129
39.140129
38.413172
38.413172
38.413172
38.413172
38.413172
38.413172
38.413172
38.413172
38.413172
38.413172
38.413172
38.413172
38.413172
38.413172
38.413172
27.313147
27.313147
27.313147
27.313147
27.313147
27.313147
27.313147
27.313147
27.313147
27.313147
27.313147
27.313147
27.313147
27.313147
27.313147
18.224704
18.224704
18.224704
18.224704
18.224704
18.224704
18.224704
18.224704
18.224704
18.224704
18.224704
18.224704
18.224704
18.224704
18.224704
17.162005
17.162005
17.162005
17.162005
17.162005
17.162005
17.162005
17.162005
17.162005
17.162005
17.162005
17.162005
17.162005
17.162005
17.162005
16.740756
16.740756
16.740756
16.740756
16.740756
16.740756
16.740756
16.740756
16.740756
16.740756
16.740756
16.740756
16.740756
16.740756
16.740756
15.108221
15.108221
15.108221
15.108221
15.108221
15.108221
15.108221
15.108221
15.108221
15.108221
15.108221
15.108221
15.108221
15.108221
15.108221
15.455592
15.455592
15.455592
15.455592
15.455592
15.455592
15.455592
15.455592
15.455592
15.455592
15.455592
15.455592
15.455592
15.455592
15.455592
15.087537
15.087537
15.087537
15.087537
15.087537
15.087537
15.087537
15.087537
15.087537
15.087537
15.087537
15.087537
15.087537
15.087537
15.087537
14.220536
14.220536
14.220536
14.220536
14.220536
14.220536
14.220536
14.220536
14.220536
14.220536
14.220536
14.220536
14.220536
14.220536
14.220536
14.105178
14.105178
14.105178
14.105178
14.105178
14.105178
14.105178
14.105178
14.105178
14.105178
14.105178
14.105178
14.105178
14.105178
14.105178
13.138750
13.138750
13.138750
13.138750
13.138750
13.138750
13.138750
13.138750
13.138750
13.138750
13.138750
13.138750
13.138750
13.138750
13.138750
