15.470079
15.470079
15.470079
15.470079
15.470079
15.470079
15.470079
15.470079
15.470079
15.470079
15.470079
15.470079
15.470079
15.470079
15.470079
15.744175
15.744175
15.744175
15.744175
15.744175
15.744175
15.744175
15.744175
15.744175
15.744175
15.744175
15.744175
15.744175
15.744175
15.744175
14.518399
14.518399
14.518399
14.518399
14.518399
14.518399
14.518399
14.518399
14.518399
14.518399
14.518399
14.518399
14.518399
14.518399
14.518399
14.415378
14.415378
14.415378
14.415378
14.415378
14.415378
14.415378
14.415378
14.415378
14.415378
14.415378
14.415378
14.415378
14.415378
14.415378
14.485788
14.485788
14.485788
14.485788
14.485788
14.485788
14.485788
14.485788
14.485788
14.485788
14.485788
14.485788
14.485788
14.485788
14.485788
13.819028
13.819028
13.819028
13.819028
13.819028
13.819028
13.819028
13.819028
13.819028
13.819028
13.819028
13.819028
13.819028
13.819028
13.819028
14.563486
14.563486
14.563486
14.563486
14.563486
14.563486
14.563486
14.563486
14.563486
14.563486
14.563486
14.563486
14.563486
14.563486
14.563486
15.542163
15.542163
15.542163
15.542163
15.542163
15.542163
15.542163
15.542163
15.542163
15.542163
15.542163
15.542163
15.542163
15.542163
15.542163
15.671424
15.671424
15.671424
15.671424
15.671424
15.671424
15.671424
15.671424
15.671424
15.671424
15.671424
15.671424
15.671424
15.671424
15.671424
16.241375
16.241375
16.241375
16.241375
16.241375
16.241375
16.241375
16.241375
16.241375
16.241375
16.241375
16.241375
16.241375
16.241375
16.241375
16.488961
16.488961
16.488961
16.488961
16.488961
16.488961
16.488961
16.488961
16.488961
16.488961
16.488961
16.488961
16.488961
16.488961
16.488961
15.064383
15.064383
15.064383
15.064383
15.064383
15.064383
15.064383
15.064383
15.064383
15.064383
15.064383
15.064383
15.064383
15.064383
15.064383
15.166650
15.166650
15.166650
15.166650
15.166650
15.166650
15.166650
15.166650
15.166650
15.166650
15.166650
15.166650
15.166650
15.166650
15.166650
15.148437
15.148437
15.148437
15.148437
15.148437
15.148437
15.148437
15.148437
15.148437
15.148437
15.148437
15.148437
15.148437
15.148437
15.148437
15.803365
15.803365
15.803365
15.803365
15.803365
15.803365
15.803365
15.803365
15.803365
15.803365
15.803365
15.803365
15.803365
15.803365
15.803365
15.296001
15.296001
15.296001
15.296001
15.296001
15.296001
15.296001
15.296001
15.296001
15.296001
15.296001
15.296001
15.296001
15.296001
15.296001
14.324339
14.324339
14.324339
14.324339
14.324339
14.324339
14.324339
14.324339
14.324339
14.324339
14.324339
14.324339
14.324339
14.324339
14.324339
15.885709
15.885709
15.885709
15.885709
15.885709
15.885709
15.885709
15.885709
15.885709
15.885709
15.885709
15.885709
15.885709
15.885709
15.885709
14.537089
14.537089
14.537089
14.537089
14.537089
14.537089
14.537089
14.537089
14.537089
14.537089
14.537089
14.537089
14.537089
14.537089
14.537089
14.619938
14.619938
14.619938
14.619938
14.619938
14.619938
14.619938
14.619938
14.619938
14.619938
14.619938
14.619938
14.619938
14.619938
14.619938
14.724160
14.724160
14.724160
14.724160
14.724160
14.724160
14.724160
14.724160
14.724160
14.724160
14.724160
14.724160
14.724160
14.724160
14.724160
14.964190
14.964190
14.964190
14.964190
14.964190
14.964190
14.964190
14.964190
14.964190
14.964190
14.964190
14.964190
14.964190
14.964190
14.964190
14.471003
14.471003
14.471003
14.471003
14.471003
14.471003
14.471003
14.471003
14.471003
14.471003
14.471003
14.471003
14.471003
14.471003
14.471003
14.167639
14.167639
14.167639
14.167639
14.167639
14.167639
14.167639
14.167639
14.167639
14.167639
14.167639
14.167639
14.167639
14.167639
14.167639
14.265556
14.265556
14.265556
14.265556
14.265556
14.265556
14.265556
14.265556
14.265556
14.265556
14.265556
14.265556
14.265556
14.265556
14.265556
13.501404
13.501404
13.501404
13.501404
13.501404
13.501404
13.501404
13.501404
13.501404
13.501404
13.501404
13.501404
13.501404
13.501404
13.501404
13.428015
13.428015
13.428015
13.428015
13.428015
13.428015
13.428015
13.428015
13.428015
13.428015
13.428015
13.428015
13.428015
13.428015
13.428015
12.085597
12.085597
12.085597
12.085597
12.085597
12.085597
12.085597
12.085597
12.085597
12.085597
12.085597
12.085597
12.085597
12.085597
12.085597
11.129113
11.129113
11.129113
11.129113
11.129113
11.129113
11.129113
11.129113
11.129113
11.129113
11.129113
11.129113
11.129113
11.129113
11.129113
11.577726
11.577726
11.577726
11.577726
11.577726
11.577726
11.577726
11.577726
11.577726
11.577726
11.577726
11.577726
11.577726
11.577726
11.577726
10.472370
10.472370
10.472370
10.472370
10.472370
10.472370
10.472370
10.472370
10.472370
10.472370
10.472370
10.472370
10.472370
10.472370
10.472370
11.809206
11.809206
11.809206
11.809206
11.809206
11.809206
11.809206
11.809206
11.809206
11.809206
11.809206
11.809206
11.809206
11.809206
11.809206
10.279341
10.279341
10.279341
10.279341
10.279341
10.279341
10.279341
10.279341
10.279341
10.279341
10.279341
10.279341
10.279341
10.279341
10.279341
9.332584
9.332584
9.332584
9.332584
9.332584
9.332584
9.332584
9.332584
9.332584
9.332584
9.332584
9.332584
9.332584
9.332584
9.332584
8.781875
8.781875
8.781875
8.781875
8.781875
8.781875
8.781875
8.781875
8.781875
8.781875
8.781875
8.781875
8.781875
8.781875
8.781875
8.426351
8.426351
8.426351
8.426351
8.426351
8.426351
8.426351
8.426351
8.426351
8.426351
8.426351
8.426351
8.426351
8.426351
8.426351
8.590044
8.590044
8.590044
8.590044
8.590044
8.590044
8.590044
8.590044
8.590044
8.590044
8.590044
8.590044
8.590044
8.590044
8.590044
9.086671
9.086671
9.086671
9.086671
9.086671
9.086671
9.086671
9.086671
9.086671
9.086671
9.086671
9.086671
9.086671
9.086671
9.086671
7.730583
7.730583
7.730583
7.730583
7.730583
7.730583
7.730583
7.730583
7.730583
7.730583
7.730583
7.730583
7.730583
7.730583
7.730583
8.352695
8.352695
8.352695
8.352695
8.352695
8.352695
8.352695
8.352695
8.352695
8.352695
8.352695
8.352695
8.352695
8.352695
8.352695
8.387013
8.387013
8.387013
8.387013
8.387013
8.387013
8.387013
8.387013
8.387013
8.387013
8.387013
8.387013
8.387013
8.387013
8.387013
8.981151
8.981151
8.981151
8.981151
8.981151
8.981151
8.981151
8.981151
8.981151
8.981151
8.981151
8.981151
8.981151
8.981151
8.981151
7.926206
7.926206
7.926206
7.926206
7.926206
7.926206
7.926206
7.926206
7.926206
7.926206
7.926206
7.926206
7.926206
7.926206
7.926206
8.772518
8.772518
8.772518
8.772518
8.772518
8.772518
8.772518
8.772518
8.772518
8.772518
8.772518
8.772518
8.772518
8.772518
8.772518
7.787652
7.787652
7.787652
7.787652
7.787652
7.787652
7.787652
7.787652
7.787652
7.787652
7.787652
7.787652
7.787652
7.787652
7.787652
7.406571
7.406571
7.406571
7.406571
7.406571
7.406571
7.406571
7.406571
7.406571
7.406571
7.406571
7.406571
7.406571
7.406571
7.406571
8.102120
8.102120
8.102120
8.102120
8.102120
8.102120
8.102120
8.102120
8.102120
8.102120
8.102120
8.102120
8.102120
8.102120
8.102120
8.192687
8.192687
8.192687
8.192687
8.192687
8.192687
8.192687
8.192687
8.192687
8.192687
8.192687
8.192687
8.192687
8.192687
8.192687
9.222105
9.222105
9.222105
9.222105
9.222105
9.222105
9.222105
9.222105
9.222105
9.222105
9.222105
9.222105
9.222105
9.222105
9.222105
8.372377
8.372377
8.372377
8.372377
8.372377
8.372377
8.372377
8.372377
8.372377
8.372377
8.372377
8.372377
8.372377
8.372377
8.372377
9.537572
9.537572
9.537572
9.537572
9.537572
9.537572
9.537572
9.537572
9.537572
9.537572
9.537572
9.537572
9.537572
9.537572
9.537572
9.320347
9.320347
9.320347
9.320347
9.320347
9.320347
9.320347
9.320347
9.320347
9.320347
9.320347
9.320347
9.320347
9.320347
9.320347
11.163987
11.163987
11.163987
11.163987
11.163987
11.163987
11.163987
11.163987
11.163987
11.163987
11.163987
11.163987
11.163987
11.163987
11.163987
10.591469
10.591469
10.591469
10.591469
10.591469
10.591469
10.591469
10.591469
10.591469
10.591469
10.591469
10.591469
10.591469
10.591469
10.591469
9.001113
9.001113
9.001113
9.001113
9.001113
9.001113
9.001113
9.001113
9.001113
9.001113
9.001113
9.001113
9.001113
9.001113
9.001113
9.895304
9.895304
9.895304
9.895304
9.895304
9.895304
9.895304
9.895304
9.895304
9.895304
9.895304
9.895304
9.895304
9.895304
9.895304
10.595456
10.595456
10.595456
10.595456
10.595456
10.595456
10.595456
10.595456
10.595456
10.595456
10.595456
10.595456
10.595456
10.595456
10.595456
10.649259
10.649259
10.649259
10.649259
10.649259
10.649259
10.649259
10.649259
10.649259
10.649259
10.649259
10.649259
10.649259
10.649259
10.649259
10.265674
10.265674
10.265674
10.265674
10.265674
10.265674
10.265674
10.265674
10.265674
10.265674
10.265674
10.265674
10.265674
10.265674
10.265674
11.905426
11.905426
11.905426
11.905426
11.905426
11.905426
11.905426
11.905426
11.905426
11.905426
11.905426
11.905426
11.905426
11.905426
11.905426
12.078326
12.078326
12.078326
12.078326
12.078326
12.078326
12.078326
12.078326
12.078326
12.078326
12.078326
12.078326
12.078326
12.078326
12.078326
11.499079
11.499079
11.499079
11.499079
11.499079
11.499079
11.499079
11.499079
11.499079
11.499079
11.499079
11.499079
11.499079
11.499079
11.499079
12.572936
12.572936
12.572936
12.572936
12.572936
12.572936
12.572936
12.572936
12.572936
12.572936
12.572936
12.572936
12.572936
12.572936
12.572936
12.471093
12.471093
12.471093
12.471093
12.471093
12.471093
12.471093
12.471093
12.471093
12.471093
12.471093
12.471093
12.471093
12.471093
12.471093
13.467418
13.467418
13.467418
13.467418
13.467418
13.467418
13.467418
13.467418
13.467418
13.467418
13.467418
13.467418
13.467418
13.467418
13.467418
12.452733
12.452733
12.452733
12.452733
12.452733
12.452733
12.452733
12.452733
12.452733
12.452733
12.452733
12.452733
12.452733
12.452733
12.452733
11.695835
11.695835
11.695835
11.695835
11.695835
11.695835
11.695835
11.695835
11.695835
11.695835
11.695835
11.695835
11.695835
11.695835
11.695835
12.019135
12.019135
12.019135
12.019135
12.019135
12.019135
12.019135
12.019135
12.019135
12.019135
12.019135
12.019135
12.019135
12.019135
12.019135
12.122874
12.122874
12.122874
12.122874
12.122874
12.122874
12.122874
12.122874
12.122874
12.122874
12.122874
12.122874
12.122874
12.122874
12.122874
12.228900
12.228900
12.228900
12.228900
12.228900
12.228900
12.228900
12.228900
12.228900
12.228900
12.228900
12.228900
12.228900
12.228900
12.228900
11.943296
11.943296
11.943296
11.943296
11.943296
11.943296
11.943296
11.943296
11.943296
11.943296
11.943296
11.943296
11.943296
11.943296
11.943296
12.305681
12.305681
12.305681
12.305681
12.305681
12.305681
12.305681
12.305681
12.305681
12.305681
12.305681
12.305681
12.305681
12.305681
12.305681
12.141778
12.141778
12.141778
12.141778
12.141778
12.141778
12.141778
12.141778
12.141778
12.141778
12.141778
12.141778
12.141778
12.141778
12.141778
12.487669
12.487669
12.487669
12.487669
12.487669
12.487669
12.487669
12.487669
12.487669
12.487669
12.487669
12.487669
12.487669
12.487669
12.487669
11.483809
11.483809
11.483809
11.483809
11.483809
11.483809
11.483809
11.483809
11.483809
11.483809
11.483809
11.483809
11.483809
11.483809
11.483809
12.634441
12.634441
12.634441
12.634441
12.634441
12.634441
12.634441
12.634441
12.634441
12.634441
12.634441
12.634441
12.634441
12.634441
12.634441
12.511493
12.511493
12.511493
12.511493
12.511493
12.511493
12.511493
12.511493
12.511493
12.511493
12.511493
12.511493
12.511493
12.511493
12.511493
12.805613
12.805613
12.805613
12.805613
12.805613
12.805613
12.805613
12.805613
12.805613
12.805613
12.805613
12.805613
12.805613
12.805613
12.805613
11.224968
11.224968
11.224968
11.224968
11.224968
11.224968
11.224968
11.224968
11.224968
11.224968
11.224968
11.224968
11.224968
11.224968
11.224968
9.407915
9.407915
9.407915
9.407915
9.407915
9.407915
9.407915
9.407915
9.407915
9.407915
9.407915
9.407915
9.407915
9.407915
9.407915
9.294324
9.294324
9.294324
9.294324
9.294324
9.294324
9.294324
9.294324
9.294324
9.294324
9.294324
9.294324
9.294324
9.294324
9.294324
9.423705
9.423705
9.423705
9.423705
9.423705
9.423705
9.423705
9.423705
9.423705
9.423705
9.423705
9.423705
9.423705
9.423705
9.423705
10.120207
10.120207
10.120207
10.120207
10.120207
10.120207
10.120207
10.120207
10.120207
10.120207
10.120207
10.120207
10.120207
10.120207
10.120207
10.747463
10.747463
10.747463
10.747463
10.747463
10.747463
10.747463
10.747463
10.747463
10.747463
10.747463
10.747463
10.747463
10.747463
10.747463
11.922876
11.922876
11.922876
11.922876
11.922876
11.922876
11.922876
11.922876
11.922876
11.922876
11.922876
11.922876
11.922876
11.922876
11.922876
12.190193
12.190193
12.190193
12.190193
12.190193
12.190193
12.190193
12.190193
12.190193
12.190193
12.190193
12.190193
12.190193
12.190193
12.190193
11.724450
11.724450
11.724450
11.724450
11.724450
11.724450
11.724450
11.724450
11.724450
11.724450
11.724450
11.724450
11.724450
11.724450
11.724450
11.379736
11.379736
11.379736
11.379736
11.379736
11.379736
11.379736
11.379736
11.379736
11.379736
11.379736
11.379736
11.379736
11.379736
11.379736
11.752276
11.752276
11.752276
11.752276
11.752276
11.752276
11.752276
11.752276
11.752276
11.752276
11.752276
11.752276
11.752276
11.752276
11.752276
12.538370
12.538370
12.538370
12.538370
12.538370
12.538370
12.538370
12.538370
12.538370
12.538370
12.538370
12.538370
12.538370
12.538370
12.538370
12.530868
12.530868
12.530868
12.530868
12.530868
12.530868
12.530868
12.530868
12.530868
12.530868
12.530868
12.530868
12.530868
12.530868
12.530868
13.604248
13.604248
13.604248
13.604248
13.604248
13.604248
13.604248
13.604248
13.604248
13.604248
13.604248
13.604248
13.604248
13.604248
13.604248
13.018297
13.018297
13.018297
13.018297
13.018297
13.018297
13.018297
13.018297
13.018297
13.018297
13.018297
13.018297
13.018297
13.018297
13.018297
13.187264
13.187264
13.187264
13.187264
13.187264
13.187264
13.187264
13.187264
13.187264
13.187264
13.187264
13.187264
13.187264
13.187264
13.187264
13.580426
13.580426
13.580426
13.580426
13.580426
13.580426
13.580426
13.580426
13.580426
13.580426
13.580426
13.580426
13.580426
13.580426
13.580426
14.486856
14.486856
14.486856
14.486856
14.486856
14.486856
14.486856
14.486856
14.486856
14.486856
14.486856
14.486856
14.486856
14.486856
14.486856
