2.911464
2.911464
2.911464
2.911464
2.911464
2.911464
2.911464
2.911464
2.911464
2.911464
2.911464
2.911464
2.911464
2.911464
2.911464
2.952663
2.952663
2.952663
2.952663
2.952663
2.952663
2.952663
2.952663
2.952663
2.952663
2.952663
2.952663
2.952663
2.952663
2.952663
2.886783
2.886783
2.886783
2.886783
2.886783
2.886783
2.886783
2.886783
2.886783
2.886783
2.886783
2.886783
2.886783
2.886783
2.886783
3.094583
3.094583
3.094583
3.094583
3.094583
3.094583
3.094583
3.094583
3.094583
3.094583
3.094583
3.094583
3.094583
3.094583
3.094583
3.002554
3.002554
3.002554
3.002554
3.002554
3.002554
3.002554
3.002554
3.002554
3.002554
3.002554
3.002554
3.002554
3.002554
3.002554
2.893304
2.893304
2.893304
2.893304
2.893304
2.893304
2.893304
2.893304
2.893304
2.893304
2.893304
2.893304
2.893304
2.893304
2.893304
3.333064
3.333064
3.333064
3.333064
3.333064
3.333064
3.333064
3.333064
3.333064
3.333064
3.333064
3.333064
3.333064
3.333064
3.333064
3.019388
3.019388
3.019388
3.019388
3.019388
3.019388
3.019388
3.019388
3.019388
3.019388
3.019388
3.019388
3.019388
3.019388
3.019388
2.904632
2.904632
2.904632
2.904632
2.904632
2.904632
2.904632
2.904632
2.904632
2.904632
2.904632
2.904632
2.904632
2.904632
2.904632
2.812458
2.812458
2.812458
2.812458
2.812458
2.812458
2.812458
2.812458
2.812458
2.812458
2.812458
2.812458
2.812458
2.812458
2.812458
2.465396
2.465396
2.465396
2.465396
2.465396
2.465396
2.465396
2.465396
2.465396
2.465396
2.465396
2.465396
2.465396
2.465396
2.465396
2.807637
2.807637
2.807637
2.807637
2.807637
2.807637
2.807637
2.807637
2.807637
2.807637
2.807637
2.807637
2.807637
2.807637
2.807637
2.561021
2.561021
2.561021
2.561021
2.561021
2.561021
2.561021
2.561021
2.561021
2.561021
2.561021
2.561021
2.561021
2.561021
2.561021
2.915109
2.915109
2.915109
2.915109
2.915109
2.915109
2.915109
2.915109
2.915109
2.915109
2.915109
2.915109
2.915109
2.915109
2.915109
2.651709
2.651709
2.651709
2.651709
2.651709
2.651709
2.651709
2.651709
2.651709
2.651709
2.651709
2.651709
2.651709
2.651709
2.651709
2.697276
2.697276
2.697276
2.697276
2.697276
2.697276
2.697276
2.697276
2.697276
2.697276
2.697276
2.697276
2.697276
2.697276
2.697276
2.919946
2.919946
2.919946
2.919946
2.919946
2.919946
2.919946
2.919946
2.919946
2.919946
2.919946
2.919946
2.919946
2.919946
2.919946
3.061990
3.061990
3.061990
3.061990
3.061990
3.061990
3.061990
3.061990
3.061990
3.061990
3.061990
3.061990
3.061990
3.061990
3.061990
2.691748
2.691748
2.691748
2.691748
2.691748
2.691748
2.691748
2.691748
2.691748
2.691748
2.691748
2.691748
2.691748
2.691748
2.691748
2.916918
2.916918
2.916918
2.916918
2.916918
2.916918
2.916918
2.916918
2.916918
2.916918
2.916918
2.916918
2.916918
2.916918
2.916918
2.838258
2.838258
2.838258
2.838258
2.838258
2.838258
2.838258
2.838258
2.838258
2.838258
2.838258
2.838258
2.838258
2.838258
2.838258
2.686116
2.686116
2.686116
2.686116
2.686116
2.686116
2.686116
2.686116
2.686116
2.686116
2.686116
2.686116
2.686116
2.686116
2.686116
2.738884
2.738884
2.738884
2.738884
2.738884
2.738884
2.738884
2.738884
2.738884
2.738884
2.738884
2.738884
2.738884
2.738884
2.738884
2.655741
2.655741
2.655741
2.655741
2.655741
2.655741
2.655741
2.655741
2.655741
2.655741
2.655741
2.655741
2.655741
2.655741
2.655741
2.039389
2.039389
2.039389
2.039389
2.039389
2.039389
2.039389
2.039389
2.039389
2.039389
2.039389
2.039389
2.039389
2.039389
2.039389
2.497632
2.497632
2.497632
2.497632
2.497632
2.497632
2.497632
2.497632
2.497632
2.497632
2.497632
2.497632
2.497632
2.497632
2.497632
2.370033
2.370033
2.370033
2.370033
2.370033
2.370033
2.370033
2.370033
2.370033
2.370033
2.370033
2.370033
2.370033
2.370033
2.370033
2.723949
2.723949
2.723949
2.723949
2.723949
2.723949
2.723949
2.723949
2.723949
2.723949
2.723949
2.723949
2.723949
2.723949
2.723949
3.618265
3.618265
3.618265
3.618265
3.618265
3.618265
3.618265
3.618265
3.618265
3.618265
3.618265
3.618265
3.618265
3.618265
3.618265
3.782624
3.782624
3.782624
3.782624
3.782624
3.782624
3.782624
3.782624
3.782624
3.782624
3.782624
3.782624
3.782624
3.782624
3.782624
5.462922
5.462922
5.462922
5.462922
5.462922
5.462922
5.462922
5.462922
5.462922
5.462922
5.462922
5.462922
5.462922
5.462922
5.462922
6.741779
6.741779
6.741779
6.741779
6.741779
6.741779
6.741779
6.741779
6.741779
6.741779
6.741779
6.741779
6.741779
6.741779
6.741779
8.259212
8.259212
8.259212
8.259212
8.259212
8.259212
8.259212
8.259212
8.259212
8.259212
8.259212
8.259212
8.259212
8.259212
8.259212
8.757604
8.757604
8.757604
8.757604
8.757604
8.757604
8.757604
8.757604
8.757604
8.757604
8.757604
8.757604
8.757604
8.757604
8.757604
7.961400
7.961400
7.961400
7.961400
7.961400
7.961400
7.961400
7.961400
7.961400
7.961400
7.961400
7.961400
7.961400
7.961400
7.961400
8.360296
8.360296
8.360296
8.360296
8.360296
8.360296
8.360296
8.360296
8.360296
8.360296
8.360296
8.360296
8.360296
8.360296
8.360296
8.328592
8.328592
8.328592
8.328592
8.328592
8.328592
8.328592
8.328592
8.328592
8.328592
8.328592
8.328592
8.328592
8.328592
8.328592
8.890206
8.890206
8.890206
8.890206
8.890206
8.890206
8.890206
8.890206
8.890206
8.890206
8.890206
8.890206
8.890206
8.890206
8.890206
8.734722
8.734722
8.734722
8.734722
8.734722
8.734722
8.734722
8.734722
8.734722
8.734722
8.734722
8.734722
8.734722
8.734722
8.734722
8.384777
8.384777
8.384777
8.384777
8.384777
8.384777
8.384777
8.384777
8.384777
8.384777
8.384777
8.384777
8.384777
8.384777
8.384777
9.136967
9.136967
9.136967
9.136967
9.136967
9.136967
9.136967
9.136967
9.136967
9.136967
9.136967
9.136967
9.136967
9.136967
9.136967
9.213138
9.213138
9.213138
9.213138
9.213138
9.213138
9.213138
9.213138
9.213138
9.213138
9.213138
9.213138
9.213138
9.213138
9.213138
9.839834
9.839834
9.839834
9.839834
9.839834
9.839834
9.839834
9.839834
9.839834
9.839834
9.839834
9.839834
9.839834
9.839834
9.839834
12.093578
12.093578
12.093578
12.093578
12.093578
12.093578
12.093578
12.093578
12.093578
12.093578
12.093578
12.093578
12.093578
12.093578
12.093578
10.660815
10.660815
10.660815
10.660815
10.660815
10.660815
10.660815
10.660815
10.660815
10.660815
10.660815
10.660815
10.660815
10.660815
10.660815
10.443895
10.443895
10.443895
10.443895
10.443895
10.443895
10.443895
10.443895
10.443895
10.443895
10.443895
10.443895
10.443895
10.443895
10.443895
10.159263
10.159263
10.159263
10.159263
10.159263
10.159263
10.159263
10.159263
10.159263
10.159263
10.159263
10.159263
10.159263
10.159263
10.159263
8.711820
8.711820
8.711820
8.711820
8.711820
8.711820
8.711820
8.711820
8.711820
8.711820
8.711820
8.711820
8.711820
8.711820
8.711820
8.892799
8.892799
8.892799
8.892799
8.892799
8.892799
8.892799
8.892799
8.892799
8.892799
8.892799
8.892799
8.892799
8.892799
8.892799
8.750487
8.750487
8.750487
8.750487
8.750487
8.750487
8.750487
8.750487
8.750487
8.750487
8.750487
8.750487
8.750487
8.750487
8.750487
8.921263
8.921263
8.921263
8.921263
8.921263
8.921263
8.921263
8.921263
8.921263
8.921263
8.921263
8.921263
8.921263
8.921263
8.921263
9.586811
9.586811
9.586811
9.586811
9.586811
9.586811
9.586811
9.586811
9.586811
9.586811
9.586811
9.586811
9.586811
9.586811
9.586811
10.825194
10.825194
10.825194
10.825194
10.825194
10.825194
10.825194
10.825194
10.825194
10.825194
10.825194
10.825194
10.825194
10.825194
10.825194
10.672871
10.672871
10.672871
10.672871
10.672871
10.672871
10.672871
10.672871
10.672871
10.672871
10.672871
10.672871
10.672871
10.672871
10.672871
10.350886
10.350886
10.350886
10.350886
10.350886
10.350886
10.350886
10.350886
10.350886
10.350886
10.350886
10.350886
10.350886
10.350886
10.350886
9.342881
9.342881
9.342881
9.342881
9.342881
9.342881
9.342881
9.342881
9.342881
9.342881
9.342881
9.342881
9.342881
9.342881
9.342881
9.376765
9.376765
9.376765
9.376765
9.376765
9.376765
9.376765
9.376765
9.376765
9.376765
9.376765
9.376765
9.376765
9.376765
9.376765
9.312568
9.312568
9.312568
9.312568
9.312568
9.312568
9.312568
9.312568
9.312568
9.312568
9.312568
9.312568
9.312568
9.312568
9.312568
10.161270
10.161270
10.161270
10.161270
10.161270
10.161270
10.161270
10.161270
10.161270
10.161270
10.161270
10.161270
10.161270
10.161270
10.161270
10.832841
10.832841
10.832841
10.832841
10.832841
10.832841
10.832841
10.832841
10.832841
10.832841
10.832841
10.832841
10.832841
10.832841
10.832841
10.341613
10.341613
10.341613
10.341613
10.341613
10.341613
10.341613
10.341613
10.341613
10.341613
10.341613
10.341613
10.341613
10.341613
10.341613
9.406377
9.406377
9.406377
9.406377
9.406377
9.406377
9.406377
9.406377
9.406377
9.406377
9.406377
9.406377
9.406377
9.406377
9.406377
9.906785
9.906785
9.906785
9.906785
9.906785
9.906785
9.906785
9.906785
9.906785
9.906785
9.906785
9.906785
9.906785
9.906785
9.906785
10.386330
10.386330
10.386330
10.386330
10.386330
10.386330
10.386330
10.386330
10.386330
10.386330
10.386330
10.386330
10.386330
10.386330
10.386330
11.931984
11.931984
11.931984
11.931984
11.931984
11.931984
11.931984
11.931984
11.931984
11.931984
11.931984
11.931984
11.931984
11.931984
11.931984
14.471384
14.471384
14.471384
14.471384
14.471384
14.471384
14.471384
14.471384
14.471384
14.471384
14.471384
14.471384
14.471384
14.471384
14.471384
14.118102
14.118102
14.118102
14.118102
14.118102
14.118102
14.118102
14.118102
14.118102
14.118102
14.118102
14.118102
14.118102
14.118102
14.118102
21.021981
21.021981
21.021981
21.021981
21.021981
21.021981
21.021981
21.021981
21.021981
21.021981
21.021981
21.021981
21.021981
21.021981
21.021981
24.556719
24.556719
24.556719
24.556719
24.556719
24.556719
24.556719
24.556719
24.556719
24.556719
24.556719
24.556719
24.556719
24.556719
24.556719
24.111519
24.111519
24.111519
24.111519
24.111519
24.111519
24.111519
24.111519
24.111519
24.111519
24.111519
24.111519
24.111519
24.111519
24.111519
21.545501
21.545501
21.545501
21.545501
21.545501
21.545501
21.545501
21.545501
21.545501
21.545501
21.545501
21.545501
21.545501
21.545501
21.545501
23.408271
23.408271
23.408271
23.408271
23.408271
23.408271
23.408271
23.408271
23.408271
23.408271
23.408271
23.408271
23.408271
23.408271
23.408271
20.754313
20.754313
20.754313
20.754313
20.754313
20.754313
20.754313
20.754313
20.754313
20.754313
20.754313
20.754313
20.754313
20.754313
20.754313
19.764980
19.764980
19.764980
19.764980
19.764980
19.764980
19.764980
19.764980
19.764980
19.764980
19.764980
19.764980
19.764980
19.764980
19.764980
19.645837
19.645837
19.645837
19.645837
19.645837
19.645837
19.645837
19.645837
19.645837
19.645837
19.645837
19.645837
19.645837
19.645837
19.645837
20.253172
20.253172
20.253172
20.253172
20.253172
20.253172
20.253172
20.253172
20.253172
20.253172
20.253172
20.253172
20.253172
20.253172
20.253172
20.313052
20.313052
20.313052
20.313052
20.313052
20.313052
20.313052
20.313052
20.313052
20.313052
20.313052
20.313052
20.313052
20.313052
20.313052
19.772099
19.772099
19.772099
19.772099
19.772099
19.772099
19.772099
19.772099
19.772099
19.772099
19.772099
19.772099
19.772099
19.772099
19.772099
18.486228
18.486228
18.486228
18.486228
18.486228
18.486228
18.486228
18.486228
18.486228
18.486228
18.486228
18.486228
18.486228
18.486228
18.486228
17.646715
17.646715
17.646715
17.646715
17.646715
17.646715
17.646715
17.646715
17.646715
17.646715
17.646715
17.646715
17.646715
17.646715
17.646715
18.716914
18.716914
18.716914
18.716914
18.716914
18.716914
18.716914
18.716914
18.716914
18.716914
18.716914
18.716914
18.716914
18.716914
18.716914
18.063376
18.063376
18.063376
18.063376
18.063376
18.063376
18.063376
18.063376
18.063376
18.063376
18.063376
18.063376
18.063376
18.063376
18.063376
12.497997
12.497997
12.497997
12.497997
12.497997
12.497997
12.497997
12.497997
12.497997
12.497997
12.497997
12.497997
12.497997
12.497997
12.497997
9.346162
9.346162
9.346162
9.346162
9.346162
9.346162
9.346162
9.346162
9.346162
9.346162
9.346162
9.346162
9.346162
9.346162
9.346162
8.655963
8.655963
8.655963
8.655963
8.655963
8.655963
8.655963
8.655963
8.655963
8.655963
8.655963
8.655963
8.655963
8.655963
8.655963
8.272829
8.272829
8.272829
8.272829
8.272829
8.272829
8.272829
8.272829
8.272829
8.272829
8.272829
8.272829
8.272829
8.272829
8.272829
6.090541
6.090541
6.090541
6.090541
6.090541
6.090541
6.090541
6.090541
6.090541
6.090541
6.090541
6.090541
6.090541
6.090541
6.090541
6.472684
6.472684
6.472684
6.472684
6.472684
6.472684
6.472684
6.472684
6.472684
6.472684
6.472684
6.472684
6.472684
6.472684
6.472684
5.456999
5.456999
5.456999
5.456999
5.456999
5.456999
5.456999
5.456999
5.456999
5.456999
5.456999
5.456999
5.456999
5.456999
5.456999
4.797164
4.797164
4.797164
4.797164
4.797164
4.797164
4.797164
4.797164
4.797164
4.797164
4.797164
4.797164
4.797164
4.797164
4.797164
4.846451
4.846451
4.846451
4.846451
4.846451
4.846451
4.846451
4.846451
4.846451
4.846451
4.846451
4.846451
4.846451
4.846451
4.846451
4.486080
4.486080
4.486080
4.486080
4.486080
4.486080
4.486080
4.486080
4.486080
4.486080
4.486080
4.486080
4.486080
4.486080
4.486080
5.232154
5.232154
5.232154
5.232154
5.232154
5.232154
5.232154
5.232154
5.232154
5.232154
5.232154
5.232154
5.232154
5.232154
5.232154
5.003500
5.003500
5.003500
5.003500
5.003500
5.003500
5.003500
5.003500
5.003500
5.003500
5.003500
5.003500
5.003500
5.003500
5.003500
4.885849
4.885849
4.885849
4.885849
4.885849
4.885849
4.885849
4.885849
4.885849
4.885849
4.885849
4.885849
4.885849
4.885849
4.885849
4.742275
4.742275
4.742275
4.742275
4.742275
4.742275
4.742275
4.742275
4.742275
4.742275
4.742275
4.742275
4.742275
4.742275
4.742275
