34.754838
34.754838
34.754838
34.754838
34.754838
34.754838
34.754838
34.754838
34.754838
34.754838
34.754838
34.754838
34.754838
34.754838
34.754838
29.128422
29.128422
29.128422
29.128422
29.128422
29.128422
29.128422
29.128422
29.128422
29.128422
29.128422
29.128422
29.128422
29.128422
29.128422
32.537975
32.537975
32.537975
32.537975
32.537975
32.537975
32.537975
32.537975
32.537975
32.537975
32.537975
32.537975
32.537975
32.537975
32.537975
34.039360
34.039360
34.039360
34.039360
34.039360
34.039360
34.039360
34.039360
34.039360
34.039360
34.039360
34.039360
34.039360
34.039360
34.039360
30.096435
30.096435
30.096435
30.096435
30.096435
30.096435
30.096435
30.096435
30.096435
30.096435
30.096435
30.096435
30.096435
30.096435
30.096435
30.190628
30.190628
30.190628
30.190628
30.190628
30.190628
30.190628
30.190628
30.190628
30.190628
30.190628
30.190628
30.190628
30.190628
30.190628
31.018841
31.018841
31.018841
31.018841
31.018841
31.018841
31.018841
31.018841
31.018841
31.018841
31.018841
31.018841
31.018841
31.018841
31.018841
27.461204
27.461204
27.461204
27.461204
27.461204
27.461204
27.461204
27.461204
27.461204
27.461204
27.461204
27.461204
27.461204
27.461204
27.461204
27.603273
27.603273
27.603273
27.603273
27.603273
27.603273
27.603273
27.603273
27.603273
27.603273
27.603273
27.603273
27.603273
27.603273
27.603273
30.244607
30.244607
30.244607
30.244607
30.244607
30.244607
30.244607
30.244607
30.244607
30.244607
30.244607
30.244607
30.244607
30.244607
30.244607
28.042367
28.042367
28.042367
28.042367
28.042367
28.042367
28.042367
28.042367
28.042367
28.042367
28.042367
28.042367
28.042367
28.042367
28.042367
28.528716
28.528716
28.528716
28.528716
28.528716
28.528716
28.528716
28.528716
28.528716
28.528716
28.528716
28.528716
28.528716
28.528716
28.528716
31.722909
31.722909
31.722909
31.722909
31.722909
31.722909
31.722909
31.722909
31.722909
31.722909
31.722909
31.722909
31.722909
31.722909
31.722909
31.336058
31.336058
31.336058
31.336058
31.336058
31.336058
31.336058
31.336058
31.336058
31.336058
31.336058
31.336058
31.336058
31.336058
31.336058
29.170905
29.170905
29.170905
29.170905
29.170905
29.170905
29.170905
29.170905
29.170905
29.170905
29.170905
29.170905
29.170905
29.170905
29.170905
29.332050
29.332050
29.332050
29.332050
29.332050
29.332050
29.332050
29.332050
29.332050
29.332050
29.332050
29.332050
29.332050
29.332050
29.332050
30.445965
30.445965
30.445965
30.445965
30.445965
30.445965
30.445965
30.445965
30.445965
30.445965
30.445965
30.445965
30.445965
30.445965
30.445965
26.301683
26.301683
26.301683
26.301683
26.301683
26.301683
26.301683
26.301683
26.301683
26.301683
26.301683
26.301683
26.301683
26.301683
26.301683
30.242337
30.242337
30.242337
30.242337
30.242337
30.242337
30.242337
30.242337
30.242337
30.242337
30.242337
30.242337
30.242337
30.242337
30.242337
31.337709
31.337709
31.337709
31.337709
31.337709
31.337709
31.337709
31.337709
31.337709
31.337709
31.337709
31.337709
31.337709
31.337709
31.337709
26.933935
26.933935
26.933935
26.933935
26.933935
26.933935
26.933935
26.933935
26.933935
26.933935
26.933935
26.933935
26.933935
26.933935
26.933935
27.781224
27.781224
27.781224
27.781224
27.781224
27.781224
27.781224
27.781224
27.781224
27.781224
27.781224
27.781224
27.781224
27.781224
27.781224
30.654987
30.654987
30.654987
30.654987
30.654987
30.654987
30.654987
30.654987
30.654987
30.654987
30.654987
30.654987
30.654987
30.654987
30.654987
30.168549
30.168549
30.168549
30.168549
30.168549
30.168549
30.168549
30.168549
30.168549
30.168549
30.168549
30.168549
30.168549
30.168549
30.168549
22.407963
22.407963
22.407963
22.407963
22.407963
22.407963
22.407963
22.407963
22.407963
22.407963
22.407963
22.407963
22.407963
22.407963
22.407963
25.036237
25.036237
25.036237
25.036237
25.036237
25.036237
25.036237
25.036237
25.036237
25.036237
25.036237
25.036237
25.036237
25.036237
25.036237
25.967871
25.967871
25.967871
25.967871
25.967871
25.967871
25.967871
25.967871
25.967871
25.967871
25.967871
25.967871
25.967871
25.967871
25.967871
24.114538
24.114538
24.114538
24.114538
24.114538
24.114538
24.114538
24.114538
24.114538
24.114538
24.114538
24.114538
24.114538
24.114538
24.114538
24.140981
24.140981
24.140981
24.140981
24.140981
24.140981
24.140981
24.140981
24.140981
24.140981
24.140981
24.140981
24.140981
24.140981
24.140981
22.435735
22.435735
22.435735
22.435735
22.435735
22.435735
22.435735
22.435735
22.435735
22.435735
22.435735
22.435735
22.435735
22.435735
22.435735
24.986176
24.986176
24.986176
24.986176
24.986176
24.986176
24.986176
24.986176
24.986176
24.986176
24.986176
24.986176
24.986176
24.986176
24.986176
19.377595
19.377595
19.377595
19.377595
19.377595
19.377595
19.377595
19.377595
19.377595
19.377595
19.377595
19.377595
19.377595
19.377595
19.377595
20.405516
20.405516
20.405516
20.405516
20.405516
20.405516
20.405516
20.405516
20.405516
20.405516
20.405516
20.405516
20.405516
20.405516
20.405516
25.283908
25.283908
25.283908
25.283908
25.283908
25.283908
25.283908
25.283908
25.283908
25.283908
25.283908
25.283908
25.283908
25.283908
25.283908
26.109764
26.109764
26.109764
26.109764
26.109764
26.109764
26.109764
26.109764
26.109764
26.109764
26.109764
26.109764
26.109764
26.109764
26.109764
22.585382
22.585382
22.585382
22.585382
22.585382
22.585382
22.585382
22.585382
22.585382
22.585382
22.585382
22.585382
22.585382
22.585382
22.585382
25.576479
25.576479
25.576479
25.576479
25.576479
25.576479
25.576479
25.576479
25.576479
25.576479
25.576479
25.576479
25.576479
25.576479
25.576479
25.831196
25.831196
25.831196
25.831196
25.831196
25.831196
25.831196
25.831196
25.831196
25.831196
25.831196
25.831196
25.831196
25.831196
25.831196
24.258082
24.258082
24.258082
24.258082
24.258082
24.258082
24.258082
24.258082
24.258082
24.258082
24.258082
24.258082
24.258082
24.258082
24.258082
26.617016
26.617016
26.617016
26.617016
26.617016
26.617016
26.617016
26.617016
26.617016
26.617016
26.617016
26.617016
26.617016
26.617016
26.617016
23.640541
23.640541
23.640541
23.640541
23.640541
23.640541
23.640541
23.640541
23.640541
23.640541
23.640541
23.640541
23.640541
23.640541
23.640541
27.819641
27.819641
27.819641
27.819641
27.819641
27.819641
27.819641
27.819641
27.819641
27.819641
27.819641
27.819641
27.819641
27.819641
27.819641
25.801863
25.801863
25.801863
25.801863
25.801863
25.801863
25.801863
25.801863
25.801863
25.801863
25.801863
25.801863
25.801863
25.801863
25.801863
27.631255
27.631255
27.631255
27.631255
27.631255
27.631255
27.631255
27.631255
27.631255
27.631255
27.631255
27.631255
27.631255
27.631255
27.631255
30.675626
30.675626
30.675626
30.675626
30.675626
30.675626
30.675626
30.675626
30.675626
30.675626
30.675626
30.675626
30.675626
30.675626
30.675626
34.739632
34.739632
34.739632
34.739632
34.739632
34.739632
34.739632
34.739632
34.739632
34.739632
34.739632
34.739632
34.739632
34.739632
34.739632
34.372267
34.372267
34.372267
34.372267
34.372267
34.372267
34.372267
34.372267
34.372267
34.372267
34.372267
34.372267
34.372267
34.372267
34.372267
39.026839
39.026839
39.026839
39.026839
39.026839
39.026839
39.026839
39.026839
39.026839
39.026839
39.026839
39.026839
39.026839
39.026839
39.026839
39.285089
39.285089
39.285089
39.285089
39.285089
39.285089
39.285089
39.285089
39.285089
39.285089
39.285089
39.285089
39.285089
39.285089
39.285089
39.813066
39.813066
39.813066
39.813066
39.813066
39.813066
39.813066
39.813066
39.813066
39.813066
39.813066
39.813066
39.813066
39.813066
39.813066
38.831992
38.831992
38.831992
38.831992
38.831992
38.831992
38.831992
38.831992
38.831992
38.831992
38.831992
38.831992
38.831992
38.831992
38.831992
42.629016
42.629016
42.629016
42.629016
42.629016
42.629016
42.629016
42.629016
42.629016
42.629016
42.629016
42.629016
42.629016
42.629016
42.629016
39.547471
39.547471
39.547471
39.547471
39.547471
39.547471
39.547471
39.547471
39.547471
39.547471
39.547471
39.547471
39.547471
39.547471
39.547471
41.129900
41.129900
41.129900
41.129900
41.129900
41.129900
41.129900
41.129900
41.129900
41.129900
41.129900
41.129900
41.129900
41.129900
41.129900
36.889863
36.889863
36.889863
36.889863
36.889863
36.889863
36.889863
36.889863
36.889863
36.889863
36.889863
36.889863
36.889863
36.889863
36.889863
41.341427
41.341427
41.341427
41.341427
41.341427
41.341427
41.341427
41.341427
41.341427
41.341427
41.341427
41.341427
41.341427
41.341427
41.341427
41.986740
41.986740
41.986740
41.986740
41.986740
41.986740
41.986740
41.986740
41.986740
41.986740
41.986740
41.986740
41.986740
41.986740
41.986740
39.752128
39.752128
39.752128
39.752128
39.752128
39.752128
39.752128
39.752128
39.752128
39.752128
39.752128
39.752128
39.752128
39.752128
39.752128
38.398915
38.398915
38.398915
38.398915
38.398915
38.398915
38.398915
38.398915
38.398915
38.398915
38.398915
38.398915
38.398915
38.398915
38.398915
40.901392
40.901392
40.901392
40.901392
40.901392
40.901392
40.901392
40.901392
40.901392
40.901392
40.901392
40.901392
40.901392
40.901392
40.901392
37.897146
37.897146
37.897146
37.897146
37.897146
37.897146
37.897146
37.897146
37.897146
37.897146
37.897146
37.897146
37.897146
37.897146
37.897146
38.169698
38.169698
38.169698
38.169698
38.169698
38.169698
38.169698
38.169698
38.169698
38.169698
38.169698
38.169698
38.169698
38.169698
38.169698
42.529340
42.529340
42.529340
42.529340
42.529340
42.529340
42.529340
42.529340
42.529340
42.529340
42.529340
42.529340
42.529340
42.529340
42.529340
42.018345
42.018345
42.018345
42.018345
42.018345
42.018345
42.018345
42.018345
42.018345
42.018345
42.018345
42.018345
42.018345
42.018345
42.018345
45.511211
45.511211
45.511211
45.511211
45.511211
45.511211
45.511211
45.511211
45.511211
45.511211
45.511211
45.511211
45.511211
45.511211
45.511211
45.870911
45.870911
45.870911
45.870911
45.870911
45.870911
45.870911
45.870911
45.870911
45.870911
45.870911
45.870911
45.870911
45.870911
45.870911
41.302778
41.302778
41.302778
41.302778
41.302778
41.302778
41.302778
41.302778
41.302778
41.302778
41.302778
41.302778
41.302778
41.302778
41.302778
41.248972
41.248972
41.248972
41.248972
41.248972
41.248972
41.248972
41.248972
41.248972
41.248972
41.248972
41.248972
41.248972
41.248972
41.248972
39.677422
39.677422
39.677422
39.677422
39.677422
39.677422
39.677422
39.677422
39.677422
39.677422
39.677422
39.677422
39.677422
39.677422
39.677422
34.959321
34.959321
34.959321
34.959321
34.959321
34.959321
34.959321
34.959321
34.959321
34.959321
34.959321
34.959321
34.959321
34.959321
34.959321
37.103339
37.103339
37.103339
37.103339
37.103339
37.103339
37.103339
37.103339
37.103339
37.103339
37.103339
37.103339
37.103339
37.103339
37.103339
28.446022
28.446022
28.446022
28.446022
28.446022
28.446022
28.446022
28.446022
28.446022
28.446022
28.446022
28.446022
28.446022
28.446022
28.446022
36.190658
36.190658
36.190658
36.190658
36.190658
36.190658
36.190658
36.190658
36.190658
36.190658
36.190658
36.190658
36.190658
36.190658
36.190658
34.741157
34.741157
34.741157
34.741157
34.741157
34.741157
34.741157
34.741157
34.741157
34.741157
34.741157
34.741157
34.741157
34.741157
34.741157
38.207407
38.207407
38.207407
38.207407
38.207407
38.207407
38.207407
38.207407
38.207407
38.207407
38.207407
38.207407
38.207407
38.207407
38.207407
38.815719
38.815719
38.815719
38.815719
38.815719
38.815719
38.815719
38.815719
38.815719
38.815719
38.815719
38.815719
38.815719
38.815719
38.815719
38.546912
38.546912
38.546912
38.546912
38.546912
38.546912
38.546912
38.546912
38.546912
38.546912
38.546912
38.546912
38.546912
38.546912
38.546912
39.313479
39.313479
39.313479
39.313479
39.313479
39.313479
39.313479
39.313479
39.313479
39.313479
39.313479
39.313479
39.313479
39.313479
39.313479
36.780107
36.780107
36.780107
36.780107
36.780107
36.780107
36.780107
36.780107
36.780107
36.780107
36.780107
36.780107
36.780107
36.780107
36.780107
39.262479
39.262479
39.262479
39.262479
39.262479
39.262479
39.262479
39.262479
39.262479
39.262479
39.262479
39.262479
39.262479
39.262479
39.262479
39.978366
39.978366
39.978366
39.978366
39.978366
39.978366
39.978366
39.978366
39.978366
39.978366
39.978366
39.978366
39.978366
39.978366
39.978366
38.549504
38.549504
38.549504
38.549504
38.549504
38.549504
38.549504
38.549504
38.549504
38.549504
38.549504
38.549504
38.549504
38.549504
38.549504
44.627454
44.627454
44.627454
44.627454
44.627454
44.627454
44.627454
44.627454
44.627454
44.627454
44.627454
44.627454
44.627454
44.627454
44.627454
40.306461
40.306461
40.306461
40.306461
40.306461
40.306461
40.306461
40.306461
40.306461
40.306461
40.306461
40.306461
40.306461
40.306461
40.306461
41.178720
41.178720
41.178720
41.178720
41.178720
41.178720
41.178720
41.178720
41.178720
41.178720
41.178720
41.178720
41.178720
41.178720
41.178720
45.086741
45.086741
45.086741
45.086741
45.086741
45.086741
45.086741
45.086741
45.086741
45.086741
45.086741
45.086741
45.086741
45.086741
45.086741
41.383202
41.383202
41.383202
41.383202
41.383202
41.383202
41.383202
41.383202
41.383202
41.383202
41.383202
41.383202
41.383202
41.383202
41.383202
43.461917
43.461917
43.461917
43.461917
43.461917
43.461917
43.461917
43.461917
43.461917
43.461917
43.461917
43.461917
43.461917
43.461917
43.461917
41.149299
41.149299
41.149299
41.149299
41.149299
41.149299
41.149299
41.149299
41.149299
41.149299
41.149299
41.149299
41.149299
41.149299
41.149299
42.439835
42.439835
42.439835
42.439835
42.439835
42.439835
42.439835
42.439835
42.439835
42.439835
42.439835
42.439835
42.439835
42.439835
42.439835
39.600122
39.600122
39.600122
39.600122
39.600122
39.600122
39.600122
39.600122
39.600122
39.600122
39.600122
39.600122
39.600122
39.600122
39.600122
38.020052
38.020052
38.020052
38.020052
38.020052
38.020052
38.020052
38.020052
38.020052
38.020052
38.020052
38.020052
38.020052
38.020052
38.020052
41.207434
41.207434
41.207434
41.207434
41.207434
41.207434
41.207434
41.207434
41.207434
41.207434
41.207434
41.207434
41.207434
41.207434
41.207434
45.461298
45.461298
45.461298
45.461298
45.461298
45.461298
45.461298
45.461298
45.461298
45.461298
45.461298
45.461298
45.461298
45.461298
45.461298
51.325449
51.325449
51.325449
51.325449
51.325449
51.325449
51.325449
51.325449
51.325449
51.325449
51.325449
51.325449
51.325449
51.325449
51.325449
45.959144
45.959144
45.959144
45.959144
45.959144
45.959144
45.959144
45.959144
45.959144
45.959144
45.959144
45.959144
45.959144
45.959144
45.959144
