73.255736
73.255736
73.255736
73.255736
73.255736
73.255736
73.255736
73.255736
73.255736
73.255736
73.255736
73.255736
73.255736
73.255736
73.255736
74.144505
74.144505
74.144505
74.144505
74.144505
74.144505
74.144505
74.144505
74.144505
74.144505
74.144505
74.144505
74.144505
74.144505
74.144505
74.402448
74.402448
74.402448
74.402448
74.402448
74.402448
74.402448
74.402448
74.402448
74.402448
74.402448
74.402448
74.402448
74.402448
74.402448
77.902767
77.902767
77.902767
77.902767
77.902767
77.902767
77.902767
77.902767
77.902767
77.902767
77.902767
77.902767
77.902767
77.902767
77.902767
72.978218
72.978218
72.978218
72.978218
72.978218
72.978218
72.978218
72.978218
72.978218
72.978218
72.978218
72.978218
72.978218
72.978218
72.978218
74.746179
74.746179
74.746179
74.746179
74.746179
74.746179
74.746179
74.746179
74.746179
74.746179
74.746179
74.746179
74.746179
74.746179
74.746179
70.407136
70.407136
70.407136
70.407136
70.407136
70.407136
70.407136
70.407136
70.407136
70.407136
70.407136
70.407136
70.407136
70.407136
70.407136
66.005205
66.005205
66.005205
66.005205
66.005205
66.005205
66.005205
66.005205
66.005205
66.005205
66.005205
66.005205
66.005205
66.005205
66.005205
67.900389
67.900389
67.900389
67.900389
67.900389
67.900389
67.900389
67.900389
67.900389
67.900389
67.900389
67.900389
67.900389
67.900389
67.900389
67.411871
67.411871
67.411871
67.411871
67.411871
67.411871
67.411871
67.411871
67.411871
67.411871
67.411871
67.411871
67.411871
67.411871
67.411871
67.087949
67.087949
67.087949
67.087949
67.087949
67.087949
67.087949
67.087949
67.087949
67.087949
67.087949
67.087949
67.087949
67.087949
67.087949
65.969205
65.969205
65.969205
65.969205
65.969205
65.969205
65.969205
65.969205
65.969205
65.969205
65.969205
65.969205
65.969205
65.969205
65.969205
61.610965
61.610965
61.610965
61.610965
61.610965
61.610965
61.610965
61.610965
61.610965
61.610965
61.610965
61.610965
61.610965
61.610965
61.610965
64.143985
64.143985
64.143985
64.143985
64.143985
64.143985
64.143985
64.143985
64.143985
64.143985
64.143985
64.143985
64.143985
64.143985
64.143985
64.702989
64.702989
64.702989
64.702989
64.702989
64.702989
64.702989
64.702989
64.702989
64.702989
64.702989
64.702989
64.702989
64.702989
64.702989
65.887247
65.887247
65.887247
65.887247
65.887247
65.887247
65.887247
65.887247
65.887247
65.887247
65.887247
65.887247
65.887247
65.887247
65.887247
71.961219
71.961219
71.961219
71.961219
71.961219
71.961219
71.961219
71.961219
71.961219
71.961219
71.961219
71.961219
71.961219
71.961219
71.961219
70.738945
70.738945
70.738945
70.738945
70.738945
70.738945
70.738945
70.738945
70.738945
70.738945
70.738945
70.738945
70.738945
70.738945
70.738945
67.172264
67.172264
67.172264
67.172264
67.172264
67.172264
67.172264
67.172264
67.172264
67.172264
67.172264
67.172264
67.172264
67.172264
67.172264
67.324982
67.324982
67.324982
67.324982
67.324982
67.324982
67.324982
67.324982
67.324982
67.324982
67.324982
67.324982
67.324982
67.324982
67.324982
67.091633
67.091633
67.091633
67.091633
67.091633
67.091633
67.091633
67.091633
67.091633
67.091633
67.091633
67.091633
67.091633
67.091633
67.091633
66.773473
66.773473
66.773473
66.773473
66.773473
66.773473
66.773473
66.773473
66.773473
66.773473
66.773473
66.773473
66.773473
66.773473
66.773473
63.197036
63.197036
63.197036
63.197036
63.197036
63.197036
63.197036
63.197036
63.197036
63.197036
63.197036
63.197036
63.197036
63.197036
63.197036
58.248921
58.248921
58.248921
58.248921
58.248921
58.248921
58.248921
58.248921
58.248921
58.248921
58.248921
58.248921
58.248921
58.248921
58.248921
55.952056
55.952056
55.952056
55.952056
55.952056
55.952056
55.952056
55.952056
55.952056
55.952056
55.952056
55.952056
55.952056
55.952056
55.952056
50.270175
50.270175
50.270175
50.270175
50.270175
50.270175
50.270175
50.270175
50.270175
50.270175
50.270175
50.270175
50.270175
50.270175
50.270175
57.070433
57.070433
57.070433
57.070433
57.070433
57.070433
57.070433
57.070433
57.070433
57.070433
57.070433
57.070433
57.070433
57.070433
57.070433
51.352860
51.352860
51.352860
51.352860
51.352860
51.352860
51.352860
51.352860
51.352860
51.352860
51.352860
51.352860
51.352860
51.352860
51.352860
51.256887
51.256887
51.256887
51.256887
51.256887
51.256887
51.256887
51.256887
51.256887
51.256887
51.256887
51.256887
51.256887
51.256887
51.256887
46.812831
46.812831
46.812831
46.812831
46.812831
46.812831
46.812831
46.812831
46.812831
46.812831
46.812831
46.812831
46.812831
46.812831
46.812831
41.631100
41.631100
41.631100
41.631100
41.631100
41.631100
41.631100
41.631100
41.631100
41.631100
41.631100
41.631100
41.631100
41.631100
41.631100
44.440387
44.440387
44.440387
44.440387
44.440387
44.440387
44.440387
44.440387
44.440387
44.440387
44.440387
44.440387
44.440387
44.440387
44.440387
44.580924
44.580924
44.580924
44.580924
44.580924
44.580924
44.580924
44.580924
44.580924
44.580924
44.580924
44.580924
44.580924
44.580924
44.580924
42.192373
42.192373
42.192373
42.192373
42.192373
42.192373
42.192373
42.192373
42.192373
42.192373
42.192373
42.192373
42.192373
42.192373
42.192373
37.621562
37.621562
37.621562
37.621562
37.621562
37.621562
37.621562
37.621562
37.621562
37.621562
37.621562
37.621562
37.621562
37.621562
37.621562
39.491146
39.491146
39.491146
39.491146
39.491146
39.491146
39.491146
39.491146
39.491146
39.491146
39.491146
39.491146
39.491146
39.491146
39.491146
47.765377
47.765377
47.765377
47.765377
47.765377
47.765377
47.765377
47.765377
47.765377
47.765377
47.765377
47.765377
47.765377
47.765377
47.765377
56.103101
56.103101
56.103101
56.103101
56.103101
56.103101
56.103101
56.103101
56.103101
56.103101
56.103101
56.103101
56.103101
56.103101
56.103101
57.359316
57.359316
57.359316
57.359316
57.359316
57.359316
57.359316
57.359316
57.359316
57.359316
57.359316
57.359316
57.359316
57.359316
57.359316
57.506070
57.506070
57.506070
57.506070
57.506070
57.506070
57.506070
57.506070
57.506070
57.506070
57.506070
57.506070
57.506070
57.506070
57.506070
54.386104
54.386104
54.386104
54.386104
54.386104
54.386104
54.386104
54.386104
54.386104
54.386104
54.386104
54.386104
54.386104
54.386104
54.386104
48.501313
48.501313
48.501313
48.501313
48.501313
48.501313
48.501313
48.501313
48.501313
48.501313
48.501313
48.501313
48.501313
48.501313
48.501313
53.638954
53.638954
53.638954
53.638954
53.638954
53.638954
53.638954
53.638954
53.638954
53.638954
53.638954
53.638954
53.638954
53.638954
53.638954
49.443948
49.443948
49.443948
49.443948
49.443948
49.443948
49.443948
49.443948
49.443948
49.443948
49.443948
49.443948
49.443948
49.443948
49.443948
50.486202
50.486202
50.486202
50.486202
50.486202
50.486202
50.486202
50.486202
50.486202
50.486202
50.486202
50.486202
50.486202
50.486202
50.486202
53.163967
53.163967
53.163967
53.163967
53.163967
53.163967
53.163967
53.163967
53.163967
53.163967
53.163967
53.163967
53.163967
53.163967
53.163967
52.514936
52.514936
52.514936
52.514936
52.514936
52.514936
52.514936
52.514936
52.514936
52.514936
52.514936
52.514936
52.514936
52.514936
52.514936
46.106887
46.106887
46.106887
46.106887
46.106887
46.106887
46.106887
46.106887
46.106887
46.106887
46.106887
46.106887
46.106887
46.106887
46.106887
46.372447
46.372447
46.372447
46.372447
46.372447
46.372447
46.372447
46.372447
46.372447
46.372447
46.372447
46.372447
46.372447
46.372447
46.372447
44.977645
44.977645
44.977645
44.977645
44.977645
44.977645
44.977645
44.977645
44.977645
44.977645
44.977645
44.977645
44.977645
44.977645
44.977645
45.091667
45.091667
45.091667
45.091667
45.091667
45.091667
45.091667
45.091667
45.091667
45.091667
45.091667
45.091667
45.091667
45.091667
45.091667
39.767894
39.767894
39.767894
39.767894
39.767894
39.767894
39.767894
39.767894
39.767894
39.767894
39.767894
39.767894
39.767894
39.767894
39.767894
51.756073
51.756073
51.756073
51.756073
51.756073
51.756073
51.756073
51.756073
51.756073
51.756073
51.756073
51.756073
51.756073
51.756073
51.756073
47.107885
47.107885
47.107885
47.107885
47.107885
47.107885
47.107885
47.107885
47.107885
47.107885
47.107885
47.107885
47.107885
47.107885
47.107885
59.156476
59.156476
59.156476
59.156476
59.156476
59.156476
59.156476
59.156476
59.156476
59.156476
59.156476
59.156476
59.156476
59.156476
59.156476
48.230133
48.230133
48.230133
48.230133
48.230133
48.230133
48.230133
48.230133
48.230133
48.230133
48.230133
48.230133
48.230133
48.230133
48.230133
43.965250
43.965250
43.965250
43.965250
43.965250
43.965250
43.965250
43.965250
43.965250
43.965250
43.965250
43.965250
43.965250
43.965250
43.965250
44.180526
44.180526
44.180526
44.180526
44.180526
44.180526
44.180526
44.180526
44.180526
44.180526
44.180526
44.180526
44.180526
44.180526
44.180526
46.333947
46.333947
46.333947
46.333947
46.333947
46.333947
46.333947
46.333947
46.333947
46.333947
46.333947
46.333947
46.333947
46.333947
46.333947
46.379712
46.379712
46.379712
46.379712
46.379712
46.379712
46.379712
46.379712
46.379712
46.379712
46.379712
46.379712
46.379712
46.379712
46.379712
50.661740
50.661740
50.661740
50.661740
50.661740
50.661740
50.661740
50.661740
50.661740
50.661740
50.661740
50.661740
50.661740
50.661740
50.661740
48.662167
48.662167
48.662167
48.662167
48.662167
48.662167
48.662167
48.662167
48.662167
48.662167
48.662167
48.662167
48.662167
48.662167
48.662167
53.800084
53.800084
53.800084
53.800084
53.800084
53.800084
53.800084
53.800084
53.800084
53.800084
53.800084
53.800084
53.800084
53.800084
53.800084
50.533865
50.533865
50.533865
50.533865
50.533865
50.533865
50.533865
50.533865
50.533865
50.533865
50.533865
50.533865
50.533865
50.533865
50.533865
51.467595
51.467595
51.467595
51.467595
51.467595
51.467595
51.467595
51.467595
51.467595
51.467595
51.467595
51.467595
51.467595
51.467595
51.467595
56.063570
56.063570
56.063570
56.063570
56.063570
56.063570
56.063570
56.063570
56.063570
56.063570
56.063570
56.063570
56.063570
56.063570
56.063570
53.779296
53.779296
53.779296
53.779296
53.779296
53.779296
53.779296
53.779296
53.779296
53.779296
53.779296
53.779296
53.779296
53.779296
53.779296
54.723404
54.723404
54.723404
54.723404
54.723404
54.723404
54.723404
54.723404
54.723404
54.723404
54.723404
54.723404
54.723404
54.723404
54.723404
51.833680
51.833680
51.833680
51.833680
51.833680
51.833680
51.833680
51.833680
51.833680
51.833680
51.833680
51.833680
51.833680
51.833680
51.833680
50.012870
50.012870
50.012870
50.012870
50.012870
50.012870
50.012870
50.012870
50.012870
50.012870
50.012870
50.012870
50.012870
50.012870
50.012870
61.541599
61.541599
61.541599
61.541599
61.541599
61.541599
61.541599
61.541599
61.541599
61.541599
61.541599
61.541599
61.541599
61.541599
61.541599
55.255956
55.255956
55.255956
55.255956
55.255956
55.255956
55.255956
55.255956
55.255956
55.255956
55.255956
55.255956
55.255956
55.255956
55.255956
51.496507
51.496507
51.496507
51.496507
51.496507
51.496507
51.496507
51.496507
51.496507
51.496507
51.496507
51.496507
51.496507
51.496507
51.496507
56.865101
56.865101
56.865101
56.865101
56.865101
56.865101
56.865101
56.865101
56.865101
56.865101
56.865101
56.865101
56.865101
56.865101
56.865101
55.399807
55.399807
55.399807
55.399807
55.399807
55.399807
55.399807
55.399807
55.399807
55.399807
55.399807
55.399807
55.399807
55.399807
55.399807
63.397463
63.397463
63.397463
63.397463
63.397463
63.397463
63.397463
63.397463
63.397463
63.397463
63.397463
63.397463
63.397463
63.397463
63.397463
61.615697
61.615697
61.615697
61.615697
61.615697
61.615697
61.615697
61.615697
61.615697
61.615697
61.615697
61.615697
61.615697
61.615697
61.615697
62.897533
62.897533
62.897533
62.897533
62.897533
62.897533
62.897533
62.897533
62.897533
62.897533
62.897533
62.897533
62.897533
62.897533
62.897533
62.458751
62.458751
62.458751
62.458751
62.458751
62.458751
62.458751
62.458751
62.458751
62.458751
62.458751
62.458751
62.458751
62.458751
62.458751
61.787322
61.787322
61.787322
61.787322
61.787322
61.787322
61.787322
61.787322
61.787322
61.787322
61.787322
61.787322
61.787322
61.787322
61.787322
58.533413
58.533413
58.533413
58.533413
58.533413
58.533413
58.533413
58.533413
58.533413
58.533413
58.533413
58.533413
58.533413
58.533413
58.533413
59.648249
59.648249
59.648249
59.648249
59.648249
59.648249
59.648249
59.648249
59.648249
59.648249
59.648249
59.648249
59.648249
59.648249
59.648249
59.345049
59.345049
59.345049
59.345049
59.345049
59.345049
59.345049
59.345049
59.345049
59.345049
59.345049
59.345049
59.345049
59.345049
59.345049
61.419331
61.419331
61.419331
61.419331
61.419331
61.419331
61.419331
61.419331
61.419331
61.419331
61.419331
61.419331
61.419331
61.419331
61.419331
66.506745
66.506745
66.506745
66.506745
66.506745
66.506745
66.506745
66.506745
66.506745
66.506745
66.506745
66.506745
66.506745
66.506745
66.506745
60.751449
60.751449
60.751449
60.751449
60.751449
60.751449
60.751449
60.751449
60.751449
60.751449
60.751449
60.751449
60.751449
60.751449
60.751449
61.037508
61.037508
61.037508
61.037508
61.037508
61.037508
61.037508
61.037508
61.037508
61.037508
61.037508
61.037508
61.037508
61.037508
61.037508
56.460381
56.460381
56.460381
56.460381
56.460381
56.460381
56.460381
56.460381
56.460381
56.460381
56.460381
56.460381
56.460381
56.460381
56.460381
63.673083
63.673083
63.673083
63.673083
63.673083
63.673083
63.673083
63.673083
63.673083
63.673083
63.673083
63.673083
63.673083
63.673083
63.673083
66.133774
66.133774
66.133774
66.133774
66.133774
66.133774
66.133774
66.133774
66.133774
66.133774
66.133774
66.133774
66.133774
66.133774
66.133774
69.859400
69.859400
69.859400
69.859400
69.859400
69.859400
69.859400
69.859400
69.859400
69.859400
69.859400
69.859400
69.859400
69.859400
69.859400
68.121964
68.121964
68.121964
68.121964
68.121964
68.121964
68.121964
68.121964
68.121964
68.121964
68.121964
68.121964
68.121964
68.121964
68.121964
69.413010
69.413010
69.413010
69.413010
69.413010
69.413010
69.413010
69.413010
69.413010
69.413010
69.413010
69.413010
69.413010
69.413010
69.413010
76.039732
76.039732
76.039732
76.039732
76.039732
76.039732
76.039732
76.039732
76.039732
76.039732
76.039732
76.039732
76.039732
76.039732
76.039732
72.569817
72.569817
72.569817
72.569817
72.569817
72.569817
72.569817
72.569817
72.569817
72.569817
72.569817
72.569817
72.569817
72.569817
72.569817
68.686840
68.686840
68.686840
68.686840
68.686840
68.686840
68.686840
68.686840
68.686840
68.686840
68.686840
68.686840
68.686840
68.686840
68.686840
