37.267207
37.267207
37.267207
37.267207
37.267207
37.267207
37.267207
37.267207
37.267207
37.267207
37.267207
37.267207
37.267207
37.267207
37.267207
39.819771
39.819771
39.819771
39.819771
39.819771
39.819771
39.819771
39.819771
39.819771
39.819771
39.819771
39.819771
39.819771
39.819771
39.819771
35.687444
35.687444
35.687444
35.687444
35.687444
35.687444
35.687444
35.687444
35.687444
35.687444
35.687444
35.687444
35.687444
35.687444
35.687444
39.443885
39.443885
39.443885
39.443885
39.443885
39.443885
39.443885
39.443885
39.443885
39.443885
39.443885
39.443885
39.443885
39.443885
39.443885
38.006401
38.006401
38.006401
38.006401
38.006401
38.006401
38.006401
38.006401
38.006401
38.006401
38.006401
38.006401
38.006401
38.006401
38.006401
35.925583
35.925583
35.925583
35.925583
35.925583
35.925583
35.925583
35.925583
35.925583
35.925583
35.925583
35.925583
35.925583
35.925583
35.925583
38.179371
38.179371
38.179371
38.179371
38.179371
38.179371
38.179371
38.179371
38.179371
38.179371
38.179371
38.179371
38.179371
38.179371
38.179371
37.664025
37.664025
37.664025
37.664025
37.664025
37.664025
37.664025
37.664025
37.664025
37.664025
37.664025
37.664025
37.664025
37.664025
37.664025
35.766221
35.766221
35.766221
35.766221
35.766221
35.766221
35.766221
35.766221
35.766221
35.766221
35.766221
35.766221
35.766221
35.766221
35.766221
34.811158
34.811158
34.811158
34.811158
34.811158
34.811158
34.811158
34.811158
34.811158
34.811158
34.811158
34.811158
34.811158
34.811158
34.811158
36.149490
36.149490
36.149490
36.149490
36.149490
36.149490
36.149490
36.149490
36.149490
36.149490
36.149490
36.149490
36.149490
36.149490
36.149490
34.544397
34.544397
34.544397
34.544397
34.544397
34.544397
34.544397
34.544397
34.544397
34.544397
34.544397
34.544397
34.544397
34.544397
34.544397
31.141062
31.141062
31.141062
31.141062
31.141062
31.141062
31.141062
31.141062
31.141062
31.141062
31.141062
31.141062
31.141062
31.141062
31.141062
32.616038
32.616038
32.616038
32.616038
32.616038
32.616038
32.616038
32.616038
32.616038
32.616038
32.616038
32.616038
32.616038
32.616038
32.616038
36.583365
36.583365
36.583365
36.583365
36.583365
36.583365
36.583365
36.583365
36.583365
36.583365
36.583365
36.583365
36.583365
36.583365
36.583365
36.089740
36.089740
36.089740
36.089740
36.089740
36.089740
36.089740
36.089740
36.089740
36.089740
36.089740
36.089740
36.089740
36.089740
36.089740
35.259894
35.259894
35.259894
35.259894
35.259894
35.259894
35.259894
35.259894
35.259894
35.259894
35.259894
35.259894
35.259894
35.259894
35.259894
34.423079
34.423079
34.423079
34.423079
34.423079
34.423079
34.423079
34.423079
34.423079
34.423079
34.423079
34.423079
34.423079
34.423079
34.423079
32.480363
32.480363
32.480363
32.480363
32.480363
32.480363
32.480363
32.480363
32.480363
32.480363
32.480363
32.480363
32.480363
32.480363
32.480363
32.676984
32.676984
32.676984
32.676984
32.676984
32.676984
32.676984
32.676984
32.676984
32.676984
32.676984
32.676984
32.676984
32.676984
32.676984
37.786551
37.786551
37.786551
37.786551
37.786551
37.786551
37.786551
37.786551
37.786551
37.786551
37.786551
37.786551
37.786551
37.786551
37.786551
35.771328
35.771328
35.771328
35.771328
35.771328
35.771328
35.771328
35.771328
35.771328
35.771328
35.771328
35.771328
35.771328
35.771328
35.771328
33.686069
33.686069
33.686069
33.686069
33.686069
33.686069
33.686069
33.686069
33.686069
33.686069
33.686069
33.686069
33.686069
33.686069
33.686069
32.801420
32.801420
32.801420
32.801420
32.801420
32.801420
32.801420
32.801420
32.801420
32.801420
32.801420
32.801420
32.801420
32.801420
32.801420
33.065075
33.065075
33.065075
33.065075
33.065075
33.065075
33.065075
33.065075
33.065075
33.065075
33.065075
33.065075
33.065075
33.065075
33.065075
32.181576
32.181576
32.181576
32.181576
32.181576
32.181576
32.181576
32.181576
32.181576
32.181576
32.181576
32.181576
32.181576
32.181576
32.181576
30.672608
30.672608
30.672608
30.672608
30.672608
30.672608
30.672608
30.672608
30.672608
30.672608
30.672608
30.672608
30.672608
30.672608
30.672608
29.882163
29.882163
29.882163
29.882163
29.882163
29.882163
29.882163
29.882163
29.882163
29.882163
29.882163
29.882163
29.882163
29.882163
29.882163
29.711390
29.711390
29.711390
29.711390
29.711390
29.711390
29.711390
29.711390
29.711390
29.711390
29.711390
29.711390
29.711390
29.711390
29.711390
30.288463
30.288463
30.288463
30.288463
30.288463
30.288463
30.288463
30.288463
30.288463
30.288463
30.288463
30.288463
30.288463
30.288463
30.288463
35.799063
35.799063
35.799063
35.799063
35.799063
35.799063
35.799063
35.799063
35.799063
35.799063
35.799063
35.799063
35.799063
35.799063
35.799063
32.855567
32.855567
32.855567
32.855567
32.855567
32.855567
32.855567
32.855567
32.855567
32.855567
32.855567
32.855567
32.855567
32.855567
32.855567
30.318039
30.318039
30.318039
30.318039
30.318039
30.318039
30.318039
30.318039
30.318039
30.318039
30.318039
30.318039
30.318039
30.318039
30.318039
32.949497
32.949497
32.949497
32.949497
32.949497
32.949497
32.949497
32.949497
32.949497
32.949497
32.949497
32.949497
32.949497
32.949497
32.949497
34.424366
34.424366
34.424366
34.424366
34.424366
34.424366
34.424366
34.424366
34.424366
34.424366
34.424366
34.424366
34.424366
34.424366
34.424366
34.584097
34.584097
34.584097
34.584097
34.584097
34.584097
34.584097
34.584097
34.584097
34.584097
34.584097
34.584097
34.584097
34.584097
34.584097
31.473200
31.473200
31.473200
31.473200
31.473200
31.473200
31.473200
31.473200
31.473200
31.473200
31.473200
31.473200
31.473200
31.473200
31.473200
30.047174
30.047174
30.047174
30.047174
30.047174
30.047174
30.047174
30.047174
30.047174
30.047174
30.047174
30.047174
30.047174
30.047174
30.047174
34.618493
34.618493
34.618493
34.618493
34.618493
34.618493
34.618493
34.618493
34.618493
34.618493
34.618493
34.618493
34.618493
34.618493
34.618493
32.365267
32.365267
32.365267
32.365267
32.365267
32.365267
32.365267
32.365267
32.365267
32.365267
32.365267
32.365267
32.365267
32.365267
32.365267
30.389742
30.389742
30.389742
30.389742
30.389742
30.389742
30.389742
30.389742
30.389742
30.389742
30.389742
30.389742
30.389742
30.389742
30.389742
32.485055
32.485055
32.485055
32.485055
32.485055
32.485055
32.485055
32.485055
32.485055
32.485055
32.485055
32.485055
32.485055
32.485055
32.485055
31.106034
31.106034
31.106034
31.106034
31.106034
31.106034
31.106034
31.106034
31.106034
31.106034
31.106034
31.106034
31.106034
31.106034
31.106034
30.486408
30.486408
30.486408
30.486408
30.486408
30.486408
30.486408
30.486408
30.486408
30.486408
30.486408
30.486408
30.486408
30.486408
30.486408
33.490055
33.490055
33.490055
33.490055
33.490055
33.490055
33.490055
33.490055
33.490055
33.490055
33.490055
33.490055
33.490055
33.490055
33.490055
30.519307
30.519307
30.519307
30.519307
30.519307
30.519307
30.519307
30.519307
30.519307
30.519307
30.519307
30.519307
30.519307
30.519307
30.519307
33.132035
33.132035
33.132035
33.132035
33.132035
33.132035
33.132035
33.132035
33.132035
33.132035
33.132035
33.132035
33.132035
33.132035
33.132035
34.157239
34.157239
34.157239
34.157239
34.157239
34.157239
34.157239
34.157239
34.157239
34.157239
34.157239
34.157239
34.157239
34.157239
34.157239
38.052703
38.052703
38.052703
38.052703
38.052703
38.052703
38.052703
38.052703
38.052703
38.052703
38.052703
38.052703
38.052703
38.052703
38.052703
33.736489
33.736489
33.736489
33.736489
33.736489
33.736489
33.736489
33.736489
33.736489
33.736489
33.736489
33.736489
33.736489
33.736489
33.736489
34.908236
34.908236
34.908236
34.908236
34.908236
34.908236
34.908236
34.908236
34.908236
34.908236
34.908236
34.908236
34.908236
34.908236
34.908236
36.735294
36.735294
36.735294
36.735294
36.735294
36.735294
36.735294
36.735294
36.735294
36.735294
36.735294
36.735294
36.735294
36.735294
36.735294
38.496793
38.496793
38.496793
38.496793
38.496793
38.496793
38.496793
38.496793
38.496793
38.496793
38.496793
38.496793
38.496793
38.496793
38.496793
37.702322
37.702322
37.702322
37.702322
37.702322
37.702322
37.702322
37.702322
37.702322
37.702322
37.702322
37.702322
37.702322
37.702322
37.702322
36.245869
36.245869
36.245869
36.245869
36.245869
36.245869
36.245869
36.245869
36.245869
36.245869
36.245869
36.245869
36.245869
36.245869
36.245869
39.198635
39.198635
39.198635
39.198635
39.198635
39.198635
39.198635
39.198635
39.198635
39.198635
39.198635
39.198635
39.198635
39.198635
39.198635
38.655361
38.655361
38.655361
38.655361
38.655361
38.655361
38.655361
38.655361
38.655361
38.655361
38.655361
38.655361
38.655361
38.655361
38.655361
35.890553
35.890553
35.890553
35.890553
35.890553
35.890553
35.890553
35.890553
35.890553
35.890553
35.890553
35.890553
35.890553
35.890553
35.890553
34.170664
34.170664
34.170664
34.170664
34.170664
34.170664
34.170664
34.170664
34.170664
34.170664
34.170664
34.170664
34.170664
34.170664
34.170664
32.777103
32.777103
32.777103
32.777103
32.777103
32.777103
32.777103
32.777103
32.777103
32.777103
32.777103
32.777103
32.777103
32.777103
32.777103
31.972152
31.972152
31.972152
31.972152
31.972152
31.972152
31.972152
31.972152
31.972152
31.972152
31.972152
31.972152
31.972152
31.972152
31.972152
33.354383
33.354383
33.354383
33.354383
33.354383
33.354383
33.354383
33.354383
33.354383
33.354383
33.354383
33.354383
33.354383
33.354383
33.354383
31.375119
31.375119
31.375119
31.375119
31.375119
31.375119
31.375119
31.375119
31.375119
31.375119
31.375119
31.375119
31.375119
31.375119
31.375119
32.789481
32.789481
32.789481
32.789481
32.789481
32.789481
32.789481
32.789481
32.789481
32.789481
32.789481
32.789481
32.789481
32.789481
32.789481
33.029655
33.029655
33.029655
33.029655
33.029655
33.029655
33.029655
33.029655
33.029655
33.029655
33.029655
33.029655
33.029655
33.029655
33.029655
33.527595
33.527595
33.527595
33.527595
33.527595
33.527595
33.527595
33.527595
33.527595
33.527595
33.527595
33.527595
33.527595
33.527595
33.527595
31.957955
31.957955
31.957955
31.957955
31.957955
31.957955
31.957955
31.957955
31.957955
31.957955
31.957955
31.957955
31.957955
31.957955
31.957955
31.861461
31.861461
31.861461
31.861461
31.861461
31.861461
31.861461
31.861461
31.861461
31.861461
31.861461
31.861461
31.861461
31.861461
31.861461
30.016595
30.016595
30.016595
30.016595
30.016595
30.016595
30.016595
30.016595
30.016595
30.016595
30.016595
30.016595
30.016595
30.016595
30.016595
29.655551
29.655551
29.655551
29.655551
29.655551
29.655551
29.655551
29.655551
29.655551
29.655551
29.655551
29.655551
29.655551
29.655551
29.655551
30.111192
30.111192
30.111192
30.111192
30.111192
30.111192
30.111192
30.111192
30.111192
30.111192
30.111192
30.111192
30.111192
30.111192
30.111192
29.903262
29.903262
29.903262
29.903262
29.903262
29.903262
29.903262
29.903262
29.903262
29.903262
29.903262
29.903262
29.903262
29.903262
29.903262
31.389647
31.389647
31.389647
31.389647
31.389647
31.389647
31.389647
31.389647
31.389647
31.389647
31.389647
31.389647
31.389647
31.389647
31.389647
33.311624
33.311624
33.311624
33.311624
33.311624
33.311624
33.311624
33.311624
33.311624
33.311624
33.311624
33.311624
33.311624
33.311624
33.311624
33.698321
33.698321
33.698321
33.698321
33.698321
33.698321
33.698321
33.698321
33.698321
33.698321
33.698321
33.698321
33.698321
33.698321
33.698321
35.369388
35.369388
35.369388
35.369388
35.369388
35.369388
35.369388
35.369388
35.369388
35.369388
35.369388
35.369388
35.369388
35.369388
35.369388
33.251077
33.251077
33.251077
33.251077
33.251077
33.251077
33.251077
33.251077
33.251077
33.251077
33.251077
33.251077
33.251077
33.251077
33.251077
36.070736
36.070736
36.070736
36.070736
36.070736
36.070736
36.070736
36.070736
36.070736
36.070736
36.070736
36.070736
36.070736
36.070736
36.070736
31.738900
31.738900
31.738900
31.738900
31.738900
31.738900
31.738900
31.738900
31.738900
31.738900
31.738900
31.738900
31.738900
31.738900
31.738900
34.412461
34.412461
34.412461
34.412461
34.412461
34.412461
34.412461
34.412461
34.412461
34.412461
34.412461
34.412461
34.412461
34.412461
34.412461
34.572273
34.572273
34.572273
34.572273
34.572273
34.572273
34.572273
34.572273
34.572273
34.572273
34.572273
34.572273
34.572273
34.572273
34.572273
38.049058
38.049058
38.049058
38.049058
38.049058
38.049058
38.049058
38.049058
38.049058
38.049058
38.049058
38.049058
38.049058
38.049058
38.049058
37.157633
37.157633
37.157633
37.157633
37.157633
37.157633
37.157633
37.157633
37.157633
37.157633
37.157633
37.157633
37.157633
37.157633
37.157633
37.221986
37.221986
37.221986
37.221986
37.221986
37.221986
37.221986
37.221986
37.221986
37.221986
37.221986
37.221986
37.221986
37.221986
37.221986
39.680472
39.680472
39.680472
39.680472
39.680472
39.680472
39.680472
39.680472
39.680472
39.680472
39.680472
39.680472
39.680472
39.680472
39.680472
40.835079
40.835079
40.835079
40.835079
40.835079
40.835079
40.835079
40.835079
40.835079
40.835079
40.835079
40.835079
40.835079
40.835079
40.835079
37.608315
37.608315
37.608315
37.608315
37.608315
37.608315
37.608315
37.608315
37.608315
37.608315
37.608315
37.608315
37.608315
37.608315
37.608315
37.932199
37.932199
37.932199
37.932199
37.932199
37.932199
37.932199
37.932199
37.932199
37.932199
37.932199
37.932199
37.932199
37.932199
37.932199
37.613801
37.613801
37.613801
37.613801
37.613801
37.613801
37.613801
37.613801
37.613801
37.613801
37.613801
37.613801
37.613801
37.613801
37.613801
37.817279
37.817279
37.817279
37.817279
37.817279
37.817279
37.817279
37.817279
37.817279
37.817279
37.817279
37.817279
37.817279
37.817279
37.817279
37.964757
37.964757
37.964757
37.964757
37.964757
37.964757
37.964757
37.964757
37.964757
37.964757
37.964757
37.964757
37.964757
37.964757
37.964757
37.052337
37.052337
37.052337
37.052337
37.052337
37.052337
37.052337
37.052337
37.052337
37.052337
37.052337
37.052337
37.052337
37.052337
37.052337
37.253171
37.253171
37.253171
37.253171
37.253171
37.253171
37.253171
37.253171
37.253171
37.253171
37.253171
37.253171
37.253171
37.253171
37.253171
38.219278
38.219278
38.219278
38.219278
38.219278
38.219278
38.219278
38.219278
38.219278
38.219278
38.219278
38.219278
38.219278
38.219278
38.219278
38.271043
38.271043
38.271043
38.271043
38.271043
38.271043
38.271043
38.271043
38.271043
38.271043
38.271043
38.271043
38.271043
38.271043
38.271043
40.855381
40.855381
40.855381
40.855381
40.855381
40.855381
40.855381
40.855381
40.855381
40.855381
40.855381
40.855381
40.855381
40.855381
40.855381
