17.650253
17.650253
17.650253
17.650253
17.650253
17.650253
17.650253
17.650253
17.650253
17.650253
17.650253
17.650253
17.650253
17.650253
17.650253
18.239256
18.239256
18.239256
18.239256
18.239256
18.239256
18.239256
18.239256
18.239256
18.239256
18.239256
18.239256
18.239256
18.239256
18.239256
17.024152
17.024152
17.024152
17.024152
17.024152
17.024152
17.024152
17.024152
17.024152
17.024152
17.024152
17.024152
17.024152
17.024152
17.024152
17.840456
17.840456
17.840456
17.840456
17.840456
17.840456
17.840456
17.840456
17.840456
17.840456
17.840456
17.840456
17.840456
17.840456
17.840456
18.477821
18.477821
18.477821
18.477821
18.477821
18.477821
18.477821
18.477821
18.477821
18.477821
18.477821
18.477821
18.477821
18.477821
18.477821
14.988416
14.988416
14.988416
14.988416
14.988416
14.988416
14.988416
14.988416
14.988416
14.988416
14.988416
14.988416
14.988416
14.988416
14.988416
14.992742
14.992742
14.992742
14.992742
14.992742
14.992742
14.992742
14.992742
14.992742
14.992742
14.992742
14.992742
14.992742
14.992742
14.992742
17.367481
17.367481
17.367481
17.367481
17.367481
17.367481
17.367481
17.367481
17.367481
17.367481
17.367481
17.367481
17.367481
17.367481
17.367481
14.003293
14.003293
14.003293
14.003293
14.003293
14.003293
14.003293
14.003293
14.003293
14.003293
14.003293
14.003293
14.003293
14.003293
14.003293
27.309910
27.309910
27.309910
27.309910
27.309910
27.309910
27.309910
27.309910
27.309910
27.309910
27.309910
27.309910
27.309910
27.309910
27.309910
18.558899
18.558899
18.558899
18.558899
18.558899
18.558899
18.558899
18.558899
18.558899
18.558899
18.558899
18.558899
18.558899
18.558899
18.558899
22.056002
22.056002
22.056002
22.056002
22.056002
22.056002
22.056002
22.056002
22.056002
22.056002
22.056002
22.056002
22.056002
22.056002
22.056002
21.885816
21.885816
21.885816
21.885816
21.885816
21.885816
21.885816
21.885816
21.885816
21.885816
21.885816
21.885816
21.885816
21.885816
21.885816
20.611053
20.611053
20.611053
20.611053
20.611053
20.611053
20.611053
20.611053
20.611053
20.611053
20.611053
20.611053
20.611053
20.611053
20.611053
19.733135
19.733135
19.733135
19.733135
19.733135
19.733135
19.733135
19.733135
19.733135
19.733135
19.733135
19.733135
19.733135
19.733135
19.733135
20.084804
20.084804
20.084804
20.084804
20.084804
20.084804
20.084804
20.084804
20.084804
20.084804
20.084804
20.084804
20.084804
20.084804
20.084804
17.560677
17.560677
17.560677
17.560677
17.560677
17.560677
17.560677
17.560677
17.560677
17.560677
17.560677
17.560677
17.560677
17.560677
17.560677
20.148235
20.148235
20.148235
20.148235
20.148235
20.148235
20.148235
20.148235
20.148235
20.148235
20.148235
20.148235
20.148235
20.148235
20.148235
19.948496
19.948496
19.948496
19.948496
19.948496
19.948496
19.948496
19.948496
19.948496
19.948496
19.948496
19.948496
19.948496
19.948496
19.948496
21.601904
21.601904
21.601904
21.601904
21.601904
21.601904
21.601904
21.601904
21.601904
21.601904
21.601904
21.601904
21.601904
21.601904
21.601904
17.743943
17.743943
17.743943
17.743943
17.743943
17.743943
17.743943
17.743943
17.743943
17.743943
17.743943
17.743943
17.743943
17.743943
17.743943
15.588891
15.588891
15.588891
15.588891
15.588891
15.588891
15.588891
15.588891
15.588891
15.588891
15.588891
15.588891
15.588891
15.588891
15.588891
16.217950
16.217950
16.217950
16.217950
16.217950
16.217950
16.217950
16.217950
16.217950
16.217950
16.217950
16.217950
16.217950
16.217950
16.217950
12.363815
12.363815
12.363815
12.363815
12.363815
12.363815
12.363815
12.363815
12.363815
12.363815
12.363815
12.363815
12.363815
12.363815
12.363815
14.923464
14.923464
14.923464
14.923464
14.923464
14.923464
14.923464
14.923464
14.923464
14.923464
14.923464
14.923464
14.923464
14.923464
14.923464
15.277504
15.277504
15.277504
15.277504
15.277504
15.277504
15.277504
15.277504
15.277504
15.277504
15.277504
15.277504
15.277504
15.277504
15.277504
17.926676
17.926676
17.926676
17.926676
17.926676
17.926676
17.926676
17.926676
17.926676
17.926676
17.926676
17.926676
17.926676
17.926676
17.926676
14.101397
14.101397
14.101397
14.101397
14.101397
14.101397
14.101397
14.101397
14.101397
14.101397
14.101397
14.101397
14.101397
14.101397
14.101397
17.170202
17.170202
17.170202
17.170202
17.170202
17.170202
17.170202
17.170202
17.170202
17.170202
17.170202
17.170202
17.170202
17.170202
17.170202
12.572481
12.572481
12.572481
12.572481
12.572481
12.572481
12.572481
12.572481
12.572481
12.572481
12.572481
12.572481
12.572481
12.572481
12.572481
13.307362
13.307362
13.307362
13.307362
13.307362
13.307362
13.307362
13.307362
13.307362
13.307362
13.307362
13.307362
13.307362
13.307362
13.307362
16.148707
16.148707
16.148707
16.148707
16.148707
16.148707
16.148707
16.148707
16.148707
16.148707
16.148707
16.148707
16.148707
16.148707
16.148707
12.342118
12.342118
12.342118
12.342118
12.342118
12.342118
12.342118
12.342118
12.342118
12.342118
12.342118
12.342118
12.342118
12.342118
12.342118
13.346603
13.346603
13.346603
13.346603
13.346603
13.346603
13.346603
13.346603
13.346603
13.346603
13.346603
13.346603
13.346603
13.346603
13.346603
15.614552
15.614552
15.614552
15.614552
15.614552
15.614552
15.614552
15.614552
15.614552
15.614552
15.614552
15.614552
15.614552
15.614552
15.614552
9.984751
9.984751
9.984751
9.984751
9.984751
9.984751
9.984751
9.984751
9.984751
9.984751
9.984751
9.984751
9.984751
9.984751
9.984751
11.376185
11.376185
11.376185
11.376185
11.376185
11.376185
11.376185
11.376185
11.376185
11.376185
11.376185
11.376185
11.376185
11.376185
11.376185
11.555678
11.555678
11.555678
11.555678
11.555678
11.555678
11.555678
11.555678
11.555678
11.555678
11.555678
11.555678
11.555678
11.555678
11.555678
6.694669
6.694669
6.694669
6.694669
6.694669
6.694669
6.694669
6.694669
6.694669
6.694669
6.694669
6.694669
6.694669
6.694669
6.694669
9.904728
9.904728
9.904728
9.904728
9.904728
9.904728
9.904728
9.904728
9.904728
9.904728
9.904728
9.904728
9.904728
9.904728
9.904728
27.303277
27.303277
27.303277
27.303277
27.303277
27.303277
27.303277
27.303277
27.303277
27.303277
27.303277
27.303277
27.303277
27.303277
27.303277
9.671512
9.671512
9.671512
9.671512
9.671512
9.671512
9.671512
9.671512
9.671512
9.671512
9.671512
9.671512
9.671512
9.671512
9.671512
10.437293
10.437293
10.437293
10.437293
10.437293
10.437293
10.437293
10.437293
10.437293
10.437293
10.437293
10.437293
10.437293
10.437293
10.437293
14.862438
14.862438
14.862438
14.862438
14.862438
14.862438
14.862438
14.862438
14.862438
14.862438
14.862438
14.862438
14.862438
14.862438
14.862438
14.651437
14.651437
14.651437
14.651437
14.651437
14.651437
14.651437
14.651437
14.651437
14.651437
14.651437
14.651437
14.651437
14.651437
14.651437
20.074182
20.074182
20.074182
20.074182
20.074182
20.074182
20.074182
20.074182
20.074182
20.074182
20.074182
20.074182
20.074182
20.074182
20.074182
23.767231
23.767231
23.767231
23.767231
23.767231
23.767231
23.767231
23.767231
23.767231
23.767231
23.767231
23.767231
23.767231
23.767231
23.767231
10.999999
10.999999
10.999999
10.999999
10.999999
10.999999
10.999999
10.999999
10.999999
10.999999
10.999999
10.999999
10.999999
10.999999
10.999999
11.323552
11.323552
11.323552
11.323552
11.323552
11.323552
11.323552
11.323552
11.323552
11.323552
11.323552
11.323552
11.323552
11.323552
11.323552
11.921103
11.921103
11.921103
11.921103
11.921103
11.921103
11.921103
11.921103
11.921103
11.921103
11.921103
11.921103
11.921103
11.921103
11.921103
11.569019
11.569019
11.569019
11.569019
11.569019
11.569019
11.569019
11.569019
11.569019
11.569019
11.569019
11.569019
11.569019
11.569019
11.569019
11.496729
11.496729
11.496729
11.496729
11.496729
11.496729
11.496729
11.496729
11.496729
11.496729
11.496729
11.496729
11.496729
11.496729
11.496729
13.086707
13.086707
13.086707
13.086707
13.086707
13.086707
13.086707
13.086707
13.086707
13.086707
13.086707
13.086707
13.086707
13.086707
13.086707
10.377704
10.377704
10.377704
10.377704
10.377704
10.377704
10.377704
10.377704
10.377704
10.377704
10.377704
10.377704
10.377704
10.377704
10.377704
10.780277
10.780277
10.780277
10.780277
10.780277
10.780277
10.780277
10.780277
10.780277
10.780277
10.780277
10.780277
10.780277
10.780277
10.780277
13.979419
13.979419
13.979419
13.979419
13.979419
13.979419
13.979419
13.979419
13.979419
13.979419
13.979419
13.979419
13.979419
13.979419
13.979419
10.055519
10.055519
10.055519
10.055519
10.055519
10.055519
10.055519
10.055519
10.055519
10.055519
10.055519
10.055519
10.055519
10.055519
10.055519
15.309481
15.309481
15.309481
15.309481
15.309481
15.309481
15.309481
15.309481
15.309481
15.309481
15.309481
15.309481
15.309481
15.309481
15.309481
18.442890
18.442890
18.442890
18.442890
18.442890
18.442890
18.442890
18.442890
18.442890
18.442890
18.442890
18.442890
18.442890
18.442890
18.442890
17.505002
17.505002
17.505002
17.505002
17.505002
17.505002
17.505002
17.505002
17.505002
17.505002
17.505002
17.505002
17.505002
17.505002
17.505002
12.201816
12.201816
12.201816
12.201816
12.201816
12.201816
12.201816
12.201816
12.201816
12.201816
12.201816
12.201816
12.201816
12.201816
12.201816
29.109403
29.109403
29.109403
29.109403
29.109403
29.109403
29.109403
29.109403
29.109403
29.109403
29.109403
29.109403
29.109403
29.109403
29.109403
37.040582
37.040582
37.040582
37.040582
37.040582
37.040582
37.040582
37.040582
37.040582
37.040582
37.040582
37.040582
37.040582
37.040582
37.040582
36.160293
36.160293
36.160293
36.160293
36.160293
36.160293
36.160293
36.160293
36.160293
36.160293
36.160293
36.160293
36.160293
36.160293
36.160293
38.032158
38.032158
38.032158
38.032158
38.032158
38.032158
38.032158
38.032158
38.032158
38.032158
38.032158
38.032158
38.032158
38.032158
38.032158
38.929472
38.929472
38.929472
38.929472
38.929472
38.929472
38.929472
38.929472
38.929472
38.929472
38.929472
38.929472
38.929472
38.929472
38.929472
36.919277
36.919277
36.919277
36.919277
36.919277
36.919277
36.919277
36.919277
36.919277
36.919277
36.919277
36.919277
36.919277
36.919277
36.919277
25.421663
25.421663
25.421663
25.421663
25.421663
25.421663
25.421663
25.421663
25.421663
25.421663
25.421663
25.421663
25.421663
25.421663
25.421663
30.718812
30.718812
30.718812
30.718812
30.718812
30.718812
30.718812
30.718812
30.718812
30.718812
30.718812
30.718812
30.718812
30.718812
30.718812
27.815868
27.815868
27.815868
27.815868
27.815868
27.815868
27.815868
27.815868
27.815868
27.815868
27.815868
27.815868
27.815868
27.815868
27.815868
27.587391
27.587391
27.587391
27.587391
27.587391
27.587391
27.587391
27.587391
27.587391
27.587391
27.587391
27.587391
27.587391
27.587391
27.587391
26.485391
26.485391
26.485391
26.485391
26.485391
26.485391
26.485391
26.485391
26.485391
26.485391
26.485391
26.485391
26.485391
26.485391
26.485391
30.201263
30.201263
30.201263
30.201263
30.201263
30.201263
30.201263
30.201263
30.201263
30.201263
30.201263
30.201263
30.201263
30.201263
30.201263
37.580859
37.580859
37.580859
37.580859
37.580859
37.580859
37.580859
37.580859
37.580859
37.580859
37.580859
37.580859
37.580859
37.580859
37.580859
99.038105
99.038105
99.038105
99.038105
99.038105
99.038105
99.038105
99.038105
99.038105
99.038105
99.038105
99.038105
99.038105
99.038105
99.038105
98.516179
98.516179
98.516179
98.516179
98.516179
98.516179
98.516179
98.516179
98.516179
98.516179
98.516179
98.516179
98.516179
98.516179
98.516179
91.545430
91.545430
91.545430
91.545430
91.545430
91.545430
91.545430
91.545430
91.545430
91.545430
91.545430
91.545430
91.545430
91.545430
91.545430
89.173439
89.173439
89.173439
89.173439
89.173439
89.173439
89.173439
89.173439
89.173439
89.173439
89.173439
89.173439
89.173439
89.173439
89.173439
88.401931
88.401931
88.401931
88.401931
88.401931
88.401931
88.401931
88.401931
88.401931
88.401931
88.401931
88.401931
88.401931
88.401931
88.401931
86.310767
86.310767
86.310767
86.310767
86.310767
86.310767
86.310767
86.310767
86.310767
86.310767
86.310767
86.310767
86.310767
86.310767
86.310767
84.519496
84.519496
84.519496
84.519496
84.519496
84.519496
84.519496
84.519496
84.519496
84.519496
84.519496
84.519496
84.519496
84.519496
84.519496
80.448977
80.448977
80.448977
80.448977
80.448977
80.448977
80.448977
80.448977
80.448977
80.448977
80.448977
80.448977
80.448977
80.448977
80.448977
83.565860
83.565860
83.565860
83.565860
83.565860
83.565860
83.565860
83.565860
83.565860
83.565860
83.565860
83.565860
83.565860
83.565860
83.565860
88.233922
88.233922
88.233922
88.233922
88.233922
88.233922
88.233922
88.233922
88.233922
88.233922
88.233922
88.233922
88.233922
88.233922
88.233922
80.159329
80.159329
80.159329
80.159329
80.159329
80.159329
80.159329
80.159329
80.159329
80.159329
80.159329
80.159329
80.159329
80.159329
80.159329
33.286427
33.286427
33.286427
33.286427
33.286427
33.286427
33.286427
33.286427
33.286427
33.286427
33.286427
33.286427
33.286427
33.286427
33.286427
27.424106
27.424106
27.424106
27.424106
27.424106
27.424106
27.424106
27.424106
27.424106
27.424106
27.424106
27.424106
27.424106
27.424106
27.424106
24.261177
24.261177
24.261177
24.261177
24.261177
24.261177
24.261177
24.261177
24.261177
24.261177
24.261177
24.261177
24.261177
24.261177
24.261177
20.813921
20.813921
20.813921
20.813921
20.813921
20.813921
20.813921
20.813921
20.813921
20.813921
20.813921
20.813921
20.813921
20.813921
20.813921
21.538645
21.538645
21.538645
21.538645
21.538645
21.538645
21.538645
21.538645
21.538645
21.538645
21.538645
21.538645
21.538645
21.538645
21.538645
31.479431
31.479431
31.479431
31.479431
31.479431
31.479431
31.479431
31.479431
31.479431
31.479431
31.479431
31.479431
31.479431
31.479431
31.479431
23.315660
23.315660
23.315660
23.315660
23.315660
23.315660
23.315660
23.315660
23.315660
23.315660
23.315660
23.315660
23.315660
23.315660
23.315660
23.401065
23.401065
23.401065
23.401065
23.401065
23.401065
23.401065
23.401065
23.401065
23.401065
23.401065
23.401065
23.401065
23.401065
23.401065
31.020162
31.020162
31.020162
31.020162
31.020162
31.020162
31.020162
31.020162
31.020162
31.020162
31.020162
31.020162
31.020162
31.020162
31.020162
22.423832
22.423832
22.423832
22.423832
22.423832
22.423832
22.423832
22.423832
22.423832
22.423832
22.423832
22.423832
22.423832
22.423832
22.423832
15.793166
15.793166
15.793166
15.793166
15.793166
15.793166
15.793166
15.793166
15.793166
15.793166
15.793166
15.793166
15.793166
15.793166
15.793166
