74.559440
74.559440
74.559440
74.559440
74.559440
74.559440
74.559440
74.559440
74.559440
74.559440
74.559440
74.559440
74.559440
74.559440
74.559440
76.224954
76.224954
76.224954
76.224954
76.224954
76.224954
76.224954
76.224954
76.224954
76.224954
76.224954
76.224954
76.224954
76.224954
76.224954
77.491013
77.491013
77.491013
77.491013
77.491013
77.491013
77.491013
77.491013
77.491013
77.491013
77.491013
77.491013
77.491013
77.491013
77.491013
82.223108
82.223108
82.223108
82.223108
82.223108
82.223108
82.223108
82.223108
82.223108
82.223108
82.223108
82.223108
82.223108
82.223108
82.223108
76.612595
76.612595
76.612595
76.612595
76.612595
76.612595
76.612595
76.612595
76.612595
76.612595
76.612595
76.612595
76.612595
76.612595
76.612595
74.967307
74.967307
74.967307
74.967307
74.967307
74.967307
74.967307
74.967307
74.967307
74.967307
74.967307
74.967307
74.967307
74.967307
74.967307
76.019642
76.019642
76.019642
76.019642
76.019642
76.019642
76.019642
76.019642
76.019642
76.019642
76.019642
76.019642
76.019642
76.019642
76.019642
78.299296
78.299296
78.299296
78.299296
78.299296
78.299296
78.299296
78.299296
78.299296
78.299296
78.299296
78.299296
78.299296
78.299296
78.299296
77.611700
77.611700
77.611700
77.611700
77.611700
77.611700
77.611700
77.611700
77.611700
77.611700
77.611700
77.611700
77.611700
77.611700
77.611700
78.889644
78.889644
78.889644
78.889644
78.889644
78.889644
78.889644
78.889644
78.889644
78.889644
78.889644
78.889644
78.889644
78.889644
78.889644
78.584784
78.584784
78.584784
78.584784
78.584784
78.584784
78.584784
78.584784
78.584784
78.584784
78.584784
78.584784
78.584784
78.584784
78.584784
76.128450
76.128450
76.128450
76.128450
76.128450
76.128450
76.128450
76.128450
76.128450
76.128450
76.128450
76.128450
76.128450
76.128450
76.128450
73.301094
73.301094
73.301094
73.301094
73.301094
73.301094
73.301094
73.301094
73.301094
73.301094
73.301094
73.301094
73.301094
73.301094
73.301094
75.736576
75.736576
75.736576
75.736576
75.736576
75.736576
75.736576
75.736576
75.736576
75.736576
75.736576
75.736576
75.736576
75.736576
75.736576
66.702797
66.702797
66.702797
66.702797
66.702797
66.702797
66.702797
66.702797
66.702797
66.702797
66.702797
66.702797
66.702797
66.702797
66.702797
67.532475
67.532475
67.532475
67.532475
67.532475
67.532475
67.532475
67.532475
67.532475
67.532475
67.532475
67.532475
67.532475
67.532475
67.532475
67.236676
67.236676
67.236676
67.236676
67.236676
67.236676
67.236676
67.236676
67.236676
67.236676
67.236676
67.236676
67.236676
67.236676
67.236676
69.008213
69.008213
69.008213
69.008213
69.008213
69.008213
69.008213
69.008213
69.008213
69.008213
69.008213
69.008213
69.008213
69.008213
69.008213
64.667410
64.667410
64.667410
64.667410
64.667410
64.667410
64.667410
64.667410
64.667410
64.667410
64.667410
64.667410
64.667410
64.667410
64.667410
64.946084
64.946084
64.946084
64.946084
64.946084
64.946084
64.946084
64.946084
64.946084
64.946084
64.946084
64.946084
64.946084
64.946084
64.946084
63.699625
63.699625
63.699625
63.699625
63.699625
63.699625
63.699625
63.699625
63.699625
63.699625
63.699625
63.699625
63.699625
63.699625
63.699625
65.029812
65.029812
65.029812
65.029812
65.029812
65.029812
65.029812
65.029812
65.029812
65.029812
65.029812
65.029812
65.029812
65.029812
65.029812
65.208875
65.208875
65.208875
65.208875
65.208875
65.208875
65.208875
65.208875
65.208875
65.208875
65.208875
65.208875
65.208875
65.208875
65.208875
56.496386
56.496386
56.496386
56.496386
56.496386
56.496386
56.496386
56.496386
56.496386
56.496386
56.496386
56.496386
56.496386
56.496386
56.496386
51.613771
51.613771
51.613771
51.613771
51.613771
51.613771
51.613771
51.613771
51.613771
51.613771
51.613771
51.613771
51.613771
51.613771
51.613771
49.546115
49.546115
49.546115
49.546115
49.546115
49.546115
49.546115
49.546115
49.546115
49.546115
49.546115
49.546115
49.546115
49.546115
49.546115
53.738956
53.738956
53.738956
53.738956
53.738956
53.738956
53.738956
53.738956
53.738956
53.738956
53.738956
53.738956
53.738956
53.738956
53.738956
51.934262
51.934262
51.934262
51.934262
51.934262
51.934262
51.934262
51.934262
51.934262
51.934262
51.934262
51.934262
51.934262
51.934262
51.934262
52.995275
52.995275
52.995275
52.995275
52.995275
52.995275
52.995275
52.995275
52.995275
52.995275
52.995275
52.995275
52.995275
52.995275
52.995275
50.091193
50.091193
50.091193
50.091193
50.091193
50.091193
50.091193
50.091193
50.091193
50.091193
50.091193
50.091193
50.091193
50.091193
50.091193
44.816110
44.816110
44.816110
44.816110
44.816110
44.816110
44.816110
44.816110
44.816110
44.816110
44.816110
44.816110
44.816110
44.816110
44.816110
42.217887
42.217887
42.217887
42.217887
42.217887
42.217887
42.217887
42.217887
42.217887
42.217887
42.217887
42.217887
42.217887
42.217887
42.217887
40.979642
40.979642
40.979642
40.979642
40.979642
40.979642
40.979642
40.979642
40.979642
40.979642
40.979642
40.979642
40.979642
40.979642
40.979642
45.772087
45.772087
45.772087
45.772087
45.772087
45.772087
45.772087
45.772087
45.772087
45.772087
45.772087
45.772087
45.772087
45.772087
45.772087
33.531028
33.531028
33.531028
33.531028
33.531028
33.531028
33.531028
33.531028
33.531028
33.531028
33.531028
33.531028
33.531028
33.531028
33.531028
31.454916
31.454916
31.454916
31.454916
31.454916
31.454916
31.454916
31.454916
31.454916
31.454916
31.454916
31.454916
31.454916
31.454916
31.454916
32.968465
32.968465
32.968465
32.968465
32.968465
32.968465
32.968465
32.968465
32.968465
32.968465
32.968465
32.968465
32.968465
32.968465
32.968465
33.739223
33.739223
33.739223
33.739223
33.739223
33.739223
33.739223
33.739223
33.739223
33.739223
33.739223
33.739223
33.739223
33.739223
33.739223
32.288347
32.288347
32.288347
32.288347
32.288347
32.288347
32.288347
32.288347
32.288347
32.288347
32.288347
32.288347
32.288347
32.288347
32.288347
33.273995
33.273995
33.273995
33.273995
33.273995
33.273995
33.273995
33.273995
33.273995
33.273995
33.273995
33.273995
33.273995
33.273995
33.273995
30.402429
30.402429
30.402429
30.402429
30.402429
30.402429
30.402429
30.402429
30.402429
30.402429
30.402429
30.402429
30.402429
30.402429
30.402429
40.093592
40.093592
40.093592
40.093592
40.093592
40.093592
40.093592
40.093592
40.093592
40.093592
40.093592
40.093592
40.093592
40.093592
40.093592
31.968126
31.968126
31.968126
31.968126
31.968126
31.968126
31.968126
31.968126
31.968126
31.968126
31.968126
31.968126
31.968126
31.968126
31.968126
29.051180
29.051180
29.051180
29.051180
29.051180
29.051180
29.051180
29.051180
29.051180
29.051180
29.051180
29.051180
29.051180
29.051180
29.051180
22.629622
22.629622
22.629622
22.629622
22.629622
22.629622
22.629622
22.629622
22.629622
22.629622
22.629622
22.629622
22.629622
22.629622
22.629622
25.197475
25.197475
25.197475
25.197475
25.197475
25.197475
25.197475
25.197475
25.197475
25.197475
25.197475
25.197475
25.197475
25.197475
25.197475
23.727606
23.727606
23.727606
23.727606
23.727606
23.727606
23.727606
23.727606
23.727606
23.727606
23.727606
23.727606
23.727606
23.727606
23.727606
22.702258
22.702258
22.702258
22.702258
22.702258
22.702258
22.702258
22.702258
22.702258
22.702258
22.702258
22.702258
22.702258
22.702258
22.702258
22.238747
22.238747
22.238747
22.238747
22.238747
22.238747
22.238747
22.238747
22.238747
22.238747
22.238747
22.238747
22.238747
22.238747
22.238747
22.678217
22.678217
22.678217
22.678217
22.678217
22.678217
22.678217
22.678217
22.678217
22.678217
22.678217
22.678217
22.678217
22.678217
22.678217
28.949531
28.949531
28.949531
28.949531
28.949531
28.949531
28.949531
28.949531
28.949531
28.949531
28.949531
28.949531
28.949531
28.949531
28.949531
42.582619
42.582619
42.582619
42.582619
42.582619
42.582619
42.582619
42.582619
42.582619
42.582619
42.582619
42.582619
42.582619
42.582619
42.582619
45.642347
45.642347
45.642347
45.642347
45.642347
45.642347
45.642347
45.642347
45.642347
45.642347
45.642347
45.642347
45.642347
45.642347
45.642347
41.414847
41.414847
41.414847
41.414847
41.414847
41.414847
41.414847
41.414847
41.414847
41.414847
41.414847
41.414847
41.414847
41.414847
41.414847
39.518801
39.518801
39.518801
39.518801
39.518801
39.518801
39.518801
39.518801
39.518801
39.518801
39.518801
39.518801
39.518801
39.518801
39.518801
43.320129
43.320129
43.320129
43.320129
43.320129
43.320129
43.320129
43.320129
43.320129
43.320129
43.320129
43.320129
43.320129
43.320129
43.320129
49.765258
49.765258
49.765258
49.765258
49.765258
49.765258
49.765258
49.765258
49.765258
49.765258
49.765258
49.765258
49.765258
49.765258
49.765258
50.361233
50.361233
50.361233
50.361233
50.361233
50.361233
50.361233
50.361233
50.361233
50.361233
50.361233
50.361233
50.361233
50.361233
50.361233
53.597252
53.597252
53.597252
53.597252
53.597252
53.597252
53.597252
53.597252
53.597252
53.597252
53.597252
53.597252
53.597252
53.597252
53.597252
49.072077
49.072077
49.072077
49.072077
49.072077
49.072077
49.072077
49.072077
49.072077
49.072077
49.072077
49.072077
49.072077
49.072077
49.072077
38.832118
38.832118
38.832118
38.832118
38.832118
38.832118
38.832118
38.832118
38.832118
38.832118
38.832118
38.832118
38.832118
38.832118
38.832118
42.332268
42.332268
42.332268
42.332268
42.332268
42.332268
42.332268
42.332268
42.332268
42.332268
42.332268
42.332268
42.332268
42.332268
42.332268
48.445886
48.445886
48.445886
48.445886
48.445886
48.445886
48.445886
48.445886
48.445886
48.445886
48.445886
48.445886
48.445886
48.445886
48.445886
55.257365
55.257365
55.257365
55.257365
55.257365
55.257365
55.257365
55.257365
55.257365
55.257365
55.257365
55.257365
55.257365
55.257365
55.257365
51.766543
51.766543
51.766543
51.766543
51.766543
51.766543
51.766543
51.766543
51.766543
51.766543
51.766543
51.766543
51.766543
51.766543
51.766543
44.744988
44.744988
44.744988
44.744988
44.744988
44.744988
44.744988
44.744988
44.744988
44.744988
44.744988
44.744988
44.744988
44.744988
44.744988
33.724426
33.724426
33.724426
33.724426
33.724426
33.724426
33.724426
33.724426
33.724426
33.724426
33.724426
33.724426
33.724426
33.724426
33.724426
34.531043
34.531043
34.531043
34.531043
34.531043
34.531043
34.531043
34.531043
34.531043
34.531043
34.531043
34.531043
34.531043
34.531043
34.531043
48.640280
48.640280
48.640280
48.640280
48.640280
48.640280
48.640280
48.640280
48.640280
48.640280
48.640280
48.640280
48.640280
48.640280
48.640280
44.313318
44.313318
44.313318
44.313318
44.313318
44.313318
44.313318
44.313318
44.313318
44.313318
44.313318
44.313318
44.313318
44.313318
44.313318
36.838146
36.838146
36.838146
36.838146
36.838146
36.838146
36.838146
36.838146
36.838146
36.838146
36.838146
36.838146
36.838146
36.838146
36.838146
38.854234
38.854234
38.854234
38.854234
38.854234
38.854234
38.854234
38.854234
38.854234
38.854234
38.854234
38.854234
38.854234
38.854234
38.854234
32.033418
32.033418
32.033418
32.033418
32.033418
32.033418
32.033418
32.033418
32.033418
32.033418
32.033418
32.033418
32.033418
32.033418
32.033418
28.218663
28.218663
28.218663
28.218663
28.218663
28.218663
28.218663
28.218663
28.218663
28.218663
28.218663
28.218663
28.218663
28.218663
28.218663
34.480649
34.480649
34.480649
34.480649
34.480649
34.480649
34.480649
34.480649
34.480649
34.480649
34.480649
34.480649
34.480649
34.480649
34.480649
37.136086
37.136086
37.136086
37.136086
37.136086
37.136086
37.136086
37.136086
37.136086
37.136086
37.136086
37.136086
37.136086
37.136086
37.136086
35.962375
35.962375
35.962375
35.962375
35.962375
35.962375
35.962375
35.962375
35.962375
35.962375
35.962375
35.962375
35.962375
35.962375
35.962375
40.139479
40.139479
40.139479
40.139479
40.139479
40.139479
40.139479
40.139479
40.139479
40.139479
40.139479
40.139479
40.139479
40.139479
40.139479
33.817879
33.817879
33.817879
33.817879
33.817879
33.817879
33.817879
33.817879
33.817879
33.817879
33.817879
33.817879
33.817879
33.817879
33.817879
38.106783
38.106783
38.106783
38.106783
38.106783
38.106783
38.106783
38.106783
38.106783
38.106783
38.106783
38.106783
38.106783
38.106783
38.106783
38.576010
38.576010
38.576010
38.576010
38.576010
38.576010
38.576010
38.576010
38.576010
38.576010
38.576010
38.576010
38.576010
38.576010
38.576010
37.911707
37.911707
37.911707
37.911707
37.911707
37.911707
37.911707
37.911707
37.911707
37.911707
37.911707
37.911707
37.911707
37.911707
37.911707
40.931232
40.931232
40.931232
40.931232
40.931232
40.931232
40.931232
40.931232
40.931232
40.931232
40.931232
40.931232
40.931232
40.931232
40.931232
63.163216
63.163216
63.163216
63.163216
63.163216
63.163216
63.163216
63.163216
63.163216
63.163216
63.163216
63.163216
63.163216
63.163216
63.163216
65.506069
65.506069
65.506069
65.506069
65.506069
65.506069
65.506069
65.506069
65.506069
65.506069
65.506069
65.506069
65.506069
65.506069
65.506069
52.587008
52.587008
52.587008
52.587008
52.587008
52.587008
52.587008
52.587008
52.587008
52.587008
52.587008
52.587008
52.587008
52.587008
52.587008
45.941470
45.941470
45.941470
45.941470
45.941470
45.941470
45.941470
45.941470
45.941470
45.941470
45.941470
45.941470
45.941470
45.941470
45.941470
46.829098
46.829098
46.829098
46.829098
46.829098
46.829098
46.829098
46.829098
46.829098
46.829098
46.829098
46.829098
46.829098
46.829098
46.829098
54.055230
54.055230
54.055230
54.055230
54.055230
54.055230
54.055230
54.055230
54.055230
54.055230
54.055230
54.055230
54.055230
54.055230
54.055230
58.469989
58.469989
58.469989
58.469989
58.469989
58.469989
58.469989
58.469989
58.469989
58.469989
58.469989
58.469989
58.469989
58.469989
58.469989
68.066588
68.066588
68.066588
68.066588
68.066588
68.066588
68.066588
68.066588
68.066588
68.066588
68.066588
68.066588
68.066588
68.066588
68.066588
74.003738
74.003738
74.003738
74.003738
74.003738
74.003738
74.003738
74.003738
74.003738
74.003738
74.003738
74.003738
74.003738
74.003738
74.003738
77.323280
77.323280
77.323280
77.323280
77.323280
77.323280
77.323280
77.323280
77.323280
77.323280
77.323280
77.323280
77.323280
77.323280
77.323280
84.909563
84.909563
84.909563
84.909563
84.909563
84.909563
84.909563
84.909563
84.909563
84.909563
84.909563
84.909563
84.909563
84.909563
84.909563
91.669904
91.669904
91.669904
91.669904
91.669904
91.669904
91.669904
91.669904
91.669904
91.669904
91.669904
91.669904
91.669904
91.669904
91.669904
90.460709
90.460709
90.460709
90.460709
90.460709
90.460709
90.460709
90.460709
90.460709
90.460709
90.460709
90.460709
90.460709
90.460709
90.460709
