11.514614
11.514614
11.514614
11.514614
11.514614
11.514614
11.514614
11.514614
11.514614
11.514614
11.514614
11.514614
11.514614
11.514614
11.514614
12.273141
12.273141
12.273141
12.273141
12.273141
12.273141
12.273141
12.273141
12.273141
12.273141
12.273141
12.273141
12.273141
12.273141
12.273141
11.856995
11.856995
11.856995
11.856995
11.856995
11.856995
11.856995
11.856995
11.856995
11.856995
11.856995
11.856995
11.856995
11.856995
11.856995
11.439805
11.439805
11.439805
11.439805
11.439805
11.439805
11.439805
11.439805
11.439805
11.439805
11.439805
11.439805
11.439805
11.439805
11.439805
11.365059
11.365059
11.365059
11.365059
11.365059
11.365059
11.365059
11.365059
11.365059
11.365059
11.365059
11.365059
11.365059
11.365059
11.365059
11.394737
11.394737
11.394737
11.394737
11.394737
11.394737
11.394737
11.394737
11.394737
11.394737
11.394737
11.394737
11.394737
11.394737
11.394737
11.447745
11.447745
11.447745
11.447745
11.447745
11.447745
11.447745
11.447745
11.447745
11.447745
11.447745
11.447745
11.447745
11.447745
11.447745
11.345977
11.345977
11.345977
11.345977
11.345977
11.345977
11.345977
11.345977
11.345977
11.345977
11.345977
11.345977
11.345977
11.345977
11.345977
11.076617
11.076617
11.076617
11.076617
11.076617
11.076617
11.076617
11.076617
11.076617
11.076617
11.076617
11.076617
11.076617
11.076617
11.076617
11.847260
11.847260
11.847260
11.847260
11.847260
11.847260
11.847260
11.847260
11.847260
11.847260
11.847260
11.847260
11.847260
11.847260
11.847260
11.217155
11.217155
11.217155
11.217155
11.217155
11.217155
11.217155
11.217155
11.217155
11.217155
11.217155
11.217155
11.217155
11.217155
11.217155
10.397687
10.397687
10.397687
10.397687
10.397687
10.397687
10.397687
10.397687
10.397687
10.397687
10.397687
10.397687
10.397687
10.397687
10.397687
10.630204
10.630204
10.630204
10.630204
10.630204
10.630204
10.630204
10.630204
10.630204
10.630204
10.630204
10.630204
10.630204
10.630204
10.630204
10.569030
10.569030
10.569030
10.569030
10.569030
10.569030
10.569030
10.569030
10.569030
10.569030
10.569030
10.569030
10.569030
10.569030
10.569030
11.132122
11.132122
11.132122
11.132122
11.132122
11.132122
11.132122
11.132122
11.132122
11.132122
11.132122
11.132122
11.132122
11.132122
11.132122
11.595014
11.595014
11.595014
11.595014
11.595014
11.595014
11.595014
11.595014
11.595014
11.595014
11.595014
11.595014
11.595014
11.595014
11.595014
11.006930
11.006930
11.006930
11.006930
11.006930
11.006930
11.006930
11.006930
11.006930
11.006930
11.006930
11.006930
11.006930
11.006930
11.006930
11.107441
11.107441
11.107441
11.107441
11.107441
11.107441
11.107441
11.107441
11.107441
11.107441
11.107441
11.107441
11.107441
11.107441
11.107441
11.690757
11.690757
11.690757
11.690757
11.690757
11.690757
11.690757
11.690757
11.690757
11.690757
11.690757
11.690757
11.690757
11.690757
11.690757
10.551258
10.551258
10.551258
10.551258
10.551258
10.551258
10.551258
10.551258
10.551258
10.551258
10.551258
10.551258
10.551258
10.551258
10.551258
11.524718
11.524718
11.524718
11.524718
11.524718
11.524718
11.524718
11.524718
11.524718
11.524718
11.524718
11.524718
11.524718
11.524718
11.524718
10.805473
10.805473
10.805473
10.805473
10.805473
10.805473
10.805473
10.805473
10.805473
10.805473
10.805473
10.805473
10.805473
10.805473
10.805473
10.608230
10.608230
10.608230
10.608230
10.608230
10.608230
10.608230
10.608230
10.608230
10.608230
10.608230
10.608230
10.608230
10.608230
10.608230
11.884362
11.884362
11.884362
11.884362
11.884362
11.884362
11.884362
11.884362
11.884362
11.884362
11.884362
11.884362
11.884362
11.884362
11.884362
13.363313
13.363313
13.363313
13.363313
13.363313
13.363313
13.363313
13.363313
13.363313
13.363313
13.363313
13.363313
13.363313
13.363313
13.363313
14.069244
14.069244
14.069244
14.069244
14.069244
14.069244
14.069244
14.069244
14.069244
14.069244
14.069244
14.069244
14.069244
14.069244
14.069244
14.350448
14.350448
14.350448
14.350448
14.350448
14.350448
14.350448
14.350448
14.350448
14.350448
14.350448
14.350448
14.350448
14.350448
14.350448
13.643648
13.643648
13.643648
13.643648
13.643648
13.643648
13.643648
13.643648
13.643648
13.643648
13.643648
13.643648
13.643648
13.643648
13.643648
14.673436
14.673436
14.673436
14.673436
14.673436
14.673436
14.673436
14.673436
14.673436
14.673436
14.673436
14.673436
14.673436
14.673436
14.673436
18.166187
18.166187
18.166187
18.166187
18.166187
18.166187
18.166187
18.166187
18.166187
18.166187
18.166187
18.166187
18.166187
18.166187
18.166187
16.211691
16.211691
16.211691
16.211691
16.211691
16.211691
16.211691
16.211691
16.211691
16.211691
16.211691
16.211691
16.211691
16.211691
16.211691
17.343767
17.343767
17.343767
17.343767
17.343767
17.343767
17.343767
17.343767
17.343767
17.343767
17.343767
17.343767
17.343767
17.343767
17.343767
19.793740
19.793740
19.793740
19.793740
19.793740
19.793740
19.793740
19.793740
19.793740
19.793740
19.793740
19.793740
19.793740
19.793740
19.793740
22.003911
22.003911
22.003911
22.003911
22.003911
22.003911
22.003911
22.003911
22.003911
22.003911
22.003911
22.003911
22.003911
22.003911
22.003911
24.310216
24.310216
24.310216
24.310216
24.310216
24.310216
24.310216
24.310216
24.310216
24.310216
24.310216
24.310216
24.310216
24.310216
24.310216
26.304672
26.304672
26.304672
26.304672
26.304672
26.304672
26.304672
26.304672
26.304672
26.304672
26.304672
26.304672
26.304672
26.304672
26.304672
24.802509
24.802509
24.802509
24.802509
24.802509
24.802509
24.802509
24.802509
24.802509
24.802509
24.802509
24.802509
24.802509
24.802509
24.802509
27.371363
27.371363
27.371363
27.371363
27.371363
27.371363
27.371363
27.371363
27.371363
27.371363
27.371363
27.371363
27.371363
27.371363
27.371363
27.684399
27.684399
27.684399
27.684399
27.684399
27.684399
27.684399
27.684399
27.684399
27.684399
27.684399
27.684399
27.684399
27.684399
27.684399
27.435824
27.435824
27.435824
27.435824
27.435824
27.435824
27.435824
27.435824
27.435824
27.435824
27.435824
27.435824
27.435824
27.435824
27.435824
28.932510
28.932510
28.932510
28.932510
28.932510
28.932510
28.932510
28.932510
28.932510
28.932510
28.932510
28.932510
28.932510
28.932510
28.932510
28.931681
28.931681
28.931681
28.931681
28.931681
28.931681
28.931681
28.931681
28.931681
28.931681
28.931681
28.931681
28.931681
28.931681
28.931681
27.620505
27.620505
27.620505
27.620505
27.620505
27.620505
27.620505
27.620505
27.620505
27.620505
27.620505
27.620505
27.620505
27.620505
27.620505
26.542678
26.542678
26.542678
26.542678
26.542678
26.542678
26.542678
26.542678
26.542678
26.542678
26.542678
26.542678
26.542678
26.542678
26.542678
25.578589
25.578589
25.578589
25.578589
25.578589
25.578589
25.578589
25.578589
25.578589
25.578589
25.578589
25.578589
25.578589
25.578589
25.578589
26.442505
26.442505
26.442505
26.442505
26.442505
26.442505
26.442505
26.442505
26.442505
26.442505
26.442505
26.442505
26.442505
26.442505
26.442505
25.771100
25.771100
25.771100
25.771100
25.771100
25.771100
25.771100
25.771100
25.771100
25.771100
25.771100
25.771100
25.771100
25.771100
25.771100
24.724206
24.724206
24.724206
24.724206
24.724206
24.724206
24.724206
24.724206
24.724206
24.724206
24.724206
24.724206
24.724206
24.724206
24.724206
22.376152
22.376152
22.376152
22.376152
22.376152
22.376152
22.376152
22.376152
22.376152
22.376152
22.376152
22.376152
22.376152
22.376152
22.376152
21.965284
21.965284
21.965284
21.965284
21.965284
21.965284
21.965284
21.965284
21.965284
21.965284
21.965284
21.965284
21.965284
21.965284
21.965284
20.704110
20.704110
20.704110
20.704110
20.704110
20.704110
20.704110
20.704110
20.704110
20.704110
20.704110
20.704110
20.704110
20.704110
20.704110
22.463558
22.463558
22.463558
22.463558
22.463558
22.463558
22.463558
22.463558
22.463558
22.463558
22.463558
22.463558
22.463558
22.463558
22.463558
21.897592
21.897592
21.897592
21.897592
21.897592
21.897592
21.897592
21.897592
21.897592
21.897592
21.897592
21.897592
21.897592
21.897592
21.897592
20.384250
20.384250
20.384250
20.384250
20.384250
20.384250
20.384250
20.384250
20.384250
20.384250
20.384250
20.384250
20.384250
20.384250
20.384250
21.686183
21.686183
21.686183
21.686183
21.686183
21.686183
21.686183
21.686183
21.686183
21.686183
21.686183
21.686183
21.686183
21.686183
21.686183
23.105466
23.105466
23.105466
23.105466
23.105466
23.105466
23.105466
23.105466
23.105466
23.105466
23.105466
23.105466
23.105466
23.105466
23.105466
24.675579
24.675579
24.675579
24.675579
24.675579
24.675579
24.675579
24.675579
24.675579
24.675579
24.675579
24.675579
24.675579
24.675579
24.675579
27.204312
27.204312
27.204312
27.204312
27.204312
27.204312
27.204312
27.204312
27.204312
27.204312
27.204312
27.204312
27.204312
27.204312
27.204312
29.022376
29.022376
29.022376
29.022376
29.022376
29.022376
29.022376
29.022376
29.022376
29.022376
29.022376
29.022376
29.022376
29.022376
29.022376
30.432513
30.432513
30.432513
30.432513
30.432513
30.432513
30.432513
30.432513
30.432513
30.432513
30.432513
30.432513
30.432513
30.432513
30.432513
30.273191
30.273191
30.273191
30.273191
30.273191
30.273191
30.273191
30.273191
30.273191
30.273191
30.273191
30.273191
30.273191
30.273191
30.273191
29.320843
29.320843
29.320843
29.320843
29.320843
29.320843
29.320843
29.320843
29.320843
29.320843
29.320843
29.320843
29.320843
29.320843
29.320843
28.079802
28.079802
28.079802
28.079802
28.079802
28.079802
28.079802
28.079802
28.079802
28.079802
28.079802
28.079802
28.079802
28.079802
28.079802
28.248953
28.248953
28.248953
28.248953
28.248953
28.248953
28.248953
28.248953
28.248953
28.248953
28.248953
28.248953
28.248953
28.248953
28.248953
28.652749
28.652749
28.652749
28.652749
28.652749
28.652749
28.652749
28.652749
28.652749
28.652749
28.652749
28.652749
28.652749
28.652749
28.652749
29.531176
29.531176
29.531176
29.531176
29.531176
29.531176
29.531176
29.531176
29.531176
29.531176
29.531176
29.531176
29.531176
29.531176
29.531176
29.408934
29.408934
29.408934
29.408934
29.408934
29.408934
29.408934
29.408934
29.408934
29.408934
29.408934
29.408934
29.408934
29.408934
29.408934
28.787418
28.787418
28.787418
28.787418
28.787418
28.787418
28.787418
28.787418
28.787418
28.787418
28.787418
28.787418
28.787418
28.787418
28.787418
30.327373
30.327373
30.327373
30.327373
30.327373
30.327373
30.327373
30.327373
30.327373
30.327373
30.327373
30.327373
30.327373
30.327373
30.327373
28.541838
28.541838
28.541838
28.541838
28.541838
28.541838
28.541838
28.541838
28.541838
28.541838
28.541838
28.541838
28.541838
28.541838
28.541838
27.683719
27.683719
27.683719
27.683719
27.683719
27.683719
27.683719
27.683719
27.683719
27.683719
27.683719
27.683719
27.683719
27.683719
27.683719
26.826881
26.826881
26.826881
26.826881
26.826881
26.826881
26.826881
26.826881
26.826881
26.826881
26.826881
26.826881
26.826881
26.826881
26.826881
23.955676
23.955676
23.955676
23.955676
23.955676
23.955676
23.955676
23.955676
23.955676
23.955676
23.955676
23.955676
23.955676
23.955676
23.955676
21.132162
21.132162
21.132162
21.132162
21.132162
21.132162
21.132162
21.132162
21.132162
21.132162
21.132162
21.132162
21.132162
21.132162
21.132162
20.080095
20.080095
20.080095
20.080095
20.080095
20.080095
20.080095
20.080095
20.080095
20.080095
20.080095
20.080095
20.080095
20.080095
20.080095
18.349841
18.349841
18.349841
18.349841
18.349841
18.349841
18.349841
18.349841
18.349841
18.349841
18.349841
18.349841
18.349841
18.349841
18.349841
17.526513
17.526513
17.526513
17.526513
17.526513
17.526513
17.526513
17.526513
17.526513
17.526513
17.526513
17.526513
17.526513
17.526513
17.526513
18.144711
18.144711
18.144711
18.144711
18.144711
18.144711
18.144711
18.144711
18.144711
18.144711
18.144711
18.144711
18.144711
18.144711
18.144711
17.581425
17.581425
17.581425
17.581425
17.581425
17.581425
17.581425
17.581425
17.581425
17.581425
17.581425
17.581425
17.581425
17.581425
17.581425
17.373947
17.373947
17.373947
17.373947
17.373947
17.373947
17.373947
17.373947
17.373947
17.373947
17.373947
17.373947
17.373947
17.373947
17.373947
17.338864
17.338864
17.338864
17.338864
17.338864
17.338864
17.338864
17.338864
17.338864
17.338864
17.338864
17.338864
17.338864
17.338864
17.338864
17.189697
17.189697
17.189697
17.189697
17.189697
17.189697
17.189697
17.189697
17.189697
17.189697
17.189697
17.189697
17.189697
17.189697
17.189697
16.377200
16.377200
16.377200
16.377200
16.377200
16.377200
16.377200
16.377200
16.377200
16.377200
16.377200
16.377200
16.377200
16.377200
16.377200
16.246188
16.246188
16.246188
16.246188
16.246188
16.246188
16.246188
16.246188
16.246188
16.246188
16.246188
16.246188
16.246188
16.246188
16.246188
15.424395
15.424395
15.424395
15.424395
15.424395
15.424395
15.424395
15.424395
15.424395
15.424395
15.424395
15.424395
15.424395
15.424395
15.424395
15.657737
15.657737
15.657737
15.657737
15.657737
15.657737
15.657737
15.657737
15.657737
15.657737
15.657737
15.657737
15.657737
15.657737
15.657737
15.981741
15.981741
15.981741
15.981741
15.981741
15.981741
15.981741
15.981741
15.981741
15.981741
15.981741
15.981741
15.981741
15.981741
15.981741
14.207174
14.207174
14.207174
14.207174
14.207174
14.207174
14.207174
14.207174
14.207174
14.207174
14.207174
14.207174
14.207174
14.207174
14.207174
13.643934
13.643934
13.643934
13.643934
13.643934
13.643934
13.643934
13.643934
13.643934
13.643934
13.643934
13.643934
13.643934
13.643934
13.643934
13.317982
13.317982
13.317982
13.317982
13.317982
13.317982
13.317982
13.317982
13.317982
13.317982
13.317982
13.317982
13.317982
13.317982
13.317982
13.450103
13.450103
13.450103
13.450103
13.450103
13.450103
13.450103
13.450103
13.450103
13.450103
13.450103
13.450103
13.450103
13.450103
13.450103
12.755318
12.755318
12.755318
12.755318
12.755318
12.755318
12.755318
12.755318
12.755318
12.755318
12.755318
12.755318
12.755318
12.755318
12.755318
13.897931
13.897931
13.897931
13.897931
13.897931
13.897931
13.897931
13.897931
13.897931
13.897931
13.897931
13.897931
13.897931
13.897931
13.897931
13.526867
13.526867
13.526867
13.526867
13.526867
13.526867
13.526867
13.526867
13.526867
13.526867
13.526867
13.526867
13.526867
13.526867
13.526867
12.395862
12.395862
12.395862
12.395862
12.395862
12.395862
12.395862
12.395862
12.395862
12.395862
12.395862
12.395862
12.395862
12.395862
12.395862
12.374505
12.374505
12.374505
12.374505
12.374505
12.374505
12.374505
12.374505
12.374505
12.374505
12.374505
12.374505
12.374505
12.374505
12.374505
