0.743621
0.743621
0.743621
0.743621
0.743621
0.743621
0.743621
0.743621
0.743621
0.743621
0.743621
0.743621
0.743621
0.743621
0.743621
0.844685
0.844685
0.844685
0.844685
0.844685
0.844685
0.844685
0.844685
0.844685
0.844685
0.844685
0.844685
0.844685
0.844685
0.844685
1.193160
1.193160
1.193160
1.193160
1.193160
1.193160
1.193160
1.193160
1.193160
1.193160
1.193160
1.193160
1.193160
1.193160
1.193160
1.798157
1.798157
1.798157
1.798157
1.798157
1.798157
1.798157
1.798157
1.798157
1.798157
1.798157
1.798157
1.798157
1.798157
1.798157
1.868250
1.868250
1.868250
1.868250
1.868250
1.868250
1.868250
1.868250
1.868250
1.868250
1.868250
1.868250
1.868250
1.868250
1.868250
1.095826
1.095826
1.095826
1.095826
1.095826
1.095826
1.095826
1.095826
1.095826
1.095826
1.095826
1.095826
1.095826
1.095826
1.095826
0.966829
0.966829
0.966829
0.966829
0.966829
0.966829
0.966829
0.966829
0.966829
0.966829
0.966829
0.966829
0.966829
0.966829
0.966829
0.952515
0.952515
0.952515
0.952515
0.952515
0.952515
0.952515
0.952515
0.952515
0.952515
0.952515
0.952515
0.952515
0.952515
0.952515
2.001759
2.001759
2.001759
2.001759
2.001759
2.001759
2.001759
2.001759
2.001759
2.001759
2.001759
2.001759
2.001759
2.001759
2.001759
1.856973
1.856973
1.856973
1.856973
1.856973
1.856973
1.856973
1.856973
1.856973
1.856973
1.856973
1.856973
1.856973
1.856973
1.856973
1.321377
1.321377
1.321377
1.321377
1.321377
1.321377
1.321377
1.321377
1.321377
1.321377
1.321377
1.321377
1.321377
1.321377
1.321377
0.984179
0.984179
0.984179
0.984179
0.984179
0.984179
0.984179
0.984179
0.984179
0.984179
0.984179
0.984179
0.984179
0.984179
0.984179
1.154643
1.154643
1.154643
1.154643
1.154643
1.154643
1.154643
1.154643
1.154643
1.154643
1.154643
1.154643
1.154643
1.154643
1.154643
1.147095
1.147095
1.147095
1.147095
1.147095
1.147095
1.147095
1.147095
1.147095
1.147095
1.147095
1.147095
1.147095
1.147095
1.147095
1.831295
1.831295
1.831295
1.831295
1.831295
1.831295
1.831295
1.831295
1.831295
1.831295
1.831295
1.831295
1.831295
1.831295
1.831295
1.438316
1.438316
1.438316
1.438316
1.438316
1.438316
1.438316
1.438316
1.438316
1.438316
1.438316
1.438316
1.438316
1.438316
1.438316
1.288932
1.288932
1.288932
1.288932
1.288932
1.288932
1.288932
1.288932
1.288932
1.288932
1.288932
1.288932
1.288932
1.288932
1.288932
0.969865
0.969865
0.969865
0.969865
0.969865
0.969865
0.969865
0.969865
0.969865
0.969865
0.969865
0.969865
0.969865
0.969865
0.969865
1.227079
1.227079
1.227079
1.227079
1.227079
1.227079
1.227079
1.227079
1.227079
1.227079
1.227079
1.227079
1.227079
1.227079
1.227079
1.481345
1.481345
1.481345
1.481345
1.481345
1.481345
1.481345
1.481345
1.481345
1.481345
1.481345
1.481345
1.481345
1.481345
1.481345
2.290549
2.290549
2.290549
2.290549
2.290549
2.290549
2.290549
2.290549
2.290549
2.290549
2.290549
2.290549
2.290549
2.290549
2.290549
1.411769
1.411769
1.411769
1.411769
1.411769
1.411769
1.411769
1.411769
1.411769
1.411769
1.411769
1.411769
1.411769
1.411769
1.411769
1.236013
1.236013
1.236013
1.236013
1.236013
1.236013
1.236013
1.236013
1.236013
1.236013
1.236013
1.236013
1.236013
1.236013
1.236013
1.282771
1.282771
1.282771
1.282771
1.282771
1.282771
1.282771
1.282771
1.282771
1.282771
1.282771
1.282771
1.282771
1.282771
1.282771
1.380799
1.380799
1.380799
1.380799
1.380799
1.380799
1.380799
1.380799
1.380799
1.380799
1.380799
1.380799
1.380799
1.380799
1.380799
1.840228
1.840228
1.840228
1.840228
1.840228
1.840228
1.840228
1.840228
1.840228
1.840228
1.840228
1.840228
1.840228
1.840228
1.840228
2.036371
2.036371
2.036371
2.036371
2.036371
2.036371
2.036371
2.036371
2.036371
2.036371
2.036371
2.036371
2.036371
2.036371
2.036371
2.352051
2.352051
2.352051
2.352051
2.352051
2.352051
2.352051
2.352051
2.352051
2.352051
2.352051
2.352051
2.352051
2.352051
2.352051
2.655935
2.655935
2.655935
2.655935
2.655935
2.655935
2.655935
2.655935
2.655935
2.655935
2.655935
2.655935
2.655935
2.655935
2.655935
2.618199
2.618199
2.618199
2.618199
2.618199
2.618199
2.618199
2.618199
2.618199
2.618199
2.618199
2.618199
2.618199
2.618199
2.618199
2.955221
2.955221
2.955221
2.955221
2.955221
2.955221
2.955221
2.955221
2.955221
2.955221
2.955221
2.955221
2.955221
2.955221
2.955221
5.545056
5.545056
5.545056
5.545056
5.545056
5.545056
5.545056
5.545056
5.545056
5.545056
5.545056
5.545056
5.545056
5.545056
5.545056
7.209099
7.209099
7.209099
7.209099
7.209099
7.209099
7.209099
7.209099
7.209099
7.209099
7.209099
7.209099
7.209099
7.209099
7.209099
6.951709
6.951709
6.951709
6.951709
6.951709
6.951709
6.951709
6.951709
6.951709
6.951709
6.951709
6.951709
6.951709
6.951709
6.951709
5.770256
5.770256
5.770256
5.770256
5.770256
5.770256
5.770256
5.770256
5.770256
5.770256
5.770256
5.770256
5.770256
5.770256
5.770256
8.131240
8.131240
8.131240
8.131240
8.131240
8.131240
8.131240
8.131240
8.131240
8.131240
8.131240
8.131240
8.131240
8.131240
8.131240
10.256265
10.256265
10.256265
10.256265
10.256265
10.256265
10.256265
10.256265
10.256265
10.256265
10.256265
10.256265
10.256265
10.256265
10.256265
10.028372
10.028372
10.028372
10.028372
10.028372
10.028372
10.028372
10.028372
10.028372
10.028372
10.028372
10.028372
10.028372
10.028372
10.028372
10.855189
10.855189
10.855189
10.855189
10.855189
10.855189
10.855189
10.855189
10.855189
10.855189
10.855189
10.855189
10.855189
10.855189
10.855189
8.493511
8.493511
8.493511
8.493511
8.493511
8.493511
8.493511
8.493511
8.493511
8.493511
8.493511
8.493511
8.493511
8.493511
8.493511
3.364856
3.364856
3.364856
3.364856
3.364856
3.364856
3.364856
3.364856
3.364856
3.364856
3.364856
3.364856
3.364856
3.364856
3.364856
3.905569
3.905569
3.905569
3.905569
3.905569
3.905569
3.905569
3.905569
3.905569
3.905569
3.905569
3.905569
3.905569
3.905569
3.905569
3.717755
3.717755
3.717755
3.717755
3.717755
3.717755
3.717755
3.717755
3.717755
3.717755
3.717755
3.717755
3.717755
3.717755
3.717755
3.665617
3.665617
3.665617
3.665617
3.665617
3.665617
3.665617
3.665617
3.665617
3.665617
3.665617
3.665617
3.665617
3.665617
3.665617
3.665617
3.665617
3.665617
3.665617
3.665617
3.665617
3.665617
3.665617
3.665617
3.665617
3.665617
3.665617
3.665617
3.665617
3.665617
4.514988
4.514988
4.514988
4.514988
4.514988
4.514988
4.514988
4.514988
4.514988
4.514988
4.514988
4.514988
4.514988
4.514988
4.514988
3.158218
3.158218
3.158218
3.158218
3.158218
3.158218
3.158218
3.158218
3.158218
3.158218
3.158218
3.158218
3.158218
3.158218
3.158218
2.735050
2.735050
2.735050
2.735050
2.735050
2.735050
2.735050
2.735050
2.735050
2.735050
2.735050
2.735050
2.735050
2.735050
2.735050
2.894931
2.894931
2.894931
2.894931
2.894931
2.894931
2.894931
2.894931
2.894931
2.894931
2.894931
2.894931
2.894931
2.894931
2.894931
3.112934
3.112934
3.112934
3.112934
3.112934
3.112934
3.112934
3.112934
3.112934
3.112934
3.112934
3.112934
3.112934
3.112934
3.112934
3.238377
3.238377
3.238377
3.238377
3.238377
3.238377
3.238377
3.238377
3.238377
3.238377
3.238377
3.238377
3.238377
3.238377
3.238377
2.236849
2.236849
2.236849
2.236849
2.236849
2.236849
2.236849
2.236849
2.236849
2.236849
2.236849
2.236849
2.236849
2.236849
2.236849
2.188528
2.188528
2.188528
2.188528
2.188528
2.188528
2.188528
2.188528
2.188528
2.188528
2.188528
2.188528
2.188528
2.188528
2.188528
2.043743
2.043743
2.043743
2.043743
2.043743
2.043743
2.043743
2.043743
2.043743
2.043743
2.043743
2.043743
2.043743
2.043743
2.043743
2.387707
2.387707
2.387707
2.387707
2.387707
2.387707
2.387707
2.387707
2.387707
2.387707
2.387707
2.387707
2.387707
2.387707
2.387707
2.371919
2.371919
2.371919
2.371919
2.371919
2.371919
2.371919
2.371919
2.371919
2.371919
2.371919
2.371919
2.371919
2.371919
2.371919
1.825739
1.825739
1.825739
1.825739
1.825739
1.825739
1.825739
1.825739
1.825739
1.825739
1.825739
1.825739
1.825739
1.825739
1.825739
1.665078
1.665078
1.665078
1.665078
1.665078
1.665078
1.665078
1.665078
1.665078
1.665078
1.665078
1.665078
1.665078
1.665078
1.665078
1.802316
1.802316
1.802316
1.802316
1.802316
1.802316
1.802316
1.802316
1.802316
1.802316
1.802316
1.802316
1.802316
1.802316
1.802316
2.135004
2.135004
2.135004
2.135004
2.135004
2.135004
2.135004
2.135004
2.135004
2.135004
2.135004
2.135004
2.135004
2.135004
2.135004
2.816079
2.816079
2.816079
2.816079
2.816079
2.816079
2.816079
2.816079
2.816079
2.816079
2.816079
2.816079
2.816079
2.816079
2.816079
2.616988
2.616988
2.616988
2.616988
2.616988
2.616988
2.616988
2.616988
2.616988
2.616988
2.616988
2.616988
2.616988
2.616988
2.616988
1.882213
1.882213
1.882213
1.882213
1.882213
1.882213
1.882213
1.882213
1.882213
1.882213
1.882213
1.882213
1.882213
1.882213
1.882213
1.974255
1.974255
1.974255
1.974255
1.974255
1.974255
1.974255
1.974255
1.974255
1.974255
1.974255
1.974255
1.974255
1.974255
1.974255
1.691450
1.691450
1.691450
1.691450
1.691450
1.691450
1.691450
1.691450
1.691450
1.691450
1.691450
1.691450
1.691450
1.691450
1.691450
2.563463
2.563463
2.563463
2.563463
2.563463
2.563463
2.563463
2.563463
2.563463
2.563463
2.563463
2.563463
2.563463
2.563463
2.563463
3.535066
3.535066
3.535066
3.535066
3.535066
3.535066
3.535066
3.535066
3.535066
3.535066
3.535066
3.535066
3.535066
3.535066
3.535066
2.371919
2.371919
2.371919
2.371919
2.371919
2.371919
2.371919
2.371919
2.371919
2.371919
2.371919
2.371919
2.371919
2.371919
2.371919
2.584631
2.584631
2.584631
2.584631
2.584631
2.584631
2.584631
2.584631
2.584631
2.584631
2.584631
2.584631
2.584631
2.584631
2.584631
1.794857
1.794857
1.794857
1.794857
1.794857
1.794857
1.794857
1.794857
1.794857
1.794857
1.794857
1.794857
1.794857
1.794857
1.794857
2.426225
2.426225
2.426225
2.426225
2.426225
2.426225
2.426225
2.426225
2.426225
2.426225
2.426225
2.426225
2.426225
2.426225
2.426225
2.832823
2.832823
2.832823
2.832823
2.832823
2.832823
2.832823
2.832823
2.832823
2.832823
2.832823
2.832823
2.832823
2.832823
2.832823
3.166985
3.166985
3.166985
3.166985
3.166985
3.166985
3.166985
3.166985
3.166985
3.166985
3.166985
3.166985
3.166985
3.166985
3.166985
2.366627
2.366627
2.366627
2.366627
2.366627
2.366627
2.366627
2.366627
2.366627
2.366627
2.366627
2.366627
2.366627
2.366627
2.366627
2.569536
2.569536
2.569536
2.569536
2.569536
2.569536
2.569536
2.569536
2.569536
2.569536
2.569536
2.569536
2.569536
2.569536
2.569536
2.689512
2.689512
2.689512
2.689512
2.689512
2.689512
2.689512
2.689512
2.689512
2.689512
2.689512
2.689512
2.689512
2.689512
2.689512
3.932642
3.932642
3.932642
3.932642
3.932642
3.932642
3.932642
3.932642
3.932642
3.932642
3.932642
3.932642
3.932642
3.932642
3.932642
4.235922
4.235922
4.235922
4.235922
4.235922
4.235922
4.235922
4.235922
4.235922
4.235922
4.235922
4.235922
4.235922
4.235922
4.235922
3.805207
3.805207
3.805207
3.805207
3.805207
3.805207
3.805207
3.805207
3.805207
3.805207
3.805207
3.805207
3.805207
3.805207
3.805207
3.564562
3.564562
3.564562
3.564562
3.564562
3.564562
3.564562
3.564562
3.564562
3.564562
3.564562
3.564562
3.564562
3.564562
3.564562
4.116034
4.116034
4.116034
4.116034
4.116034
4.116034
4.116034
4.116034
4.116034
4.116034
4.116034
4.116034
4.116034
4.116034
4.116034
4.442648
4.442648
4.442648
4.442648
4.442648
4.442648
4.442648
4.442648
4.442648
4.442648
4.442648
4.442648
4.442648
4.442648
4.442648
4.435882
4.435882
4.435882
4.435882
4.435882
4.435882
4.435882
4.435882
4.435882
4.435882
4.435882
4.435882
4.435882
4.435882
4.435882
4.369518
4.369518
4.369518
4.369518
4.369518
4.369518
4.369518
4.369518
4.369518
4.369518
4.369518
4.369518
4.369518
4.369518
4.369518
3.606116
3.606116
3.606116
3.606116
3.606116
3.606116
3.606116
3.606116
3.606116
3.606116
3.606116
3.606116
3.606116
3.606116
3.606116
3.487702
3.487702
3.487702
3.487702
3.487702
3.487702
3.487702
3.487702
3.487702
3.487702
3.487702
3.487702
3.487702
3.487702
3.487702
4.011240
4.011240
4.011240
4.011240
4.011240
4.011240
4.011240
4.011240
4.011240
4.011240
4.011240
4.011240
4.011240
4.011240
4.011240
4.385394
4.385394
4.385394
4.385394
4.385394
4.385394
4.385394
4.385394
4.385394
4.385394
4.385394
4.385394
4.385394
4.385394
4.385394
3.976540
3.976540
3.976540
3.976540
3.976540
3.976540
3.976540
3.976540
3.976540
3.976540
3.976540
3.976540
3.976540
3.976540
3.976540
2.786934
2.786934
2.786934
2.786934
2.786934
2.786934
2.786934
2.786934
2.786934
2.786934
2.786934
2.786934
2.786934
2.786934
2.786934
2.218893
2.218893
2.218893
2.218893
2.218893
2.218893
2.218893
2.218893
2.218893
2.218893
2.218893
2.218893
2.218893
2.218893
2.218893
2.706950
2.706950
2.706950
2.706950
2.706950
2.706950
2.706950
2.706950
2.706950
2.706950
2.706950
2.706950
2.706950
2.706950
2.706950
2.246046
2.246046
2.246046
2.246046
2.246046
2.246046
2.246046
2.246046
2.246046
2.246046
2.246046
2.246046
2.246046
2.246046
2.246046
1.672713
1.672713
1.672713
1.672713
1.672713
1.672713
1.672713
1.672713
1.672713
1.672713
1.672713
1.672713
1.672713
1.672713
1.672713
1.348354
1.348354
1.348354
1.348354
1.348354
1.348354
1.348354
1.348354
1.348354
1.348354
1.348354
1.348354
1.348354
1.348354
1.348354
1.346099
1.346099
1.346099
1.346099
1.346099
1.346099
1.346099
1.346099
1.346099
1.346099
1.346099
1.346099
1.346099
1.346099
1.346099
