12.413069
12.413069
12.413069
12.413069
12.413069
12.413069
12.413069
12.413069
12.413069
12.413069
12.413069
12.413069
12.413069
12.413069
12.413069
12.283997
12.283997
12.283997
12.283997
12.283997
12.283997
12.283997
12.283997
12.283997
12.283997
12.283997
12.283997
12.283997
12.283997
12.283997
13.237932
13.237932
13.237932
13.237932
13.237932
13.237932
13.237932
13.237932
13.237932
13.237932
13.237932
13.237932
13.237932
13.237932
13.237932
12.152569
12.152569
12.152569
12.152569
12.152569
12.152569
12.152569
12.152569
12.152569
12.152569
12.152569
12.152569
12.152569
12.152569
12.152569
11.563130
11.563130
11.563130
11.563130
11.563130
11.563130
11.563130
11.563130
11.563130
11.563130
11.563130
11.563130
11.563130
11.563130
11.563130
11.597002
11.597002
11.597002
11.597002
11.597002
11.597002
11.597002
11.597002
11.597002
11.597002
11.597002
11.597002
11.597002
11.597002
11.597002
12.014494
12.014494
12.014494
12.014494
12.014494
12.014494
12.014494
12.014494
12.014494
12.014494
12.014494
12.014494
12.014494
12.014494
12.014494
11.954392
11.954392
11.954392
11.954392
11.954392
11.954392
11.954392
11.954392
11.954392
11.954392
11.954392
11.954392
11.954392
11.954392
11.954392
11.432396
11.432396
11.432396
11.432396
11.432396
11.432396
11.432396
11.432396
11.432396
11.432396
11.432396
11.432396
11.432396
11.432396
11.432396
12.694284
12.694284
12.694284
12.694284
12.694284
12.694284
12.694284
12.694284
12.694284
12.694284
12.694284
12.694284
12.694284
12.694284
12.694284
13.134636
13.134636
13.134636
13.134636
13.134636
13.134636
13.134636
13.134636
13.134636
13.134636
13.134636
13.134636
13.134636
13.134636
13.134636
11.255861
11.255861
11.255861
11.255861
11.255861
11.255861
11.255861
11.255861
11.255861
11.255861
11.255861
11.255861
11.255861
11.255861
11.255861
11.098019
11.098019
11.098019
11.098019
11.098019
11.098019
11.098019
11.098019
11.098019
11.098019
11.098019
11.098019
11.098019
11.098019
11.098019
10.865899
10.865899
10.865899
10.865899
10.865899
10.865899
10.865899
10.865899
10.865899
10.865899
10.865899
10.865899
10.865899
10.865899
10.865899
10.818964
10.818964
10.818964
10.818964
10.818964
10.818964
10.818964
10.818964
10.818964
10.818964
10.818964
10.818964
10.818964
10.818964
10.818964
11.136049
11.136049
11.136049
11.136049
11.136049
11.136049
11.136049
11.136049
11.136049
11.136049
11.136049
11.136049
11.136049
11.136049
11.136049
11.006265
11.006265
11.006265
11.006265
11.006265
11.006265
11.006265
11.006265
11.006265
11.006265
11.006265
11.006265
11.006265
11.006265
11.006265
11.379975
11.379975
11.379975
11.379975
11.379975
11.379975
11.379975
11.379975
11.379975
11.379975
11.379975
11.379975
11.379975
11.379975
11.379975
10.876940
10.876940
10.876940
10.876940
10.876940
10.876940
10.876940
10.876940
10.876940
10.876940
10.876940
10.876940
10.876940
10.876940
10.876940
11.244291
11.244291
11.244291
11.244291
11.244291
11.244291
11.244291
11.244291
11.244291
11.244291
11.244291
11.244291
11.244291
11.244291
11.244291
10.539652
10.539652
10.539652
10.539652
10.539652
10.539652
10.539652
10.539652
10.539652
10.539652
10.539652
10.539652
10.539652
10.539652
10.539652
11.063922
11.063922
11.063922
11.063922
11.063922
11.063922
11.063922
11.063922
11.063922
11.063922
11.063922
11.063922
11.063922
11.063922
11.063922
12.532827
12.532827
12.532827
12.532827
12.532827
12.532827
12.532827
12.532827
12.532827
12.532827
12.532827
12.532827
12.532827
12.532827
12.532827
12.432072
12.432072
12.432072
12.432072
12.432072
12.432072
12.432072
12.432072
12.432072
12.432072
12.432072
12.432072
12.432072
12.432072
12.432072
12.388048
12.388048
12.388048
12.388048
12.388048
12.388048
12.388048
12.388048
12.388048
12.388048
12.388048
12.388048
12.388048
12.388048
12.388048
11.587455
11.587455
11.587455
11.587455
11.587455
11.587455
11.587455
11.587455
11.587455
11.587455
11.587455
11.587455
11.587455
11.587455
11.587455
11.629298
11.629298
11.629298
11.629298
11.629298
11.629298
11.629298
11.629298
11.629298
11.629298
11.629298
11.629298
11.629298
11.629298
11.629298
10.705405
10.705405
10.705405
10.705405
10.705405
10.705405
10.705405
10.705405
10.705405
10.705405
10.705405
10.705405
10.705405
10.705405
10.705405
11.980347
11.980347
11.980347
11.980347
11.980347
11.980347
11.980347
11.980347
11.980347
11.980347
11.980347
11.980347
11.980347
11.980347
11.980347
10.926646
10.926646
10.926646
10.926646
10.926646
10.926646
10.926646
10.926646
10.926646
10.926646
10.926646
10.926646
10.926646
10.926646
10.926646
11.438695
11.438695
11.438695
11.438695
11.438695
11.438695
11.438695
11.438695
11.438695
11.438695
11.438695
11.438695
11.438695
11.438695
11.438695
10.681723
10.681723
10.681723
10.681723
10.681723
10.681723
10.681723
10.681723
10.681723
10.681723
10.681723
10.681723
10.681723
10.681723
10.681723
10.964741
10.964741
10.964741
10.964741
10.964741
10.964741
10.964741
10.964741
10.964741
10.964741
10.964741
10.964741
10.964741
10.964741
10.964741
10.984441
10.984441
10.984441
10.984441
10.984441
10.984441
10.984441
10.984441
10.984441
10.984441
10.984441
10.984441
10.984441
10.984441
10.984441
10.383997
10.383997
10.383997
10.383997
10.383997
10.383997
10.383997
10.383997
10.383997
10.383997
10.383997
10.383997
10.383997
10.383997
10.383997
8.927729
8.927729
8.927729
8.927729
8.927729
8.927729
8.927729
8.927729
8.927729
8.927729
8.927729
8.927729
8.927729
8.927729
8.927729
9.785354
9.785354
9.785354
9.785354
9.785354
9.785354
9.785354
9.785354
9.785354
9.785354
9.785354
9.785354
9.785354
9.785354
9.785354
9.378530
9.378530
9.378530
9.378530
9.378530
9.378530
9.378530
9.378530
9.378530
9.378530
9.378530
9.378530
9.378530
9.378530
9.378530
9.641726
9.641726
9.641726
9.641726
9.641726
9.641726
9.641726
9.641726
9.641726
9.641726
9.641726
9.641726
9.641726
9.641726
9.641726
9.392032
9.392032
9.392032
9.392032
9.392032
9.392032
9.392032
9.392032
9.392032
9.392032
9.392032
9.392032
9.392032
9.392032
9.392032
9.616712
9.616712
9.616712
9.616712
9.616712
9.616712
9.616712
9.616712
9.616712
9.616712
9.616712
9.616712
9.616712
9.616712
9.616712
9.868213
9.868213
9.868213
9.868213
9.868213
9.868213
9.868213
9.868213
9.868213
9.868213
9.868213
9.868213
9.868213
9.868213
9.868213
9.737842
9.737842
9.737842
9.737842
9.737842
9.737842
9.737842
9.737842
9.737842
9.737842
9.737842
9.737842
9.737842
9.737842
9.737842
9.475566
9.475566
9.475566
9.475566
9.475566
9.475566
9.475566
9.475566
9.475566
9.475566
9.475566
9.475566
9.475566
9.475566
9.475566
9.373524
9.373524
9.373524
9.373524
9.373524
9.373524
9.373524
9.373524
9.373524
9.373524
9.373524
9.373524
9.373524
9.373524
9.373524
8.481533
8.481533
8.481533
8.481533
8.481533
8.481533
8.481533
8.481533
8.481533
8.481533
8.481533
8.481533
8.481533
8.481533
8.481533
8.271219
8.271219
8.271219
8.271219
8.271219
8.271219
8.271219
8.271219
8.271219
8.271219
8.271219
8.271219
8.271219
8.271219
8.271219
7.985656
7.985656
7.985656
7.985656
7.985656
7.985656
7.985656
7.985656
7.985656
7.985656
7.985656
7.985656
7.985656
7.985656
7.985656
7.385787
7.385787
7.385787
7.385787
7.385787
7.385787
7.385787
7.385787
7.385787
7.385787
7.385787
7.385787
7.385787
7.385787
7.385787
7.365930
7.365930
7.365930
7.365930
7.365930
7.365930
7.365930
7.365930
7.365930
7.365930
7.365930
7.365930
7.365930
7.365930
7.365930
6.524995
6.524995
6.524995
6.524995
6.524995
6.524995
6.524995
6.524995
6.524995
6.524995
6.524995
6.524995
6.524995
6.524995
6.524995
7.168546
7.168546
7.168546
7.168546
7.168546
7.168546
7.168546
7.168546
7.168546
7.168546
7.168546
7.168546
7.168546
7.168546
7.168546
8.119812
8.119812
8.119812
8.119812
8.119812
8.119812
8.119812
8.119812
8.119812
8.119812
8.119812
8.119812
8.119812
8.119812
8.119812
7.753735
7.753735
7.753735
7.753735
7.753735
7.753735
7.753735
7.753735
7.753735
7.753735
7.753735
7.753735
7.753735
7.753735
7.753735
7.532458
7.532458
7.532458
7.532458
7.532458
7.532458
7.532458
7.532458
7.532458
7.532458
7.532458
7.532458
7.532458
7.532458
7.532458
9.052417
9.052417
9.052417
9.052417
9.052417
9.052417
9.052417
9.052417
9.052417
9.052417
9.052417
9.052417
9.052417
9.052417
9.052417
8.823428
8.823428
8.823428
8.823428
8.823428
8.823428
8.823428
8.823428
8.823428
8.823428
8.823428
8.823428
8.823428
8.823428
8.823428
9.393714
9.393714
9.393714
9.393714
9.393714
9.393714
9.393714
9.393714
9.393714
9.393714
9.393714
9.393714
9.393714
9.393714
9.393714
9.269765
9.269765
9.269765
9.269765
9.269765
9.269765
9.269765
9.269765
9.269765
9.269765
9.269765
9.269765
9.269765
9.269765
9.269765
8.920433
8.920433
8.920433
8.920433
8.920433
8.920433
8.920433
8.920433
8.920433
8.920433
8.920433
8.920433
8.920433
8.920433
8.920433
9.279453
9.279453
9.279453
9.279453
9.279453
9.279453
9.279453
9.279453
9.279453
9.279453
9.279453
9.279453
9.279453
9.279453
9.279453
9.632338
9.632338
9.632338
9.632338
9.632338
9.632338
9.632338
9.632338
9.632338
9.632338
9.632338
9.632338
9.632338
9.632338
9.632338
10.996451
10.996451
10.996451
10.996451
10.996451
10.996451
10.996451
10.996451
10.996451
10.996451
10.996451
10.996451
10.996451
10.996451
10.996451
11.187845
11.187845
11.187845
11.187845
11.187845
11.187845
11.187845
11.187845
11.187845
11.187845
11.187845
11.187845
11.187845
11.187845
11.187845
10.663139
10.663139
10.663139
10.663139
10.663139
10.663139
10.663139
10.663139
10.663139
10.663139
10.663139
10.663139
10.663139
10.663139
10.663139
10.434742
10.434742
10.434742
10.434742
10.434742
10.434742
10.434742
10.434742
10.434742
10.434742
10.434742
10.434742
10.434742
10.434742
10.434742
11.253558
11.253558
11.253558
11.253558
11.253558
11.253558
11.253558
11.253558
11.253558
11.253558
11.253558
11.253558
11.253558
11.253558
11.253558
12.029559
12.029559
12.029559
12.029559
12.029559
12.029559
12.029559
12.029559
12.029559
12.029559
12.029559
12.029559
12.029559
12.029559
12.029559
11.639442
11.639442
11.639442
11.639442
11.639442
11.639442
11.639442
11.639442
11.639442
11.639442
11.639442
11.639442
11.639442
11.639442
11.639442
11.600124
11.600124
11.600124
11.600124
11.600124
11.600124
11.600124
11.600124
11.600124
11.600124
11.600124
11.600124
11.600124
11.600124
11.600124
10.848232
10.848232
10.848232
10.848232
10.848232
10.848232
10.848232
10.848232
10.848232
10.848232
10.848232
10.848232
10.848232
10.848232
10.848232
9.812787
9.812787
9.812787
9.812787
9.812787
9.812787
9.812787
9.812787
9.812787
9.812787
9.812787
9.812787
9.812787
9.812787
9.812787
10.078109
10.078109
10.078109
10.078109
10.078109
10.078109
10.078109
10.078109
10.078109
10.078109
10.078109
10.078109
10.078109
10.078109
10.078109
10.423504
10.423504
10.423504
10.423504
10.423504
10.423504
10.423504
10.423504
10.423504
10.423504
10.423504
10.423504
10.423504
10.423504
10.423504
9.942703
9.942703
9.942703
9.942703
9.942703
9.942703
9.942703
9.942703
9.942703
9.942703
9.942703
9.942703
9.942703
9.942703
9.942703
10.967012
10.967012
10.967012
10.967012
10.967012
10.967012
10.967012
10.967012
10.967012
10.967012
10.967012
10.967012
10.967012
10.967012
10.967012
11.438226
11.438226
11.438226
11.438226
11.438226
11.438226
11.438226
11.438226
11.438226
11.438226
11.438226
11.438226
11.438226
11.438226
11.438226
13.411179
13.411179
13.411179
13.411179
13.411179
13.411179
13.411179
13.411179
13.411179
13.411179
13.411179
13.411179
13.411179
13.411179
13.411179
16.123448
16.123448
16.123448
16.123448
16.123448
16.123448
16.123448
16.123448
16.123448
16.123448
16.123448
16.123448
16.123448
16.123448
16.123448
13.642326
13.642326
13.642326
13.642326
13.642326
13.642326
13.642326
13.642326
13.642326
13.642326
13.642326
13.642326
13.642326
13.642326
13.642326
12.015363
12.015363
12.015363
12.015363
12.015363
12.015363
12.015363
12.015363
12.015363
12.015363
12.015363
12.015363
12.015363
12.015363
12.015363
10.612408
10.612408
10.612408
10.612408
10.612408
10.612408
10.612408
10.612408
10.612408
10.612408
10.612408
10.612408
10.612408
10.612408
10.612408
11.063124
11.063124
11.063124
11.063124
11.063124
11.063124
11.063124
11.063124
11.063124
11.063124
11.063124
11.063124
11.063124
11.063124
11.063124
11.340132
11.340132
11.340132
11.340132
11.340132
11.340132
11.340132
11.340132
11.340132
11.340132
11.340132
11.340132
11.340132
11.340132
11.340132
11.159513
11.159513
11.159513
11.159513
11.159513
11.159513
11.159513
11.159513
11.159513
11.159513
11.159513
11.159513
11.159513
11.159513
11.159513
11.862616
11.862616
11.862616
11.862616
11.862616
11.862616
11.862616
11.862616
11.862616
11.862616
11.862616
11.862616
11.862616
11.862616
11.862616
10.812345
10.812345
10.812345
10.812345
10.812345
10.812345
10.812345
10.812345
10.812345
10.812345
10.812345
10.812345
10.812345
10.812345
10.812345
12.869716
12.869716
12.869716
12.869716
12.869716
12.869716
12.869716
12.869716
12.869716
12.869716
12.869716
12.869716
12.869716
12.869716
12.869716
11.980067
11.980067
11.980067
11.980067
11.980067
11.980067
11.980067
11.980067
11.980067
11.980067
11.980067
11.980067
11.980067
11.980067
11.980067
10.551296
10.551296
10.551296
10.551296
10.551296
10.551296
10.551296
10.551296
10.551296
10.551296
10.551296
10.551296
10.551296
10.551296
10.551296
10.594229
10.594229
10.594229
10.594229
10.594229
10.594229
10.594229
10.594229
10.594229
10.594229
10.594229
10.594229
10.594229
10.594229
10.594229
10.508106
10.508106
10.508106
10.508106
10.508106
10.508106
10.508106
10.508106
10.508106
10.508106
10.508106
10.508106
10.508106
10.508106
10.508106
11.448210
11.448210
11.448210
11.448210
11.448210
11.448210
11.448210
11.448210
11.448210
11.448210
11.448210
11.448210
11.448210
11.448210
11.448210
13.010975
13.010975
13.010975
13.010975
13.010975
13.010975
13.010975
13.010975
13.010975
13.010975
13.010975
13.010975
13.010975
13.010975
13.010975
13.274259
13.274259
13.274259
13.274259
13.274259
13.274259
13.274259
13.274259
13.274259
13.274259
13.274259
13.274259
13.274259
13.274259
13.274259
11.776962
11.776962
11.776962
11.776962
11.776962
11.776962
11.776962
11.776962
11.776962
11.776962
11.776962
11.776962
11.776962
11.776962
11.776962
