14.434794
14.434794
14.434794
14.434794
14.434794
14.434794
14.434794
14.434794
14.434794
14.434794
14.434794
14.434794
14.434794
14.434794
14.434794
15.131386
15.131386
15.131386
15.131386
15.131386
15.131386
15.131386
15.131386
15.131386
15.131386
15.131386
15.131386
15.131386
15.131386
15.131386
13.924933
13.924933
13.924933
13.924933
13.924933
13.924933
13.924933
13.924933
13.924933
13.924933
13.924933
13.924933
13.924933
13.924933
13.924933
15.029215
15.029215
15.029215
15.029215
15.029215
15.029215
15.029215
15.029215
15.029215
15.029215
15.029215
15.029215
15.029215
15.029215
15.029215
14.549812
14.549812
14.549812
14.549812
14.549812
14.549812
14.549812
14.549812
14.549812
14.549812
14.549812
14.549812
14.549812
14.549812
14.549812
13.902847
13.902847
13.902847
13.902847
13.902847
13.902847
13.902847
13.902847
13.902847
13.902847
13.902847
13.902847
13.902847
13.902847
13.902847
13.511530
13.511530
13.511530
13.511530
13.511530
13.511530
13.511530
13.511530
13.511530
13.511530
13.511530
13.511530
13.511530
13.511530
13.511530
13.345680
13.345680
13.345680
13.345680
13.345680
13.345680
13.345680
13.345680
13.345680
13.345680
13.345680
13.345680
13.345680
13.345680
13.345680
13.042266
13.042266
13.042266
13.042266
13.042266
13.042266
13.042266
13.042266
13.042266
13.042266
13.042266
13.042266
13.042266
13.042266
13.042266
13.378397
13.378397
13.378397
13.378397
13.378397
13.378397
13.378397
13.378397
13.378397
13.378397
13.378397
13.378397
13.378397
13.378397
13.378397
13.713098
13.713098
13.713098
13.713098
13.713098
13.713098
13.713098
13.713098
13.713098
13.713098
13.713098
13.713098
13.713098
13.713098
13.713098
12.933979
12.933979
12.933979
12.933979
12.933979
12.933979
12.933979
12.933979
12.933979
12.933979
12.933979
12.933979
12.933979
12.933979
12.933979
13.075560
13.075560
13.075560
13.075560
13.075560
13.075560
13.075560
13.075560
13.075560
13.075560
13.075560
13.075560
13.075560
13.075560
13.075560
12.664607
12.664607
12.664607
12.664607
12.664607
12.664607
12.664607
12.664607
12.664607
12.664607
12.664607
12.664607
12.664607
12.664607
12.664607
12.885159
12.885159
12.885159
12.885159
12.885159
12.885159
12.885159
12.885159
12.885159
12.885159
12.885159
12.885159
12.885159
12.885159
12.885159
12.874426
12.874426
12.874426
12.874426
12.874426
12.874426
12.874426
12.874426
12.874426
12.874426
12.874426
12.874426
12.874426
12.874426
12.874426
12.551482
12.551482
12.551482
12.551482
12.551482
12.551482
12.551482
12.551482
12.551482
12.551482
12.551482
12.551482
12.551482
12.551482
12.551482
13.409026
13.409026
13.409026
13.409026
13.409026
13.409026
13.409026
13.409026
13.409026
13.409026
13.409026
13.409026
13.409026
13.409026
13.409026
12.569090
12.569090
12.569090
12.569090
12.569090
12.569090
12.569090
12.569090
12.569090
12.569090
12.569090
12.569090
12.569090
12.569090
12.569090
12.682129
12.682129
12.682129
12.682129
12.682129
12.682129
12.682129
12.682129
12.682129
12.682129
12.682129
12.682129
12.682129
12.682129
12.682129
13.026621
13.026621
13.026621
13.026621
13.026621
13.026621
13.026621
13.026621
13.026621
13.026621
13.026621
13.026621
13.026621
13.026621
13.026621
12.617385
12.617385
12.617385
12.617385
12.617385
12.617385
12.617385
12.617385
12.617385
12.617385
12.617385
12.617385
12.617385
12.617385
12.617385
13.137822
13.137822
13.137822
13.137822
13.137822
13.137822
13.137822
13.137822
13.137822
13.137822
13.137822
13.137822
13.137822
13.137822
13.137822
13.817109
13.817109
13.817109
13.817109
13.817109
13.817109
13.817109
13.817109
13.817109
13.817109
13.817109
13.817109
13.817109
13.817109
13.817109
12.624937
12.624937
12.624937
12.624937
12.624937
12.624937
12.624937
12.624937
12.624937
12.624937
12.624937
12.624937
12.624937
12.624937
12.624937
13.173443
13.173443
13.173443
13.173443
13.173443
13.173443
13.173443
13.173443
13.173443
13.173443
13.173443
13.173443
13.173443
13.173443
13.173443
14.361953
14.361953
14.361953
14.361953
14.361953
14.361953
14.361953
14.361953
14.361953
14.361953
14.361953
14.361953
14.361953
14.361953
14.361953
14.178090
14.178090
14.178090
14.178090
14.178090
14.178090
14.178090
14.178090
14.178090
14.178090
14.178090
14.178090
14.178090
14.178090
14.178090
14.516065
14.516065
14.516065
14.516065
14.516065
14.516065
14.516065
14.516065
14.516065
14.516065
14.516065
14.516065
14.516065
14.516065
14.516065
14.443515
14.443515
14.443515
14.443515
14.443515
14.443515
14.443515
14.443515
14.443515
14.443515
14.443515
14.443515
14.443515
14.443515
14.443515
14.347077
14.347077
14.347077
14.347077
14.347077
14.347077
14.347077
14.347077
14.347077
14.347077
14.347077
14.347077
14.347077
14.347077
14.347077
15.845268
15.845268
15.845268
15.845268
15.845268
15.845268
15.845268
15.845268
15.845268
15.845268
15.845268
15.845268
15.845268
15.845268
15.845268
16.226095
16.226095
16.226095
16.226095
16.226095
16.226095
16.226095
16.226095
16.226095
16.226095
16.226095
16.226095
16.226095
16.226095
16.226095
17.629827
17.629827
17.629827
17.629827
17.629827
17.629827
17.629827
17.629827
17.629827
17.629827
17.629827
17.629827
17.629827
17.629827
17.629827
20.246935
20.246935
20.246935
20.246935
20.246935
20.246935
20.246935
20.246935
20.246935
20.246935
20.246935
20.246935
20.246935
20.246935
20.246935
20.600379
20.600379
20.600379
20.600379
20.600379
20.600379
20.600379
20.600379
20.600379
20.600379
20.600379
20.600379
20.600379
20.600379
20.600379
21.744738
21.744738
21.744738
21.744738
21.744738
21.744738
21.744738
21.744738
21.744738
21.744738
21.744738
21.744738
21.744738
21.744738
21.744738
20.451586
20.451586
20.451586
20.451586
20.451586
20.451586
20.451586
20.451586
20.451586
20.451586
20.451586
20.451586
20.451586
20.451586
20.451586
22.881522
22.881522
22.881522
22.881522
22.881522
22.881522
22.881522
22.881522
22.881522
22.881522
22.881522
22.881522
22.881522
22.881522
22.881522
22.403636
22.403636
22.403636
22.403636
22.403636
22.403636
22.403636
22.403636
22.403636
22.403636
22.403636
22.403636
22.403636
22.403636
22.403636
22.148558
22.148558
22.148558
22.148558
22.148558
22.148558
22.148558
22.148558
22.148558
22.148558
22.148558
22.148558
22.148558
22.148558
22.148558
22.653972
22.653972
22.653972
22.653972
22.653972
22.653972
22.653972
22.653972
22.653972
22.653972
22.653972
22.653972
22.653972
22.653972
22.653972
23.304212
23.304212
23.304212
23.304212
23.304212
23.304212
23.304212
23.304212
23.304212
23.304212
23.304212
23.304212
23.304212
23.304212
23.304212
22.624671
22.624671
22.624671
22.624671
22.624671
22.624671
22.624671
22.624671
22.624671
22.624671
22.624671
22.624671
22.624671
22.624671
22.624671
23.020258
23.020258
23.020258
23.020258
23.020258
23.020258
23.020258
23.020258
23.020258
23.020258
23.020258
23.020258
23.020258
23.020258
23.020258
23.531267
23.531267
23.531267
23.531267
23.531267
23.531267
23.531267
23.531267
23.531267
23.531267
23.531267
23.531267
23.531267
23.531267
23.531267
23.334409
23.334409
23.334409
23.334409
23.334409
23.334409
23.334409
23.334409
23.334409
23.334409
23.334409
23.334409
23.334409
23.334409
23.334409
22.370062
22.370062
22.370062
22.370062
22.370062
22.370062
22.370062
22.370062
22.370062
22.370062
22.370062
22.370062
22.370062
22.370062
22.370062
19.464061
19.464061
19.464061
19.464061
19.464061
19.464061
19.464061
19.464061
19.464061
19.464061
19.464061
19.464061
19.464061
19.464061
19.464061
19.631698
19.631698
19.631698
19.631698
19.631698
19.631698
19.631698
19.631698
19.631698
19.631698
19.631698
19.631698
19.631698
19.631698
19.631698
18.166527
18.166527
18.166527
18.166527
18.166527
18.166527
18.166527
18.166527
18.166527
18.166527
18.166527
18.166527
18.166527
18.166527
18.166527
17.639806
17.639806
17.639806
17.639806
17.639806
17.639806
17.639806
17.639806
17.639806
17.639806
17.639806
17.639806
17.639806
17.639806
17.639806
18.852772
18.852772
18.852772
18.852772
18.852772
18.852772
18.852772
18.852772
18.852772
18.852772
18.852772
18.852772
18.852772
18.852772
18.852772
18.417620
18.417620
18.417620
18.417620
18.417620
18.417620
18.417620
18.417620
18.417620
18.417620
18.417620
18.417620
18.417620
18.417620
18.417620
18.178907
18.178907
18.178907
18.178907
18.178907
18.178907
18.178907
18.178907
18.178907
18.178907
18.178907
18.178907
18.178907
18.178907
18.178907
18.808885
18.808885
18.808885
18.808885
18.808885
18.808885
18.808885
18.808885
18.808885
18.808885
18.808885
18.808885
18.808885
18.808885
18.808885
19.496020
19.496020
19.496020
19.496020
19.496020
19.496020
19.496020
19.496020
19.496020
19.496020
19.496020
19.496020
19.496020
19.496020
19.496020
20.248188
20.248188
20.248188
20.248188
20.248188
20.248188
20.248188
20.248188
20.248188
20.248188
20.248188
20.248188
20.248188
20.248188
20.248188
20.304032
20.304032
20.304032
20.304032
20.304032
20.304032
20.304032
20.304032
20.304032
20.304032
20.304032
20.304032
20.304032
20.304032
20.304032
21.038455
21.038455
21.038455
21.038455
21.038455
21.038455
21.038455
21.038455
21.038455
21.038455
21.038455
21.038455
21.038455
21.038455
21.038455
20.165331
20.165331
20.165331
20.165331
20.165331
20.165331
20.165331
20.165331
20.165331
20.165331
20.165331
20.165331
20.165331
20.165331
20.165331
19.863514
19.863514
19.863514
19.863514
19.863514
19.863514
19.863514
19.863514
19.863514
19.863514
19.863514
19.863514
19.863514
19.863514
19.863514
19.300863
19.300863
19.300863
19.300863
19.300863
19.300863
19.300863
19.300863
19.300863
19.300863
19.300863
19.300863
19.300863
19.300863
19.300863
19.126364
19.126364
19.126364
19.126364
19.126364
19.126364
19.126364
19.126364
19.126364
19.126364
19.126364
19.126364
19.126364
19.126364
19.126364
19.272821
19.272821
19.272821
19.272821
19.272821
19.272821
19.272821
19.272821
19.272821
19.272821
19.272821
19.272821
19.272821
19.272821
19.272821
19.488316
19.488316
19.488316
19.488316
19.488316
19.488316
19.488316
19.488316
19.488316
19.488316
19.488316
19.488316
19.488316
19.488316
19.488316
18.464742
18.464742
18.464742
18.464742
18.464742
18.464742
18.464742
18.464742
18.464742
18.464742
18.464742
18.464742
18.464742
18.464742
18.464742
18.221525
18.221525
18.221525
18.221525
18.221525
18.221525
18.221525
18.221525
18.221525
18.221525
18.221525
18.221525
18.221525
18.221525
18.221525
17.817414
17.817414
17.817414
17.817414
17.817414
17.817414
17.817414
17.817414
17.817414
17.817414
17.817414
17.817414
17.817414
17.817414
17.817414
16.880486
16.880486
16.880486
16.880486
16.880486
16.880486
16.880486
16.880486
16.880486
16.880486
16.880486
16.880486
16.880486
16.880486
16.880486
17.998206
17.998206
17.998206
17.998206
17.998206
17.998206
17.998206
17.998206
17.998206
17.998206
17.998206
17.998206
17.998206
17.998206
17.998206
18.079223
18.079223
18.079223
18.079223
18.079223
18.079223
18.079223
18.079223
18.079223
18.079223
18.079223
18.079223
18.079223
18.079223
18.079223
17.057595
17.057595
17.057595
17.057595
17.057595
17.057595
17.057595
17.057595
17.057595
17.057595
17.057595
17.057595
17.057595
17.057595
17.057595
16.740435
16.740435
16.740435
16.740435
16.740435
16.740435
16.740435
16.740435
16.740435
16.740435
16.740435
16.740435
16.740435
16.740435
16.740435
15.646460
15.646460
15.646460
15.646460
15.646460
15.646460
15.646460
15.646460
15.646460
15.646460
15.646460
15.646460
15.646460
15.646460
15.646460
15.868673
15.868673
15.868673
15.868673
15.868673
15.868673
15.868673
15.868673
15.868673
15.868673
15.868673
15.868673
15.868673
15.868673
15.868673
16.166163
16.166163
16.166163
16.166163
16.166163
16.166163
16.166163
16.166163
16.166163
16.166163
16.166163
16.166163
16.166163
16.166163
16.166163
16.529735
16.529735
16.529735
16.529735
16.529735
16.529735
16.529735
16.529735
16.529735
16.529735
16.529735
16.529735
16.529735
16.529735
16.529735
16.194501
16.194501
16.194501
16.194501
16.194501
16.194501
16.194501
16.194501
16.194501
16.194501
16.194501
16.194501
16.194501
16.194501
16.194501
15.304491
15.304491
15.304491
15.304491
15.304491
15.304491
15.304491
15.304491
15.304491
15.304491
15.304491
15.304491
15.304491
15.304491
15.304491
15.052572
15.052572
15.052572
15.052572
15.052572
15.052572
15.052572
15.052572
15.052572
15.052572
15.052572
15.052572
15.052572
15.052572
15.052572
15.140857
15.140857
15.140857
15.140857
15.140857
15.140857
15.140857
15.140857
15.140857
15.140857
15.140857
15.140857
15.140857
15.140857
15.140857
15.048360
15.048360
15.048360
15.048360
15.048360
15.048360
15.048360
15.048360
15.048360
15.048360
15.048360
15.048360
15.048360
15.048360
15.048360
14.896194
14.896194
14.896194
14.896194
14.896194
14.896194
14.896194
14.896194
14.896194
14.896194
14.896194
14.896194
14.896194
14.896194
14.896194
14.242945
14.242945
14.242945
14.242945
14.242945
14.242945
14.242945
14.242945
14.242945
14.242945
14.242945
14.242945
14.242945
14.242945
14.242945
15.151643
15.151643
15.151643
15.151643
15.151643
15.151643
15.151643
15.151643
15.151643
15.151643
15.151643
15.151643
15.151643
15.151643
15.151643
14.570967
14.570967
14.570967
14.570967
14.570967
14.570967
14.570967
14.570967
14.570967
14.570967
14.570967
14.570967
14.570967
14.570967
14.570967
13.882311
13.882311
13.882311
13.882311
13.882311
13.882311
13.882311
13.882311
13.882311
13.882311
13.882311
13.882311
13.882311
13.882311
13.882311
14.498637
14.498637
14.498637
14.498637
14.498637
14.498637
14.498637
14.498637
14.498637
14.498637
14.498637
14.498637
14.498637
14.498637
14.498637
13.566625
13.566625
13.566625
13.566625
13.566625
13.566625
13.566625
13.566625
13.566625
13.566625
13.566625
13.566625
13.566625
13.566625
13.566625
14.157990
14.157990
14.157990
14.157990
14.157990
14.157990
14.157990
14.157990
14.157990
14.157990
14.157990
14.157990
14.157990
14.157990
14.157990
14.238649
14.238649
14.238649
14.238649
14.238649
14.238649
14.238649
14.238649
14.238649
14.238649
14.238649
14.238649
14.238649
14.238649
14.238649
13.471928
13.471928
13.471928
13.471928
13.471928
13.471928
13.471928
13.471928
13.471928
13.471928
13.471928
13.471928
13.471928
13.471928
13.471928
13.203738
13.203738
13.203738
13.203738
13.203738
13.203738
13.203738
13.203738
13.203738
13.203738
13.203738
13.203738
13.203738
13.203738
13.203738
13.552262
13.552262
13.552262
13.552262
13.552262
13.552262
13.552262
13.552262
13.552262
13.552262
13.552262
13.552262
13.552262
13.552262
13.552262
12.924183
12.924183
12.924183
12.924183
12.924183
12.924183
12.924183
12.924183
12.924183
12.924183
12.924183
12.924183
12.924183
12.924183
12.924183
