6.494429
6.494429
6.494429
6.494429
6.494429
6.494429
6.494429
6.494429
6.494429
6.494429
6.494429
6.494429
6.494429
6.494429
6.494429
6.770805
6.770805
6.770805
6.770805
6.770805
6.770805
6.770805
6.770805
6.770805
6.770805
6.770805
6.770805
6.770805
6.770805
6.770805
6.252496
6.252496
6.252496
6.252496
6.252496
6.252496
6.252496
6.252496
6.252496
6.252496
6.252496
6.252496
6.252496
6.252496
6.252496
6.400335
6.400335
6.400335
6.400335
6.400335
6.400335
6.400335
6.400335
6.400335
6.400335
6.400335
6.400335
6.400335
6.400335
6.400335
6.516464
6.516464
6.516464
6.516464
6.516464
6.516464
6.516464
6.516464
6.516464
6.516464
6.516464
6.516464
6.516464
6.516464
6.516464
6.663366
6.663366
6.663366
6.663366
6.663366
6.663366
6.663366
6.663366
6.663366
6.663366
6.663366
6.663366
6.663366
6.663366
6.663366
5.762750
5.762750
5.762750
5.762750
5.762750
5.762750
5.762750
5.762750
5.762750
5.762750
5.762750
5.762750
5.762750
5.762750
5.762750
7.328103
7.328103
7.328103
7.328103
7.328103
7.328103
7.328103
7.328103
7.328103
7.328103
7.328103
7.328103
7.328103
7.328103
7.328103
8.638883
8.638883
8.638883
8.638883
8.638883
8.638883
8.638883
8.638883
8.638883
8.638883
8.638883
8.638883
8.638883
8.638883
8.638883
9.097386
9.097386
9.097386
9.097386
9.097386
9.097386
9.097386
9.097386
9.097386
9.097386
9.097386
9.097386
9.097386
9.097386
9.097386
8.918402
8.918402
8.918402
8.918402
8.918402
8.918402
8.918402
8.918402
8.918402
8.918402
8.918402
8.918402
8.918402
8.918402
8.918402
7.096830
7.096830
7.096830
7.096830
7.096830
7.096830
7.096830
7.096830
7.096830
7.096830
7.096830
7.096830
7.096830
7.096830
7.096830
6.829854
6.829854
6.829854
6.829854
6.829854
6.829854
6.829854
6.829854
6.829854
6.829854
6.829854
6.829854
6.829854
6.829854
6.829854
7.284085
7.284085
7.284085
7.284085
7.284085
7.284085
7.284085
7.284085
7.284085
7.284085
7.284085
7.284085
7.284085
7.284085
7.284085
6.990236
6.990236
6.990236
6.990236
6.990236
6.990236
6.990236
6.990236
6.990236
6.990236
6.990236
6.990236
6.990236
6.990236
6.990236
6.482452
6.482452
6.482452
6.482452
6.482452
6.482452
6.482452
6.482452
6.482452
6.482452
6.482452
6.482452
6.482452
6.482452
6.482452
6.928319
6.928319
6.928319
6.928319
6.928319
6.928319
6.928319
6.928319
6.928319
6.928319
6.928319
6.928319
6.928319
6.928319
6.928319
6.090844
6.090844
6.090844
6.090844
6.090844
6.090844
6.090844
6.090844
6.090844
6.090844
6.090844
6.090844
6.090844
6.090844
6.090844
5.849611
5.849611
5.849611
5.849611
5.849611
5.849611
5.849611
5.849611
5.849611
5.849611
5.849611
5.849611
5.849611
5.849611
5.849611
6.176906
6.176906
6.176906
6.176906
6.176906
6.176906
6.176906
6.176906
6.176906
6.176906
6.176906
6.176906
6.176906
6.176906
6.176906
6.064536
6.064536
6.064536
6.064536
6.064536
6.064536
6.064536
6.064536
6.064536
6.064536
6.064536
6.064536
6.064536
6.064536
6.064536
6.369796
6.369796
6.369796
6.369796
6.369796
6.369796
6.369796
6.369796
6.369796
6.369796
6.369796
6.369796
6.369796
6.369796
6.369796
7.020909
7.020909
7.020909
7.020909
7.020909
7.020909
7.020909
7.020909
7.020909
7.020909
7.020909
7.020909
7.020909
7.020909
7.020909
6.523604
6.523604
6.523604
6.523604
6.523604
6.523604
6.523604
6.523604
6.523604
6.523604
6.523604
6.523604
6.523604
6.523604
6.523604
6.580258
6.580258
6.580258
6.580258
6.580258
6.580258
6.580258
6.580258
6.580258
6.580258
6.580258
6.580258
6.580258
6.580258
6.580258
6.374966
6.374966
6.374966
6.374966
6.374966
6.374966
6.374966
6.374966
6.374966
6.374966
6.374966
6.374966
6.374966
6.374966
6.374966
7.110077
7.110077
7.110077
7.110077
7.110077
7.110077
7.110077
7.110077
7.110077
7.110077
7.110077
7.110077
7.110077
7.110077
7.110077
6.480855
6.480855
6.480855
6.480855
6.480855
6.480855
6.480855
6.480855
6.480855
6.480855
6.480855
6.480855
6.480855
6.480855
6.480855
6.069524
6.069524
6.069524
6.069524
6.069524
6.069524
6.069524
6.069524
6.069524
6.069524
6.069524
6.069524
6.069524
6.069524
6.069524
5.540701
5.540701
5.540701
5.540701
5.540701
5.540701
5.540701
5.540701
5.540701
5.540701
5.540701
5.540701
5.540701
5.540701
5.540701
5.533894
5.533894
5.533894
5.533894
5.533894
5.533894
5.533894
5.533894
5.533894
5.533894
5.533894
5.533894
5.533894
5.533894
5.533894
7.934934
7.934934
7.934934
7.934934
7.934934
7.934934
7.934934
7.934934
7.934934
7.934934
7.934934
7.934934
7.934934
7.934934
7.934934
8.669858
8.669858
8.669858
8.669858
8.669858
8.669858
8.669858
8.669858
8.669858
8.669858
8.669858
8.669858
8.669858
8.669858
8.669858
5.958150
5.958150
5.958150
5.958150
5.958150
5.958150
5.958150
5.958150
5.958150
5.958150
5.958150
5.958150
5.958150
5.958150
5.958150
5.967592
5.967592
5.967592
5.967592
5.967592
5.967592
5.967592
5.967592
5.967592
5.967592
5.967592
5.967592
5.967592
5.967592
5.967592
6.851341
6.851341
6.851341
6.851341
6.851341
6.851341
6.851341
6.851341
6.851341
6.851341
6.851341
6.851341
6.851341
6.851341
6.851341
6.440891
6.440891
6.440891
6.440891
6.440891
6.440891
6.440891
6.440891
6.440891
6.440891
6.440891
6.440891
6.440891
6.440891
6.440891
6.218593
6.218593
6.218593
6.218593
6.218593
6.218593
6.218593
6.218593
6.218593
6.218593
6.218593
6.218593
6.218593
6.218593
6.218593
6.814462
6.814462
6.814462
6.814462
6.814462
6.814462
6.814462
6.814462
6.814462
6.814462
6.814462
6.814462
6.814462
6.814462
6.814462
8.281257
8.281257
8.281257
8.281257
8.281257
8.281257
8.281257
8.281257
8.281257
8.281257
8.281257
8.281257
8.281257
8.281257
8.281257
7.739036
7.739036
7.739036
7.739036
7.739036
7.739036
7.739036
7.739036
7.739036
7.739036
7.739036
7.739036
7.739036
7.739036
7.739036
6.877882
6.877882
6.877882
6.877882
6.877882
6.877882
6.877882
6.877882
6.877882
6.877882
6.877882
6.877882
6.877882
6.877882
6.877882
6.067280
6.067280
6.067280
6.067280
6.067280
6.067280
6.067280
6.067280
6.067280
6.067280
6.067280
6.067280
6.067280
6.067280
6.067280
6.354030
6.354030
6.354030
6.354030
6.354030
6.354030
6.354030
6.354030
6.354030
6.354030
6.354030
6.354030
6.354030
6.354030
6.354030
9.463641
9.463641
9.463641
9.463641
9.463641
9.463641
9.463641
9.463641
9.463641
9.463641
9.463641
9.463641
9.463641
9.463641
9.463641
8.317934
8.317934
8.317934
8.317934
8.317934
8.317934
8.317934
8.317934
8.317934
8.317934
8.317934
8.317934
8.317934
8.317934
8.317934
6.049464
6.049464
6.049464
6.049464
6.049464
6.049464
6.049464
6.049464
6.049464
6.049464
6.049464
6.049464
6.049464
6.049464
6.049464
5.710995
5.710995
5.710995
5.710995
5.710995
5.710995
5.710995
5.710995
5.710995
5.710995
5.710995
5.710995
5.710995
5.710995
5.710995
7.213261
7.213261
7.213261
7.213261
7.213261
7.213261
7.213261
7.213261
7.213261
7.213261
7.213261
7.213261
7.213261
7.213261
7.213261
5.995776
5.995776
5.995776
5.995776
5.995776
5.995776
5.995776
5.995776
5.995776
5.995776
5.995776
5.995776
5.995776
5.995776
5.995776
6.451370
6.451370
6.451370
6.451370
6.451370
6.451370
6.451370
6.451370
6.451370
6.451370
6.451370
6.451370
6.451370
6.451370
6.451370
5.565411
5.565411
5.565411
5.565411
5.565411
5.565411
5.565411
5.565411
5.565411
5.565411
5.565411
5.565411
5.565411
5.565411
5.565411
5.576450
5.576450
5.576450
5.576450
5.576450
5.576450
5.576450
5.576450
5.576450
5.576450
5.576450
5.576450
5.576450
5.576450
5.576450
6.434317
6.434317
6.434317
6.434317
6.434317
6.434317
6.434317
6.434317
6.434317
6.434317
6.434317
6.434317
6.434317
6.434317
6.434317
5.975197
5.975197
5.975197
5.975197
5.975197
5.975197
5.975197
5.975197
5.975197
5.975197
5.975197
5.975197
5.975197
5.975197
5.975197
8.229529
8.229529
8.229529
8.229529
8.229529
8.229529
8.229529
8.229529
8.229529
8.229529
8.229529
8.229529
8.229529
8.229529
8.229529
8.637671
8.637671
8.637671
8.637671
8.637671
8.637671
8.637671
8.637671
8.637671
8.637671
8.637671
8.637671
8.637671
8.637671
8.637671
6.179551
6.179551
6.179551
6.179551
6.179551
6.179551
6.179551
6.179551
6.179551
6.179551
6.179551
6.179551
6.179551
6.179551
6.179551
6.083529
6.083529
6.083529
6.083529
6.083529
6.083529
6.083529
6.083529
6.083529
6.083529
6.083529
6.083529
6.083529
6.083529
6.083529
6.458271
6.458271
6.458271
6.458271
6.458271
6.458271
6.458271
6.458271
6.458271
6.458271
6.458271
6.458271
6.458271
6.458271
6.458271
7.815641
7.815641
7.815641
7.815641
7.815641
7.815641
7.815641
7.815641
7.815641
7.815641
7.815641
7.815641
7.815641
7.815641
7.815641
6.879602
6.879602
6.879602
6.879602
6.879602
6.879602
6.879602
6.879602
6.879602
6.879602
6.879602
6.879602
6.879602
6.879602
6.879602
7.159090
7.159090
7.159090
7.159090
7.159090
7.159090
7.159090
7.159090
7.159090
7.159090
7.159090
7.159090
7.159090
7.159090
7.159090
7.117747
7.117747
7.117747
7.117747
7.117747
7.117747
7.117747
7.117747
7.117747
7.117747
7.117747
7.117747
7.117747
7.117747
7.117747
6.716604
6.716604
6.716604
6.716604
6.716604
6.716604
6.716604
6.716604
6.716604
6.716604
6.716604
6.716604
6.716604
6.716604
6.716604
8.207405
8.207405
8.207405
8.207405
8.207405
8.207405
8.207405
8.207405
8.207405
8.207405
8.207405
8.207405
8.207405
8.207405
8.207405
9.385563
9.385563
9.385563
9.385563
9.385563
9.385563
9.385563
9.385563
9.385563
9.385563
9.385563
9.385563
9.385563
9.385563
9.385563
7.183002
7.183002
7.183002
7.183002
7.183002
7.183002
7.183002
7.183002
7.183002
7.183002
7.183002
7.183002
7.183002
7.183002
7.183002
8.421480
8.421480
8.421480
8.421480
8.421480
8.421480
8.421480
8.421480
8.421480
8.421480
8.421480
8.421480
8.421480
8.421480
8.421480
9.627217
9.627217
9.627217
9.627217
9.627217
9.627217
9.627217
9.627217
9.627217
9.627217
9.627217
9.627217
9.627217
9.627217
9.627217
8.145581
8.145581
8.145581
8.145581
8.145581
8.145581
8.145581
8.145581
8.145581
8.145581
8.145581
8.145581
8.145581
8.145581
8.145581
7.678478
7.678478
7.678478
7.678478
7.678478
7.678478
7.678478
7.678478
7.678478
7.678478
7.678478
7.678478
7.678478
7.678478
7.678478
7.764965
7.764965
7.764965
7.764965
7.764965
7.764965
7.764965
7.764965
7.764965
7.764965
7.764965
7.764965
7.764965
7.764965
7.764965
7.192537
7.192537
7.192537
7.192537
7.192537
7.192537
7.192537
7.192537
7.192537
7.192537
7.192537
7.192537
7.192537
7.192537
7.192537
6.894556
6.894556
6.894556
6.894556
6.894556
6.894556
6.894556
6.894556
6.894556
6.894556
6.894556
6.894556
6.894556
6.894556
6.894556
7.625769
7.625769
7.625769
7.625769
7.625769
7.625769
7.625769
7.625769
7.625769
7.625769
7.625769
7.625769
7.625769
7.625769
7.625769
7.470831
7.470831
7.470831
7.470831
7.470831
7.470831
7.470831
7.470831
7.470831
7.470831
7.470831
7.470831
7.470831
7.470831
7.470831
7.356475
7.356475
7.356475
7.356475
7.356475
7.356475
7.356475
7.356475
7.356475
7.356475
7.356475
7.356475
7.356475
7.356475
7.356475
7.229208
7.229208
7.229208
7.229208
7.229208
7.229208
7.229208
7.229208
7.229208
7.229208
7.229208
7.229208
7.229208
7.229208
7.229208
6.116866
6.116866
6.116866
6.116866
6.116866
6.116866
6.116866
6.116866
6.116866
6.116866
6.116866
6.116866
6.116866
6.116866
6.116866
6.800819
6.800819
6.800819
6.800819
6.800819
6.800819
6.800819
6.800819
6.800819
6.800819
6.800819
6.800819
6.800819
6.800819
6.800819
6.993144
6.993144
6.993144
6.993144
6.993144
6.993144
6.993144
6.993144
6.993144
6.993144
6.993144
6.993144
6.993144
6.993144
6.993144
9.087659
9.087659
9.087659
9.087659
9.087659
9.087659
9.087659
9.087659
9.087659
9.087659
9.087659
9.087659
9.087659
9.087659
9.087659
9.494910
9.494910
9.494910
9.494910
9.494910
9.494910
9.494910
9.494910
9.494910
9.494910
9.494910
9.494910
9.494910
9.494910
9.494910
7.970288
7.970288
7.970288
7.970288
7.970288
7.970288
7.970288
7.970288
7.970288
7.970288
7.970288
7.970288
7.970288
7.970288
7.970288
8.347052
8.347052
8.347052
8.347052
8.347052
8.347052
8.347052
8.347052
8.347052
8.347052
8.347052
8.347052
8.347052
8.347052
8.347052
7.266088
7.266088
7.266088
7.266088
7.266088
7.266088
7.266088
7.266088
7.266088
7.266088
7.266088
7.266088
7.266088
7.266088
7.266088
7.100444
7.100444
7.100444
7.100444
7.100444
7.100444
7.100444
7.100444
7.100444
7.100444
7.100444
7.100444
7.100444
7.100444
7.100444
7.107443
7.107443
7.107443
7.107443
7.107443
7.107443
7.107443
7.107443
7.107443
7.107443
7.107443
7.107443
7.107443
7.107443
7.107443
7.335943
7.335943
7.335943
7.335943
7.335943
7.335943
7.335943
7.335943
7.335943
7.335943
7.335943
7.335943
7.335943
7.335943
7.335943
7.224936
7.224936
7.224936
7.224936
7.224936
7.224936
7.224936
7.224936
7.224936
7.224936
7.224936
7.224936
7.224936
7.224936
7.224936
7.529398
7.529398
7.529398
7.529398
7.529398
7.529398
7.529398
7.529398
7.529398
7.529398
7.529398
7.529398
7.529398
7.529398
7.529398
8.216457
8.216457
8.216457
8.216457
8.216457
8.216457
8.216457
8.216457
8.216457
8.216457
8.216457
8.216457
8.216457
8.216457
8.216457
9.164472
9.164472
9.164472
9.164472
9.164472
9.164472
9.164472
9.164472
9.164472
9.164472
9.164472
9.164472
9.164472
9.164472
9.164472
7.285588
7.285588
7.285588
7.285588
7.285588
7.285588
7.285588
7.285588
7.285588
7.285588
7.285588
7.285588
7.285588
7.285588
7.285588
6.397235
6.397235
6.397235
6.397235
6.397235
6.397235
6.397235
6.397235
6.397235
6.397235
6.397235
6.397235
6.397235
6.397235
6.397235
