18.086931
18.086931
18.086931
18.086931
18.086931
18.086931
18.086931
18.086931
18.086931
18.086931
18.086931
18.086931
18.086931
18.086931
18.086931
17.533828
17.533828
17.533828
17.533828
17.533828
17.533828
17.533828
17.533828
17.533828
17.533828
17.533828
17.533828
17.533828
17.533828
17.533828
16.996077
16.996077
16.996077
16.996077
16.996077
16.996077
16.996077
16.996077
16.996077
16.996077
16.996077
16.996077
16.996077
16.996077
16.996077
16.979830
16.979830
16.979830
16.979830
16.979830
16.979830
16.979830
16.979830
16.979830
16.979830
16.979830
16.979830
16.979830
16.979830
16.979830
16.704497
16.704497
16.704497
16.704497
16.704497
16.704497
16.704497
16.704497
16.704497
16.704497
16.704497
16.704497
16.704497
16.704497
16.704497
16.439270
16.439270
16.439270
16.439270
16.439270
16.439270
16.439270
16.439270
16.439270
16.439270
16.439270
16.439270
16.439270
16.439270
16.439270
16.009991
16.009991
16.009991
16.009991
16.009991
16.009991
16.009991
16.009991
16.009991
16.009991
16.009991
16.009991
16.009991
16.009991
16.009991
16.176019
16.176019
16.176019
16.176019
16.176019
16.176019
16.176019
16.176019
16.176019
16.176019
16.176019
16.176019
16.176019
16.176019
16.176019
16.508381
16.508381
16.508381
16.508381
16.508381
16.508381
16.508381
16.508381
16.508381
16.508381
16.508381
16.508381
16.508381
16.508381
16.508381
16.956749
16.956749
16.956749
16.956749
16.956749
16.956749
16.956749
16.956749
16.956749
16.956749
16.956749
16.956749
16.956749
16.956749
16.956749
16.508460
16.508460
16.508460
16.508460
16.508460
16.508460
16.508460
16.508460
16.508460
16.508460
16.508460
16.508460
16.508460
16.508460
16.508460
16.131864
16.131864
16.131864
16.131864
16.131864
16.131864
16.131864
16.131864
16.131864
16.131864
16.131864
16.131864
16.131864
16.131864
16.131864
16.372779
16.372779
16.372779
16.372779
16.372779
16.372779
16.372779
16.372779
16.372779
16.372779
16.372779
16.372779
16.372779
16.372779
16.372779
15.777059
15.777059
15.777059
15.777059
15.777059
15.777059
15.777059
15.777059
15.777059
15.777059
15.777059
15.777059
15.777059
15.777059
15.777059
16.202264
16.202264
16.202264
16.202264
16.202264
16.202264
16.202264
16.202264
16.202264
16.202264
16.202264
16.202264
16.202264
16.202264
16.202264
15.977878
15.977878
15.977878
15.977878
15.977878
15.977878
15.977878
15.977878
15.977878
15.977878
15.977878
15.977878
15.977878
15.977878
15.977878
15.764656
15.764656
15.764656
15.764656
15.764656
15.764656
15.764656
15.764656
15.764656
15.764656
15.764656
15.764656
15.764656
15.764656
15.764656
15.498001
15.498001
15.498001
15.498001
15.498001
15.498001
15.498001
15.498001
15.498001
15.498001
15.498001
15.498001
15.498001
15.498001
15.498001
15.843526
15.843526
15.843526
15.843526
15.843526
15.843526
15.843526
15.843526
15.843526
15.843526
15.843526
15.843526
15.843526
15.843526
15.843526
15.811401
15.811401
15.811401
15.811401
15.811401
15.811401
15.811401
15.811401
15.811401
15.811401
15.811401
15.811401
15.811401
15.811401
15.811401
15.941525
15.941525
15.941525
15.941525
15.941525
15.941525
15.941525
15.941525
15.941525
15.941525
15.941525
15.941525
15.941525
15.941525
15.941525
16.049843
16.049843
16.049843
16.049843
16.049843
16.049843
16.049843
16.049843
16.049843
16.049843
16.049843
16.049843
16.049843
16.049843
16.049843
16.096728
16.096728
16.096728
16.096728
16.096728
16.096728
16.096728
16.096728
16.096728
16.096728
16.096728
16.096728
16.096728
16.096728
16.096728
15.983266
15.983266
15.983266
15.983266
15.983266
15.983266
15.983266
15.983266
15.983266
15.983266
15.983266
15.983266
15.983266
15.983266
15.983266
16.184728
16.184728
16.184728
16.184728
16.184728
16.184728
16.184728
16.184728
16.184728
16.184728
16.184728
16.184728
16.184728
16.184728
16.184728
15.397172
15.397172
15.397172
15.397172
15.397172
15.397172
15.397172
15.397172
15.397172
15.397172
15.397172
15.397172
15.397172
15.397172
15.397172
14.850340
14.850340
14.850340
14.850340
14.850340
14.850340
14.850340
14.850340
14.850340
14.850340
14.850340
14.850340
14.850340
14.850340
14.850340
14.843844
14.843844
14.843844
14.843844
14.843844
14.843844
14.843844
14.843844
14.843844
14.843844
14.843844
14.843844
14.843844
14.843844
14.843844
15.271854
15.271854
15.271854
15.271854
15.271854
15.271854
15.271854
15.271854
15.271854
15.271854
15.271854
15.271854
15.271854
15.271854
15.271854
14.595993
14.595993
14.595993
14.595993
14.595993
14.595993
14.595993
14.595993
14.595993
14.595993
14.595993
14.595993
14.595993
14.595993
14.595993
14.722448
14.722448
14.722448
14.722448
14.722448
14.722448
14.722448
14.722448
14.722448
14.722448
14.722448
14.722448
14.722448
14.722448
14.722448
14.552007
14.552007
14.552007
14.552007
14.552007
14.552007
14.552007
14.552007
14.552007
14.552007
14.552007
14.552007
14.552007
14.552007
14.552007
16.522374
16.522374
16.522374
16.522374
16.522374
16.522374
16.522374
16.522374
16.522374
16.522374
16.522374
16.522374
16.522374
16.522374
16.522374
17.783235
17.783235
17.783235
17.783235
17.783235
17.783235
17.783235
17.783235
17.783235
17.783235
17.783235
17.783235
17.783235
17.783235
17.783235
17.723782
17.723782
17.723782
17.723782
17.723782
17.723782
17.723782
17.723782
17.723782
17.723782
17.723782
17.723782
17.723782
17.723782
17.723782
18.034032
18.034032
18.034032
18.034032
18.034032
18.034032
18.034032
18.034032
18.034032
18.034032
18.034032
18.034032
18.034032
18.034032
18.034032
16.698286
16.698286
16.698286
16.698286
16.698286
16.698286
16.698286
16.698286
16.698286
16.698286
16.698286
16.698286
16.698286
16.698286
16.698286
17.058669
17.058669
17.058669
17.058669
17.058669
17.058669
17.058669
17.058669
17.058669
17.058669
17.058669
17.058669
17.058669
17.058669
17.058669
16.870527
16.870527
16.870527
16.870527
16.870527
16.870527
16.870527
16.870527
16.870527
16.870527
16.870527
16.870527
16.870527
16.870527
16.870527
16.548091
16.548091
16.548091
16.548091
16.548091
16.548091
16.548091
16.548091
16.548091
16.548091
16.548091
16.548091
16.548091
16.548091
16.548091
16.509874
16.509874
16.509874
16.509874
16.509874
16.509874
16.509874
16.509874
16.509874
16.509874
16.509874
16.509874
16.509874
16.509874
16.509874
16.571020
16.571020
16.571020
16.571020
16.571020
16.571020
16.571020
16.571020
16.571020
16.571020
16.571020
16.571020
16.571020
16.571020
16.571020
17.597994
17.597994
17.597994
17.597994
17.597994
17.597994
17.597994
17.597994
17.597994
17.597994
17.597994
17.597994
17.597994
17.597994
17.597994
17.353687
17.353687
17.353687
17.353687
17.353687
17.353687
17.353687
17.353687
17.353687
17.353687
17.353687
17.353687
17.353687
17.353687
17.353687
17.931214
17.931214
17.931214
17.931214
17.931214
17.931214
17.931214
17.931214
17.931214
17.931214
17.931214
17.931214
17.931214
17.931214
17.931214
18.158617
18.158617
18.158617
18.158617
18.158617
18.158617
18.158617
18.158617
18.158617
18.158617
18.158617
18.158617
18.158617
18.158617
18.158617
18.595563
18.595563
18.595563
18.595563
18.595563
18.595563
18.595563
18.595563
18.595563
18.595563
18.595563
18.595563
18.595563
18.595563
18.595563
18.736207
18.736207
18.736207
18.736207
18.736207
18.736207
18.736207
18.736207
18.736207
18.736207
18.736207
18.736207
18.736207
18.736207
18.736207
19.573465
19.573465
19.573465
19.573465
19.573465
19.573465
19.573465
19.573465
19.573465
19.573465
19.573465
19.573465
19.573465
19.573465
19.573465
18.796404
18.796404
18.796404
18.796404
18.796404
18.796404
18.796404
18.796404
18.796404
18.796404
18.796404
18.796404
18.796404
18.796404
18.796404
18.864944
18.864944
18.864944
18.864944
18.864944
18.864944
18.864944
18.864944
18.864944
18.864944
18.864944
18.864944
18.864944
18.864944
18.864944
18.724774
18.724774
18.724774
18.724774
18.724774
18.724774
18.724774
18.724774
18.724774
18.724774
18.724774
18.724774
18.724774
18.724774
18.724774
18.313924
18.313924
18.313924
18.313924
18.313924
18.313924
18.313924
18.313924
18.313924
18.313924
18.313924
18.313924
18.313924
18.313924
18.313924
18.476612
18.476612
18.476612
18.476612
18.476612
18.476612
18.476612
18.476612
18.476612
18.476612
18.476612
18.476612
18.476612
18.476612
18.476612
19.897554
19.897554
19.897554
19.897554
19.897554
19.897554
19.897554
19.897554
19.897554
19.897554
19.897554
19.897554
19.897554
19.897554
19.897554
19.743814
19.743814
19.743814
19.743814
19.743814
19.743814
19.743814
19.743814
19.743814
19.743814
19.743814
19.743814
19.743814
19.743814
19.743814
17.092884
17.092884
17.092884
17.092884
17.092884
17.092884
17.092884
17.092884
17.092884
17.092884
17.092884
17.092884
17.092884
17.092884
17.092884
18.331394
18.331394
18.331394
18.331394
18.331394
18.331394
18.331394
18.331394
18.331394
18.331394
18.331394
18.331394
18.331394
18.331394
18.331394
18.740499
18.740499
18.740499
18.740499
18.740499
18.740499
18.740499
18.740499
18.740499
18.740499
18.740499
18.740499
18.740499
18.740499
18.740499
19.188398
19.188398
19.188398
19.188398
19.188398
19.188398
19.188398
19.188398
19.188398
19.188398
19.188398
19.188398
19.188398
19.188398
19.188398
19.100019
19.100019
19.100019
19.100019
19.100019
19.100019
19.100019
19.100019
19.100019
19.100019
19.100019
19.100019
19.100019
19.100019
19.100019
18.400632
18.400632
18.400632
18.400632
18.400632
18.400632
18.400632
18.400632
18.400632
18.400632
18.400632
18.400632
18.400632
18.400632
18.400632
18.693821
18.693821
18.693821
18.693821
18.693821
18.693821
18.693821
18.693821
18.693821
18.693821
18.693821
18.693821
18.693821
18.693821
18.693821
18.321066
18.321066
18.321066
18.321066
18.321066
18.321066
18.321066
18.321066
18.321066
18.321066
18.321066
18.321066
18.321066
18.321066
18.321066
18.995278
18.995278
18.995278
18.995278
18.995278
18.995278
18.995278
18.995278
18.995278
18.995278
18.995278
18.995278
18.995278
18.995278
18.995278
18.676560
18.676560
18.676560
18.676560
18.676560
18.676560
18.676560
18.676560
18.676560
18.676560
18.676560
18.676560
18.676560
18.676560
18.676560
18.919916
18.919916
18.919916
18.919916
18.919916
18.919916
18.919916
18.919916
18.919916
18.919916
18.919916
18.919916
18.919916
18.919916
18.919916
18.696461
18.696461
18.696461
18.696461
18.696461
18.696461
18.696461
18.696461
18.696461
18.696461
18.696461
18.696461
18.696461
18.696461
18.696461
17.550746
17.550746
17.550746
17.550746
17.550746
17.550746
17.550746
17.550746
17.550746
17.550746
17.550746
17.550746
17.550746
17.550746
17.550746
17.893241
17.893241
17.893241
17.893241
17.893241
17.893241
17.893241
17.893241
17.893241
17.893241
17.893241
17.893241
17.893241
17.893241
17.893241
18.229732
18.229732
18.229732
18.229732
18.229732
18.229732
18.229732
18.229732
18.229732
18.229732
18.229732
18.229732
18.229732
18.229732
18.229732
17.711422
17.711422
17.711422
17.711422
17.711422
17.711422
17.711422
17.711422
17.711422
17.711422
17.711422
17.711422
17.711422
17.711422
17.711422
18.090942
18.090942
18.090942
18.090942
18.090942
18.090942
18.090942
18.090942
18.090942
18.090942
18.090942
18.090942
18.090942
18.090942
18.090942
18.361437
18.361437
18.361437
18.361437
18.361437
18.361437
18.361437
18.361437
18.361437
18.361437
18.361437
18.361437
18.361437
18.361437
18.361437
18.637343
18.637343
18.637343
18.637343
18.637343
18.637343
18.637343
18.637343
18.637343
18.637343
18.637343
18.637343
18.637343
18.637343
18.637343
19.013511
19.013511
19.013511
19.013511
19.013511
19.013511
19.013511
19.013511
19.013511
19.013511
19.013511
19.013511
19.013511
19.013511
19.013511
18.132432
18.132432
18.132432
18.132432
18.132432
18.132432
18.132432
18.132432
18.132432
18.132432
18.132432
18.132432
18.132432
18.132432
18.132432
18.046525
18.046525
18.046525
18.046525
18.046525
18.046525
18.046525
18.046525
18.046525
18.046525
18.046525
18.046525
18.046525
18.046525
18.046525
17.980866
17.980866
17.980866
17.980866
17.980866
17.980866
17.980866
17.980866
17.980866
17.980866
17.980866
17.980866
17.980866
17.980866
17.980866
18.248669
18.248669
18.248669
18.248669
18.248669
18.248669
18.248669
18.248669
18.248669
18.248669
18.248669
18.248669
18.248669
18.248669
18.248669
18.162137
18.162137
18.162137
18.162137
18.162137
18.162137
18.162137
18.162137
18.162137
18.162137
18.162137
18.162137
18.162137
18.162137
18.162137
17.334451
17.334451
17.334451
17.334451
17.334451
17.334451
17.334451
17.334451
17.334451
17.334451
17.334451
17.334451
17.334451
17.334451
17.334451
17.587700
17.587700
17.587700
17.587700
17.587700
17.587700
17.587700
17.587700
17.587700
17.587700
17.587700
17.587700
17.587700
17.587700
17.587700
18.052688
18.052688
18.052688
18.052688
18.052688
18.052688
18.052688
18.052688
18.052688
18.052688
18.052688
18.052688
18.052688
18.052688
18.052688
17.783014
17.783014
17.783014
17.783014
17.783014
17.783014
17.783014
17.783014
17.783014
17.783014
17.783014
17.783014
17.783014
17.783014
17.783014
17.764074
17.764074
17.764074
17.764074
17.764074
17.764074
17.764074
17.764074
17.764074
17.764074
17.764074
17.764074
17.764074
17.764074
17.764074
17.462193
17.462193
17.462193
17.462193
17.462193
17.462193
17.462193
17.462193
17.462193
17.462193
17.462193
17.462193
17.462193
17.462193
17.462193
17.899920
17.899920
17.899920
17.899920
17.899920
17.899920
17.899920
17.899920
17.899920
17.899920
17.899920
17.899920
17.899920
17.899920
17.899920
18.402749
18.402749
18.402749
18.402749
18.402749
18.402749
18.402749
18.402749
18.402749
18.402749
18.402749
18.402749
18.402749
18.402749
18.402749
18.096245
18.096245
18.096245
18.096245
18.096245
18.096245
18.096245
18.096245
18.096245
18.096245
18.096245
18.096245
18.096245
18.096245
18.096245
17.232072
17.232072
17.232072
17.232072
17.232072
17.232072
17.232072
17.232072
17.232072
17.232072
17.232072
17.232072
17.232072
17.232072
17.232072
17.118657
17.118657
17.118657
17.118657
17.118657
17.118657
17.118657
17.118657
17.118657
17.118657
17.118657
17.118657
17.118657
17.118657
17.118657
17.341394
17.341394
17.341394
17.341394
17.341394
17.341394
17.341394
17.341394
17.341394
17.341394
17.341394
17.341394
17.341394
17.341394
17.341394
17.384353
17.384353
17.384353
17.384353
17.384353
17.384353
17.384353
17.384353
17.384353
17.384353
17.384353
17.384353
17.384353
17.384353
17.384353
17.271179
17.271179
17.271179
17.271179
17.271179
17.271179
17.271179
17.271179
17.271179
17.271179
17.271179
17.271179
17.271179
17.271179
17.271179
17.236474
17.236474
17.236474
17.236474
17.236474
17.236474
17.236474
17.236474
17.236474
17.236474
17.236474
17.236474
17.236474
17.236474
17.236474
