16.521428
16.521428
16.521428
16.521428
16.521428
16.521428
16.521428
16.521428
16.521428
16.521428
16.521428
16.521428
16.521428
16.521428
16.521428
16.760620
16.760620
16.760620
16.760620
16.760620
16.760620
16.760620
16.760620
16.760620
16.760620
16.760620
16.760620
16.760620
16.760620
16.760620
16.501288
16.501288
16.501288
16.501288
16.501288
16.501288
16.501288
16.501288
16.501288
16.501288
16.501288
16.501288
16.501288
16.501288
16.501288
16.039145
16.039145
16.039145
16.039145
16.039145
16.039145
16.039145
16.039145
16.039145
16.039145
16.039145
16.039145
16.039145
16.039145
16.039145
16.405413
16.405413
16.405413
16.405413
16.405413
16.405413
16.405413
16.405413
16.405413
16.405413
16.405413
16.405413
16.405413
16.405413
16.405413
16.351338
16.351338
16.351338
16.351338
16.351338
16.351338
16.351338
16.351338
16.351338
16.351338
16.351338
16.351338
16.351338
16.351338
16.351338
16.144997
16.144997
16.144997
16.144997
16.144997
16.144997
16.144997
16.144997
16.144997
16.144997
16.144997
16.144997
16.144997
16.144997
16.144997
16.300395
16.300395
16.300395
16.300395
16.300395
16.300395
16.300395
16.300395
16.300395
16.300395
16.300395
16.300395
16.300395
16.300395
16.300395
16.195439
16.195439
16.195439
16.195439
16.195439
16.195439
16.195439
16.195439
16.195439
16.195439
16.195439
16.195439
16.195439
16.195439
16.195439
15.798168
15.798168
15.798168
15.798168
15.798168
15.798168
15.798168
15.798168
15.798168
15.798168
15.798168
15.798168
15.798168
15.798168
15.798168
16.080493
16.080493
16.080493
16.080493
16.080493
16.080493
16.080493
16.080493
16.080493
16.080493
16.080493
16.080493
16.080493
16.080493
16.080493
15.872895
15.872895
15.872895
15.872895
15.872895
15.872895
15.872895
15.872895
15.872895
15.872895
15.872895
15.872895
15.872895
15.872895
15.872895
16.394355
16.394355
16.394355
16.394355
16.394355
16.394355
16.394355
16.394355
16.394355
16.394355
16.394355
16.394355
16.394355
16.394355
16.394355
16.353285
16.353285
16.353285
16.353285
16.353285
16.353285
16.353285
16.353285
16.353285
16.353285
16.353285
16.353285
16.353285
16.353285
16.353285
16.455990
16.455990
16.455990
16.455990
16.455990
16.455990
16.455990
16.455990
16.455990
16.455990
16.455990
16.455990
16.455990
16.455990
16.455990
16.482242
16.482242
16.482242
16.482242
16.482242
16.482242
16.482242
16.482242
16.482242
16.482242
16.482242
16.482242
16.482242
16.482242
16.482242
16.676145
16.676145
16.676145
16.676145
16.676145
16.676145
16.676145
16.676145
16.676145
16.676145
16.676145
16.676145
16.676145
16.676145
16.676145
16.526383
16.526383
16.526383
16.526383
16.526383
16.526383
16.526383
16.526383
16.526383
16.526383
16.526383
16.526383
16.526383
16.526383
16.526383
16.550397
16.550397
16.550397
16.550397
16.550397
16.550397
16.550397
16.550397
16.550397
16.550397
16.550397
16.550397
16.550397
16.550397
16.550397
16.632991
16.632991
16.632991
16.632991
16.632991
16.632991
16.632991
16.632991
16.632991
16.632991
16.632991
16.632991
16.632991
16.632991
16.632991
15.977685
15.977685
15.977685
15.977685
15.977685
15.977685
15.977685
15.977685
15.977685
15.977685
15.977685
15.977685
15.977685
15.977685
15.977685
15.736220
15.736220
15.736220
15.736220
15.736220
15.736220
15.736220
15.736220
15.736220
15.736220
15.736220
15.736220
15.736220
15.736220
15.736220
16.208171
16.208171
16.208171
16.208171
16.208171
16.208171
16.208171
16.208171
16.208171
16.208171
16.208171
16.208171
16.208171
16.208171
16.208171
15.759584
15.759584
15.759584
15.759584
15.759584
15.759584
15.759584
15.759584
15.759584
15.759584
15.759584
15.759584
15.759584
15.759584
15.759584
15.273474
15.273474
15.273474
15.273474
15.273474
15.273474
15.273474
15.273474
15.273474
15.273474
15.273474
15.273474
15.273474
15.273474
15.273474
15.399039
15.399039
15.399039
15.399039
15.399039
15.399039
15.399039
15.399039
15.399039
15.399039
15.399039
15.399039
15.399039
15.399039
15.399039
15.575943
15.575943
15.575943
15.575943
15.575943
15.575943
15.575943
15.575943
15.575943
15.575943
15.575943
15.575943
15.575943
15.575943
15.575943
15.541466
15.541466
15.541466
15.541466
15.541466
15.541466
15.541466
15.541466
15.541466
15.541466
15.541466
15.541466
15.541466
15.541466
15.541466
15.135436
15.135436
15.135436
15.135436
15.135436
15.135436
15.135436
15.135436
15.135436
15.135436
15.135436
15.135436
15.135436
15.135436
15.135436
14.951445
14.951445
14.951445
14.951445
14.951445
14.951445
14.951445
14.951445
14.951445
14.951445
14.951445
14.951445
14.951445
14.951445
14.951445
15.336284
15.336284
15.336284
15.336284
15.336284
15.336284
15.336284
15.336284
15.336284
15.336284
15.336284
15.336284
15.336284
15.336284
15.336284
16.662263
16.662263
16.662263
16.662263
16.662263
16.662263
16.662263
16.662263
16.662263
16.662263
16.662263
16.662263
16.662263
16.662263
16.662263
16.885437
16.885437
16.885437
16.885437
16.885437
16.885437
16.885437
16.885437
16.885437
16.885437
16.885437
16.885437
16.885437
16.885437
16.885437
16.581046
16.581046
16.581046
16.581046
16.581046
16.581046
16.581046
16.581046
16.581046
16.581046
16.581046
16.581046
16.581046
16.581046
16.581046
16.176880
16.176880
16.176880
16.176880
16.176880
16.176880
16.176880
16.176880
16.176880
16.176880
16.176880
16.176880
16.176880
16.176880
16.176880
16.779913
16.779913
16.779913
16.779913
16.779913
16.779913
16.779913
16.779913
16.779913
16.779913
16.779913
16.779913
16.779913
16.779913
16.779913
16.968862
16.968862
16.968862
16.968862
16.968862
16.968862
16.968862
16.968862
16.968862
16.968862
16.968862
16.968862
16.968862
16.968862
16.968862
16.795220
16.795220
16.795220
16.795220
16.795220
16.795220
16.795220
16.795220
16.795220
16.795220
16.795220
16.795220
16.795220
16.795220
16.795220
16.336744
16.336744
16.336744
16.336744
16.336744
16.336744
16.336744
16.336744
16.336744
16.336744
16.336744
16.336744
16.336744
16.336744
16.336744
16.222959
16.222959
16.222959
16.222959
16.222959
16.222959
16.222959
16.222959
16.222959
16.222959
16.222959
16.222959
16.222959
16.222959
16.222959
13.598339
13.598339
13.598339
13.598339
13.598339
13.598339
13.598339
13.598339
13.598339
13.598339
13.598339
13.598339
13.598339
13.598339
13.598339
14.058479
14.058479
14.058479
14.058479
14.058479
14.058479
14.058479
14.058479
14.058479
14.058479
14.058479
14.058479
14.058479
14.058479
14.058479
13.713521
13.713521
13.713521
13.713521
13.713521
13.713521
13.713521
13.713521
13.713521
13.713521
13.713521
13.713521
13.713521
13.713521
13.713521
14.848941
14.848941
14.848941
14.848941
14.848941
14.848941
14.848941
14.848941
14.848941
14.848941
14.848941
14.848941
14.848941
14.848941
14.848941
14.597593
14.597593
14.597593
14.597593
14.597593
14.597593
14.597593
14.597593
14.597593
14.597593
14.597593
14.597593
14.597593
14.597593
14.597593
14.691161
14.691161
14.691161
14.691161
14.691161
14.691161
14.691161
14.691161
14.691161
14.691161
14.691161
14.691161
14.691161
14.691161
14.691161
15.111878
15.111878
15.111878
15.111878
15.111878
15.111878
15.111878
15.111878
15.111878
15.111878
15.111878
15.111878
15.111878
15.111878
15.111878
14.688384
14.688384
14.688384
14.688384
14.688384
14.688384
14.688384
14.688384
14.688384
14.688384
14.688384
14.688384
14.688384
14.688384
14.688384
14.923352
14.923352
14.923352
14.923352
14.923352
14.923352
14.923352
14.923352
14.923352
14.923352
14.923352
14.923352
14.923352
14.923352
14.923352
14.549514
14.549514
14.549514
14.549514
14.549514
14.549514
14.549514
14.549514
14.549514
14.549514
14.549514
14.549514
14.549514
14.549514
14.549514
15.131219
15.131219
15.131219
15.131219
15.131219
15.131219
15.131219
15.131219
15.131219
15.131219
15.131219
15.131219
15.131219
15.131219
15.131219
15.457874
15.457874
15.457874
15.457874
15.457874
15.457874
15.457874
15.457874
15.457874
15.457874
15.457874
15.457874
15.457874
15.457874
15.457874
15.696229
15.696229
15.696229
15.696229
15.696229
15.696229
15.696229
15.696229
15.696229
15.696229
15.696229
15.696229
15.696229
15.696229
15.696229
17.382400
17.382400
17.382400
17.382400
17.382400
17.382400
17.382400
17.382400
17.382400
17.382400
17.382400
17.382400
17.382400
17.382400
17.382400
17.020401
17.020401
17.020401
17.020401
17.020401
17.020401
17.020401
17.020401
17.020401
17.020401
17.020401
17.020401
17.020401
17.020401
17.020401
15.177542
15.177542
15.177542
15.177542
15.177542
15.177542
15.177542
15.177542
15.177542
15.177542
15.177542
15.177542
15.177542
15.177542
15.177542
16.159923
16.159923
16.159923
16.159923
16.159923
16.159923
16.159923
16.159923
16.159923
16.159923
16.159923
16.159923
16.159923
16.159923
16.159923
16.157482
16.157482
16.157482
16.157482
16.157482
16.157482
16.157482
16.157482
16.157482
16.157482
16.157482
16.157482
16.157482
16.157482
16.157482
16.570693
16.570693
16.570693
16.570693
16.570693
16.570693
16.570693
16.570693
16.570693
16.570693
16.570693
16.570693
16.570693
16.570693
16.570693
17.495285
17.495285
17.495285
17.495285
17.495285
17.495285
17.495285
17.495285
17.495285
17.495285
17.495285
17.495285
17.495285
17.495285
17.495285
18.326934
18.326934
18.326934
18.326934
18.326934
18.326934
18.326934
18.326934
18.326934
18.326934
18.326934
18.326934
18.326934
18.326934
18.326934
18.040702
18.040702
18.040702
18.040702
18.040702
18.040702
18.040702
18.040702
18.040702
18.040702
18.040702
18.040702
18.040702
18.040702
18.040702
18.685115
18.685115
18.685115
18.685115
18.685115
18.685115
18.685115
18.685115
18.685115
18.685115
18.685115
18.685115
18.685115
18.685115
18.685115
17.675416
17.675416
17.675416
17.675416
17.675416
17.675416
17.675416
17.675416
17.675416
17.675416
17.675416
17.675416
17.675416
17.675416
17.675416
17.612971
17.612971
17.612971
17.612971
17.612971
17.612971
17.612971
17.612971
17.612971
17.612971
17.612971
17.612971
17.612971
17.612971
17.612971
17.867006
17.867006
17.867006
17.867006
17.867006
17.867006
17.867006
17.867006
17.867006
17.867006
17.867006
17.867006
17.867006
17.867006
17.867006
17.322526
17.322526
17.322526
17.322526
17.322526
17.322526
17.322526
17.322526
17.322526
17.322526
17.322526
17.322526
17.322526
17.322526
17.322526
17.308177
17.308177
17.308177
17.308177
17.308177
17.308177
17.308177
17.308177
17.308177
17.308177
17.308177
17.308177
17.308177
17.308177
17.308177
17.647246
17.647246
17.647246
17.647246
17.647246
17.647246
17.647246
17.647246
17.647246
17.647246
17.647246
17.647246
17.647246
17.647246
17.647246
17.914194
17.914194
17.914194
17.914194
17.914194
17.914194
17.914194
17.914194
17.914194
17.914194
17.914194
17.914194
17.914194
17.914194
17.914194
17.771744
17.771744
17.771744
17.771744
17.771744
17.771744
17.771744
17.771744
17.771744
17.771744
17.771744
17.771744
17.771744
17.771744
17.771744
17.406056
17.406056
17.406056
17.406056
17.406056
17.406056
17.406056
17.406056
17.406056
17.406056
17.406056
17.406056
17.406056
17.406056
17.406056
15.482841
15.482841
15.482841
15.482841
15.482841
15.482841
15.482841
15.482841
15.482841
15.482841
15.482841
15.482841
15.482841
15.482841
15.482841
15.528061
15.528061
15.528061
15.528061
15.528061
15.528061
15.528061
15.528061
15.528061
15.528061
15.528061
15.528061
15.528061
15.528061
15.528061
17.162890
17.162890
17.162890
17.162890
17.162890
17.162890
17.162890
17.162890
17.162890
17.162890
17.162890
17.162890
17.162890
17.162890
17.162890
17.702532
17.702532
17.702532
17.702532
17.702532
17.702532
17.702532
17.702532
17.702532
17.702532
17.702532
17.702532
17.702532
17.702532
17.702532
17.868026
17.868026
17.868026
17.868026
17.868026
17.868026
17.868026
17.868026
17.868026
17.868026
17.868026
17.868026
17.868026
17.868026
17.868026
17.435767
17.435767
17.435767
17.435767
17.435767
17.435767
17.435767
17.435767
17.435767
17.435767
17.435767
17.435767
17.435767
17.435767
17.435767
16.738298
16.738298
16.738298
16.738298
16.738298
16.738298
16.738298
16.738298
16.738298
16.738298
16.738298
16.738298
16.738298
16.738298
16.738298
17.278410
17.278410
17.278410
17.278410
17.278410
17.278410
17.278410
17.278410
17.278410
17.278410
17.278410
17.278410
17.278410
17.278410
17.278410
17.770634
17.770634
17.770634
17.770634
17.770634
17.770634
17.770634
17.770634
17.770634
17.770634
17.770634
17.770634
17.770634
17.770634
17.770634
17.002532
17.002532
17.002532
17.002532
17.002532
17.002532
17.002532
17.002532
17.002532
17.002532
17.002532
17.002532
17.002532
17.002532
17.002532
17.461863
17.461863
17.461863
17.461863
17.461863
17.461863
17.461863
17.461863
17.461863
17.461863
17.461863
17.461863
17.461863
17.461863
17.461863
17.667624
17.667624
17.667624
17.667624
17.667624
17.667624
17.667624
17.667624
17.667624
17.667624
17.667624
17.667624
17.667624
17.667624
17.667624
17.064189
17.064189
17.064189
17.064189
17.064189
17.064189
17.064189
17.064189
17.064189
17.064189
17.064189
17.064189
17.064189
17.064189
17.064189
17.049200
17.049200
17.049200
17.049200
17.049200
17.049200
17.049200
17.049200
17.049200
17.049200
17.049200
17.049200
17.049200
17.049200
17.049200
16.614411
16.614411
16.614411
16.614411
16.614411
16.614411
16.614411
16.614411
16.614411
16.614411
16.614411
16.614411
16.614411
16.614411
16.614411
16.605019
16.605019
16.605019
16.605019
16.605019
16.605019
16.605019
16.605019
16.605019
16.605019
16.605019
16.605019
16.605019
16.605019
16.605019
15.787226
15.787226
15.787226
15.787226
15.787226
15.787226
15.787226
15.787226
15.787226
15.787226
15.787226
15.787226
15.787226
15.787226
15.787226
15.448042
15.448042
15.448042
15.448042
15.448042
15.448042
15.448042
15.448042
15.448042
15.448042
15.448042
15.448042
15.448042
15.448042
15.448042
14.946137
14.946137
14.946137
14.946137
14.946137
14.946137
14.946137
14.946137
14.946137
14.946137
14.946137
14.946137
14.946137
14.946137
14.946137
14.591147
14.591147
14.591147
14.591147
14.591147
14.591147
14.591147
14.591147
14.591147
14.591147
14.591147
14.591147
14.591147
14.591147
14.591147
15.294273
15.294273
15.294273
15.294273
15.294273
15.294273
15.294273
15.294273
15.294273
15.294273
15.294273
15.294273
15.294273
15.294273
15.294273
15.163509
15.163509
15.163509
15.163509
15.163509
15.163509
15.163509
15.163509
15.163509
15.163509
15.163509
15.163509
15.163509
15.163509
15.163509
15.149585
15.149585
15.149585
15.149585
15.149585
15.149585
15.149585
15.149585
15.149585
15.149585
15.149585
15.149585
15.149585
15.149585
15.149585
15.042833
15.042833
15.042833
15.042833
15.042833
15.042833
15.042833
15.042833
15.042833
15.042833
15.042833
15.042833
15.042833
15.042833
15.042833
