6.476292
6.476292
6.476292
6.476292
6.476292
6.476292
6.476292
6.476292
6.476292
6.476292
6.476292
6.476292
6.476292
6.476292
6.476292
6.349317
6.349317
6.349317
6.349317
6.349317
6.349317
6.349317
6.349317
6.349317
6.349317
6.349317
6.349317
6.349317
6.349317
6.349317
6.224352
6.224352
6.224352
6.224352
6.224352
6.224352
6.224352
6.224352
6.224352
6.224352
6.224352
6.224352
6.224352
6.224352
6.224352
5.967243
5.967243
5.967243
5.967243
5.967243
5.967243
5.967243
5.967243
5.967243
5.967243
5.967243
5.967243
5.967243
5.967243
5.967243
5.676122
5.676122
5.676122
5.676122
5.676122
5.676122
5.676122
5.676122
5.676122
5.676122
5.676122
5.676122
5.676122
5.676122
5.676122
6.273867
6.273867
6.273867
6.273867
6.273867
6.273867
6.273867
6.273867
6.273867
6.273867
6.273867
6.273867
6.273867
6.273867
6.273867
6.964587
6.964587
6.964587
6.964587
6.964587
6.964587
6.964587
6.964587
6.964587
6.964587
6.964587
6.964587
6.964587
6.964587
6.964587
8.636483
8.636483
8.636483
8.636483
8.636483
8.636483
8.636483
8.636483
8.636483
8.636483
8.636483
8.636483
8.636483
8.636483
8.636483
6.113719
6.113719
6.113719
6.113719
6.113719
6.113719
6.113719
6.113719
6.113719
6.113719
6.113719
6.113719
6.113719
6.113719
6.113719
5.597199
5.597199
5.597199
5.597199
5.597199
5.597199
5.597199
5.597199
5.597199
5.597199
5.597199
5.597199
5.597199
5.597199
5.597199
5.741513
5.741513
5.741513
5.741513
5.741513
5.741513
5.741513
5.741513
5.741513
5.741513
5.741513
5.741513
5.741513
5.741513
5.741513
5.661226
5.661226
5.661226
5.661226
5.661226
5.661226
5.661226
5.661226
5.661226
5.661226
5.661226
5.661226
5.661226
5.661226
5.661226
7.580411
7.580411
7.580411
7.580411
7.580411
7.580411
7.580411
7.580411
7.580411
7.580411
7.580411
7.580411
7.580411
7.580411
7.580411
5.983684
5.983684
5.983684
5.983684
5.983684
5.983684
5.983684
5.983684
5.983684
5.983684
5.983684
5.983684
5.983684
5.983684
5.983684
6.056173
6.056173
6.056173
6.056173
6.056173
6.056173
6.056173
6.056173
6.056173
6.056173
6.056173
6.056173
6.056173
6.056173
6.056173
6.204951
6.204951
6.204951
6.204951
6.204951
6.204951
6.204951
6.204951
6.204951
6.204951
6.204951
6.204951
6.204951
6.204951
6.204951
5.505448
5.505448
5.505448
5.505448
5.505448
5.505448
5.505448
5.505448
5.505448
5.505448
5.505448
5.505448
5.505448
5.505448
5.505448
5.398248
5.398248
5.398248
5.398248
5.398248
5.398248
5.398248
5.398248
5.398248
5.398248
5.398248
5.398248
5.398248
5.398248
5.398248
5.411023
5.411023
5.411023
5.411023
5.411023
5.411023
5.411023
5.411023
5.411023
5.411023
5.411023
5.411023
5.411023
5.411023
5.411023
5.870655
5.870655
5.870655
5.870655
5.870655
5.870655
5.870655
5.870655
5.870655
5.870655
5.870655
5.870655
5.870655
5.870655
5.870655
5.720141
5.720141
5.720141
5.720141
5.720141
5.720141
5.720141
5.720141
5.720141
5.720141
5.720141
5.720141
5.720141
5.720141
5.720141
6.470330
6.470330
6.470330
6.470330
6.470330
6.470330
6.470330
6.470330
6.470330
6.470330
6.470330
6.470330
6.470330
6.470330
6.470330
7.010155
7.010155
7.010155
7.010155
7.010155
7.010155
7.010155
7.010155
7.010155
7.010155
7.010155
7.010155
7.010155
7.010155
7.010155
7.752365
7.752365
7.752365
7.752365
7.752365
7.752365
7.752365
7.752365
7.752365
7.752365
7.752365
7.752365
7.752365
7.752365
7.752365
7.895315
7.895315
7.895315
7.895315
7.895315
7.895315
7.895315
7.895315
7.895315
7.895315
7.895315
7.895315
7.895315
7.895315
7.895315
5.839417
5.839417
5.839417
5.839417
5.839417
5.839417
5.839417
5.839417
5.839417
5.839417
5.839417
5.839417
5.839417
5.839417
5.839417
6.813366
6.813366
6.813366
6.813366
6.813366
6.813366
6.813366
6.813366
6.813366
6.813366
6.813366
6.813366
6.813366
6.813366
6.813366
10.137431
10.137431
10.137431
10.137431
10.137431
10.137431
10.137431
10.137431
10.137431
10.137431
10.137431
10.137431
10.137431
10.137431
10.137431
6.461179
6.461179
6.461179
6.461179
6.461179
6.461179
6.461179
6.461179
6.461179
6.461179
6.461179
6.461179
6.461179
6.461179
6.461179
5.525338
5.525338
5.525338
5.525338
5.525338
5.525338
5.525338
5.525338
5.525338
5.525338
5.525338
5.525338
5.525338
5.525338
5.525338
6.391708
6.391708
6.391708
6.391708
6.391708
6.391708
6.391708
6.391708
6.391708
6.391708
6.391708
6.391708
6.391708
6.391708
6.391708
6.693635
6.693635
6.693635
6.693635
6.693635
6.693635
6.693635
6.693635
6.693635
6.693635
6.693635
6.693635
6.693635
6.693635
6.693635
6.018843
6.018843
6.018843
6.018843
6.018843
6.018843
6.018843
6.018843
6.018843
6.018843
6.018843
6.018843
6.018843
6.018843
6.018843
5.957159
5.957159
5.957159
5.957159
5.957159
5.957159
5.957159
5.957159
5.957159
5.957159
5.957159
5.957159
5.957159
5.957159
5.957159
5.586690
5.586690
5.586690
5.586690
5.586690
5.586690
5.586690
5.586690
5.586690
5.586690
5.586690
5.586690
5.586690
5.586690
5.586690
6.018459
6.018459
6.018459
6.018459
6.018459
6.018459
6.018459
6.018459
6.018459
6.018459
6.018459
6.018459
6.018459
6.018459
6.018459
6.349322
6.349322
6.349322
6.349322
6.349322
6.349322
6.349322
6.349322
6.349322
6.349322
6.349322
6.349322
6.349322
6.349322
6.349322
6.615167
6.615167
6.615167
6.615167
6.615167
6.615167
6.615167
6.615167
6.615167
6.615167
6.615167
6.615167
6.615167
6.615167
6.615167
8.474996
8.474996
8.474996
8.474996
8.474996
8.474996
8.474996
8.474996
8.474996
8.474996
8.474996
8.474996
8.474996
8.474996
8.474996
7.893173
7.893173
7.893173
7.893173
7.893173
7.893173
7.893173
7.893173
7.893173
7.893173
7.893173
7.893173
7.893173
7.893173
7.893173
13.388087
13.388087
13.388087
13.388087
13.388087
13.388087
13.388087
13.388087
13.388087
13.388087
13.388087
13.388087
13.388087
13.388087
13.388087
14.961461
14.961461
14.961461
14.961461
14.961461
14.961461
14.961461
14.961461
14.961461
14.961461
14.961461
14.961461
14.961461
14.961461
14.961461
13.326930
13.326930
13.326930
13.326930
13.326930
13.326930
13.326930
13.326930
13.326930
13.326930
13.326930
13.326930
13.326930
13.326930
13.326930
14.698776
14.698776
14.698776
14.698776
14.698776
14.698776
14.698776
14.698776
14.698776
14.698776
14.698776
14.698776
14.698776
14.698776
14.698776
14.564276
14.564276
14.564276
14.564276
14.564276
14.564276
14.564276
14.564276
14.564276
14.564276
14.564276
14.564276
14.564276
14.564276
14.564276
12.249720
12.249720
12.249720
12.249720
12.249720
12.249720
12.249720
12.249720
12.249720
12.249720
12.249720
12.249720
12.249720
12.249720
12.249720
15.663938
15.663938
15.663938
15.663938
15.663938
15.663938
15.663938
15.663938
15.663938
15.663938
15.663938
15.663938
15.663938
15.663938
15.663938
18.709236
18.709236
18.709236
18.709236
18.709236
18.709236
18.709236
18.709236
18.709236
18.709236
18.709236
18.709236
18.709236
18.709236
18.709236
14.906552
14.906552
14.906552
14.906552
14.906552
14.906552
14.906552
14.906552
14.906552
14.906552
14.906552
14.906552
14.906552
14.906552
14.906552
14.022336
14.022336
14.022336
14.022336
14.022336
14.022336
14.022336
14.022336
14.022336
14.022336
14.022336
14.022336
14.022336
14.022336
14.022336
16.553415
16.553415
16.553415
16.553415
16.553415
16.553415
16.553415
16.553415
16.553415
16.553415
16.553415
16.553415
16.553415
16.553415
16.553415
13.510348
13.510348
13.510348
13.510348
13.510348
13.510348
13.510348
13.510348
13.510348
13.510348
13.510348
13.510348
13.510348
13.510348
13.510348
12.534404
12.534404
12.534404
12.534404
12.534404
12.534404
12.534404
12.534404
12.534404
12.534404
12.534404
12.534404
12.534404
12.534404
12.534404
11.718073
11.718073
11.718073
11.718073
11.718073
11.718073
11.718073
11.718073
11.718073
11.718073
11.718073
11.718073
11.718073
11.718073
11.718073
10.551846
10.551846
10.551846
10.551846
10.551846
10.551846
10.551846
10.551846
10.551846
10.551846
10.551846
10.551846
10.551846
10.551846
10.551846
9.969510
9.969510
9.969510
9.969510
9.969510
9.969510
9.969510
9.969510
9.969510
9.969510
9.969510
9.969510
9.969510
9.969510
9.969510
7.201334
7.201334
7.201334
7.201334
7.201334
7.201334
7.201334
7.201334
7.201334
7.201334
7.201334
7.201334
7.201334
7.201334
7.201334
6.856233
6.856233
6.856233
6.856233
6.856233
6.856233
6.856233
6.856233
6.856233
6.856233
6.856233
6.856233
6.856233
6.856233
6.856233
7.400933
7.400933
7.400933
7.400933
7.400933
7.400933
7.400933
7.400933
7.400933
7.400933
7.400933
7.400933
7.400933
7.400933
7.400933
8.170534
8.170534
8.170534
8.170534
8.170534
8.170534
8.170534
8.170534
8.170534
8.170534
8.170534
8.170534
8.170534
8.170534
8.170534
7.211859
7.211859
7.211859
7.211859
7.211859
7.211859
7.211859
7.211859
7.211859
7.211859
7.211859
7.211859
7.211859
7.211859
7.211859
7.868421
7.868421
7.868421
7.868421
7.868421
7.868421
7.868421
7.868421
7.868421
7.868421
7.868421
7.868421
7.868421
7.868421
7.868421
10.147182
10.147182
10.147182
10.147182
10.147182
10.147182
10.147182
10.147182
10.147182
10.147182
10.147182
10.147182
10.147182
10.147182
10.147182
10.161146
10.161146
10.161146
10.161146
10.161146
10.161146
10.161146
10.161146
10.161146
10.161146
10.161146
10.161146
10.161146
10.161146
10.161146
9.037648
9.037648
9.037648
9.037648
9.037648
9.037648
9.037648
9.037648
9.037648
9.037648
9.037648
9.037648
9.037648
9.037648
9.037648
6.594232
6.594232
6.594232
6.594232
6.594232
6.594232
6.594232
6.594232
6.594232
6.594232
6.594232
6.594232
6.594232
6.594232
6.594232
6.799291
6.799291
6.799291
6.799291
6.799291
6.799291
6.799291
6.799291
6.799291
6.799291
6.799291
6.799291
6.799291
6.799291
6.799291
6.850968
6.850968
6.850968
6.850968
6.850968
6.850968
6.850968
6.850968
6.850968
6.850968
6.850968
6.850968
6.850968
6.850968
6.850968
7.445800
7.445800
7.445800
7.445800
7.445800
7.445800
7.445800
7.445800
7.445800
7.445800
7.445800
7.445800
7.445800
7.445800
7.445800
6.962260
6.962260
6.962260
6.962260
6.962260
6.962260
6.962260
6.962260
6.962260
6.962260
6.962260
6.962260
6.962260
6.962260
6.962260
6.230762
6.230762
6.230762
6.230762
6.230762
6.230762
6.230762
6.230762
6.230762
6.230762
6.230762
6.230762
6.230762
6.230762
6.230762
5.522995
5.522995
5.522995
5.522995
5.522995
5.522995
5.522995
5.522995
5.522995
5.522995
5.522995
5.522995
5.522995
5.522995
5.522995
5.540468
5.540468
5.540468
5.540468
5.540468
5.540468
5.540468
5.540468
5.540468
5.540468
5.540468
5.540468
5.540468
5.540468
5.540468
5.584347
5.584347
5.584347
5.584347
5.584347
5.584347
5.584347
5.584347
5.584347
5.584347
5.584347
5.584347
5.584347
5.584347
5.584347
6.373904
6.373904
6.373904
6.373904
6.373904
6.373904
6.373904
6.373904
6.373904
6.373904
6.373904
6.373904
6.373904
6.373904
6.373904
7.370163
7.370163
7.370163
7.370163
7.370163
7.370163
7.370163
7.370163
7.370163
7.370163
7.370163
7.370163
7.370163
7.370163
7.370163
11.555522
11.555522
11.555522
11.555522
11.555522
11.555522
11.555522
11.555522
11.555522
11.555522
11.555522
11.555522
11.555522
11.555522
11.555522
9.274716
9.274716
9.274716
9.274716
9.274716
9.274716
9.274716
9.274716
9.274716
9.274716
9.274716
9.274716
9.274716
9.274716
9.274716
9.090183
9.090183
9.090183
9.090183
9.090183
9.090183
9.090183
9.090183
9.090183
9.090183
9.090183
9.090183
9.090183
9.090183
9.090183
8.438645
8.438645
8.438645
8.438645
8.438645
8.438645
8.438645
8.438645
8.438645
8.438645
8.438645
8.438645
8.438645
8.438645
8.438645
7.226719
7.226719
7.226719
7.226719
7.226719
7.226719
7.226719
7.226719
7.226719
7.226719
7.226719
7.226719
7.226719
7.226719
7.226719
7.397958
7.397958
7.397958
7.397958
7.397958
7.397958
7.397958
7.397958
7.397958
7.397958
7.397958
7.397958
7.397958
7.397958
7.397958
7.125953
7.125953
7.125953
7.125953
7.125953
7.125953
7.125953
7.125953
7.125953
7.125953
7.125953
7.125953
7.125953
7.125953
7.125953
6.798284
6.798284
6.798284
6.798284
6.798284
6.798284
6.798284
6.798284
6.798284
6.798284
6.798284
6.798284
6.798284
6.798284
6.798284
6.094317
6.094317
6.094317
6.094317
6.094317
6.094317
6.094317
6.094317
6.094317
6.094317
6.094317
6.094317
6.094317
6.094317
6.094317
6.051475
6.051475
6.051475
6.051475
6.051475
6.051475
6.051475
6.051475
6.051475
6.051475
6.051475
6.051475
6.051475
6.051475
6.051475
6.289276
6.289276
6.289276
6.289276
6.289276
6.289276
6.289276
6.289276
6.289276
6.289276
6.289276
6.289276
6.289276
6.289276
6.289276
7.562332
7.562332
7.562332
7.562332
7.562332
7.562332
7.562332
7.562332
7.562332
7.562332
7.562332
7.562332
7.562332
7.562332
7.562332
6.834127
6.834127
6.834127
6.834127
6.834127
6.834127
6.834127
6.834127
6.834127
6.834127
6.834127
6.834127
6.834127
6.834127
6.834127
7.849601
7.849601
7.849601
7.849601
7.849601
7.849601
7.849601
7.849601
7.849601
7.849601
7.849601
7.849601
7.849601
7.849601
7.849601
9.160900
9.160900
9.160900
9.160900
9.160900
9.160900
9.160900
9.160900
9.160900
9.160900
9.160900
9.160900
9.160900
9.160900
9.160900
6.828019
6.828019
6.828019
6.828019
6.828019
6.828019
6.828019
6.828019
6.828019
6.828019
6.828019
6.828019
6.828019
6.828019
6.828019
6.393896
6.393896
6.393896
6.393896
6.393896
6.393896
6.393896
6.393896
6.393896
6.393896
6.393896
6.393896
6.393896
6.393896
6.393896
6.428706
6.428706
6.428706
6.428706
6.428706
6.428706
6.428706
6.428706
6.428706
6.428706
6.428706
6.428706
6.428706
6.428706
6.428706
6.736461
6.736461
6.736461
6.736461
6.736461
6.736461
6.736461
6.736461
6.736461
6.736461
6.736461
6.736461
6.736461
6.736461
6.736461
6.413204
6.413204
6.413204
6.413204
6.413204
6.413204
6.413204
6.413204
6.413204
6.413204
6.413204
6.413204
6.413204
6.413204
6.413204
