3.809490
3.809490
3.809490
3.809490
3.809490
3.809490
3.809490
3.809490
3.809490
3.809490
3.809490
3.809490
3.809490
3.809490
3.809490
3.523689
3.523689
3.523689
3.523689
3.523689
3.523689
3.523689
3.523689
3.523689
3.523689
3.523689
3.523689
3.523689
3.523689
3.523689
3.475292
3.475292
3.475292
3.475292
3.475292
3.475292
3.475292
3.475292
3.475292
3.475292
3.475292
3.475292
3.475292
3.475292
3.475292
3.531489
3.531489
3.531489
3.531489
3.531489
3.531489
3.531489
3.531489
3.531489
3.531489
3.531489
3.531489
3.531489
3.531489
3.531489
3.641167
3.641167
3.641167
3.641167
3.641167
3.641167
3.641167
3.641167
3.641167
3.641167
3.641167
3.641167
3.641167
3.641167
3.641167
3.214676
3.214676
3.214676
3.214676
3.214676
3.214676
3.214676
3.214676
3.214676
3.214676
3.214676
3.214676
3.214676
3.214676
3.214676
3.539687
3.539687
3.539687
3.539687
3.539687
3.539687
3.539687
3.539687
3.539687
3.539687
3.539687
3.539687
3.539687
3.539687
3.539687
2.859324
2.859324
2.859324
2.859324
2.859324
2.859324
2.859324
2.859324
2.859324
2.859324
2.859324
2.859324
2.859324
2.859324
2.859324
2.934118
2.934118
2.934118
2.934118
2.934118
2.934118
2.934118
2.934118
2.934118
2.934118
2.934118
2.934118
2.934118
2.934118
2.934118
2.886745
2.886745
2.886745
2.886745
2.886745
2.886745
2.886745
2.886745
2.886745
2.886745
2.886745
2.886745
2.886745
2.886745
2.886745
3.374495
3.374495
3.374495
3.374495
3.374495
3.374495
3.374495
3.374495
3.374495
3.374495
3.374495
3.374495
3.374495
3.374495
3.374495
2.534570
2.534570
2.534570
2.534570
2.534570
2.534570
2.534570
2.534570
2.534570
2.534570
2.534570
2.534570
2.534570
2.534570
2.534570
2.480286
2.480286
2.480286
2.480286
2.480286
2.480286
2.480286
2.480286
2.480286
2.480286
2.480286
2.480286
2.480286
2.480286
2.480286
2.594787
2.594787
2.594787
2.594787
2.594787
2.594787
2.594787
2.594787
2.594787
2.594787
2.594787
2.594787
2.594787
2.594787
2.594787
2.520699
2.520699
2.520699
2.520699
2.520699
2.520699
2.520699
2.520699
2.520699
2.520699
2.520699
2.520699
2.520699
2.520699
2.520699
2.571121
2.571121
2.571121
2.571121
2.571121
2.571121
2.571121
2.571121
2.571121
2.571121
2.571121
2.571121
2.571121
2.571121
2.571121
2.311800
2.311800
2.311800
2.311800
2.311800
2.311800
2.311800
2.311800
2.311800
2.311800
2.311800
2.311800
2.311800
2.311800
2.311800
2.390504
2.390504
2.390504
2.390504
2.390504
2.390504
2.390504
2.390504
2.390504
2.390504
2.390504
2.390504
2.390504
2.390504
2.390504
3.072424
3.072424
3.072424
3.072424
3.072424
3.072424
3.072424
3.072424
3.072424
3.072424
3.072424
3.072424
3.072424
3.072424
3.072424
2.824278
2.824278
2.824278
2.824278
2.824278
2.824278
2.824278
2.824278
2.824278
2.824278
2.824278
2.824278
2.824278
2.824278
2.824278
2.979767
2.979767
2.979767
2.979767
2.979767
2.979767
2.979767
2.979767
2.979767
2.979767
2.979767
2.979767
2.979767
2.979767
2.979767
3.161758
3.161758
3.161758
3.161758
3.161758
3.161758
3.161758
3.161758
3.161758
3.161758
3.161758
3.161758
3.161758
3.161758
3.161758
3.072665
3.072665
3.072665
3.072665
3.072665
3.072665
3.072665
3.072665
3.072665
3.072665
3.072665
3.072665
3.072665
3.072665
3.072665
2.980447
2.980447
2.980447
2.980447
2.980447
2.980447
2.980447
2.980447
2.980447
2.980447
2.980447
2.980447
2.980447
2.980447
2.980447
3.076486
3.076486
3.076486
3.076486
3.076486
3.076486
3.076486
3.076486
3.076486
3.076486
3.076486
3.076486
3.076486
3.076486
3.076486
2.561024
2.561024
2.561024
2.561024
2.561024
2.561024
2.561024
2.561024
2.561024
2.561024
2.561024
2.561024
2.561024
2.561024
2.561024
4.615883
4.615883
4.615883
4.615883
4.615883
4.615883
4.615883
4.615883
4.615883
4.615883
4.615883
4.615883
4.615883
4.615883
4.615883
4.979246
4.979246
4.979246
4.979246
4.979246
4.979246
4.979246
4.979246
4.979246
4.979246
4.979246
4.979246
4.979246
4.979246
4.979246
4.757839
4.757839
4.757839
4.757839
4.757839
4.757839
4.757839
4.757839
4.757839
4.757839
4.757839
4.757839
4.757839
4.757839
4.757839
6.668278
6.668278
6.668278
6.668278
6.668278
6.668278
6.668278
6.668278
6.668278
6.668278
6.668278
6.668278
6.668278
6.668278
6.668278
12.887961
12.887961
12.887961
12.887961
12.887961
12.887961
12.887961
12.887961
12.887961
12.887961
12.887961
12.887961
12.887961
12.887961
12.887961
15.945803
15.945803
15.945803
15.945803
15.945803
15.945803
15.945803
15.945803
15.945803
15.945803
15.945803
15.945803
15.945803
15.945803
15.945803
23.563495
23.563495
23.563495
23.563495
23.563495
23.563495
23.563495
23.563495
23.563495
23.563495
23.563495
23.563495
23.563495
23.563495
23.563495
25.017445
25.017445
25.017445
25.017445
25.017445
25.017445
25.017445
25.017445
25.017445
25.017445
25.017445
25.017445
25.017445
25.017445
25.017445
30.327230
30.327230
30.327230
30.327230
30.327230
30.327230
30.327230
30.327230
30.327230
30.327230
30.327230
30.327230
30.327230
30.327230
30.327230
33.890582
33.890582
33.890582
33.890582
33.890582
33.890582
33.890582
33.890582
33.890582
33.890582
33.890582
33.890582
33.890582
33.890582
33.890582
37.453079
37.453079
37.453079
37.453079
37.453079
37.453079
37.453079
37.453079
37.453079
37.453079
37.453079
37.453079
37.453079
37.453079
37.453079
41.041127
41.041127
41.041127
41.041127
41.041127
41.041127
41.041127
41.041127
41.041127
41.041127
41.041127
41.041127
41.041127
41.041127
41.041127
41.381207
41.381207
41.381207
41.381207
41.381207
41.381207
41.381207
41.381207
41.381207
41.381207
41.381207
41.381207
41.381207
41.381207
41.381207
42.000388
42.000388
42.000388
42.000388
42.000388
42.000388
42.000388
42.000388
42.000388
42.000388
42.000388
42.000388
42.000388
42.000388
42.000388
45.410230
45.410230
45.410230
45.410230
45.410230
45.410230
45.410230
45.410230
45.410230
45.410230
45.410230
45.410230
45.410230
45.410230
45.410230
48.139773
48.139773
48.139773
48.139773
48.139773
48.139773
48.139773
48.139773
48.139773
48.139773
48.139773
48.139773
48.139773
48.139773
48.139773
48.278175
48.278175
48.278175
48.278175
48.278175
48.278175
48.278175
48.278175
48.278175
48.278175
48.278175
48.278175
48.278175
48.278175
48.278175
48.409562
48.409562
48.409562
48.409562
48.409562
48.409562
48.409562
48.409562
48.409562
48.409562
48.409562
48.409562
48.409562
48.409562
48.409562
46.861610
46.861610
46.861610
46.861610
46.861610
46.861610
46.861610
46.861610
46.861610
46.861610
46.861610
46.861610
46.861610
46.861610
46.861610
49.083720
49.083720
49.083720
49.083720
49.083720
49.083720
49.083720
49.083720
49.083720
49.083720
49.083720
49.083720
49.083720
49.083720
49.083720
49.610382
49.610382
49.610382
49.610382
49.610382
49.610382
49.610382
49.610382
49.610382
49.610382
49.610382
49.610382
49.610382
49.610382
49.610382
49.003438
49.003438
49.003438
49.003438
49.003438
49.003438
49.003438
49.003438
49.003438
49.003438
49.003438
49.003438
49.003438
49.003438
49.003438
49.003434
49.003434
49.003434
49.003434
49.003434
49.003434
49.003434
49.003434
49.003434
49.003434
49.003434
49.003434
49.003434
49.003434
49.003434
42.498326
42.498326
42.498326
42.498326
42.498326
42.498326
42.498326
42.498326
42.498326
42.498326
42.498326
42.498326
42.498326
42.498326
42.498326
45.156055
45.156055
45.156055
45.156055
45.156055
45.156055
45.156055
45.156055
45.156055
45.156055
45.156055
45.156055
45.156055
45.156055
45.156055
42.184434
42.184434
42.184434
42.184434
42.184434
42.184434
42.184434
42.184434
42.184434
42.184434
42.184434
42.184434
42.184434
42.184434
42.184434
44.362929
44.362929
44.362929
44.362929
44.362929
44.362929
44.362929
44.362929
44.362929
44.362929
44.362929
44.362929
44.362929
44.362929
44.362929
42.496584
42.496584
42.496584
42.496584
42.496584
42.496584
42.496584
42.496584
42.496584
42.496584
42.496584
42.496584
42.496584
42.496584
42.496584
41.090006
41.090006
41.090006
41.090006
41.090006
41.090006
41.090006
41.090006
41.090006
41.090006
41.090006
41.090006
41.090006
41.090006
41.090006
42.853939
42.853939
42.853939
42.853939
42.853939
42.853939
42.853939
42.853939
42.853939
42.853939
42.853939
42.853939
42.853939
42.853939
42.853939
42.854470
42.854470
42.854470
42.854470
42.854470
42.854470
42.854470
42.854470
42.854470
42.854470
42.854470
42.854470
42.854470
42.854470
42.854470
44.187646
44.187646
44.187646
44.187646
44.187646
44.187646
44.187646
44.187646
44.187646
44.187646
44.187646
44.187646
44.187646
44.187646
44.187646
47.697970
47.697970
47.697970
47.697970
47.697970
47.697970
47.697970
47.697970
47.697970
47.697970
47.697970
47.697970
47.697970
47.697970
47.697970
43.841022
43.841022
43.841022
43.841022
43.841022
43.841022
43.841022
43.841022
43.841022
43.841022
43.841022
43.841022
43.841022
43.841022
43.841022
46.290060
46.290060
46.290060
46.290060
46.290060
46.290060
46.290060
46.290060
46.290060
46.290060
46.290060
46.290060
46.290060
46.290060
46.290060
48.212749
48.212749
48.212749
48.212749
48.212749
48.212749
48.212749
48.212749
48.212749
48.212749
48.212749
48.212749
48.212749
48.212749
48.212749
48.105499
48.105499
48.105499
48.105499
48.105499
48.105499
48.105499
48.105499
48.105499
48.105499
48.105499
48.105499
48.105499
48.105499
48.105499
51.377636
51.377636
51.377636
51.377636
51.377636
51.377636
51.377636
51.377636
51.377636
51.377636
51.377636
51.377636
51.377636
51.377636
51.377636
50.818143
50.818143
50.818143
50.818143
50.818143
50.818143
50.818143
50.818143
50.818143
50.818143
50.818143
50.818143
50.818143
50.818143
50.818143
47.161551
47.161551
47.161551
47.161551
47.161551
47.161551
47.161551
47.161551
47.161551
47.161551
47.161551
47.161551
47.161551
47.161551
47.161551
45.398748
45.398748
45.398748
45.398748
45.398748
45.398748
45.398748
45.398748
45.398748
45.398748
45.398748
45.398748
45.398748
45.398748
45.398748
46.658914
46.658914
46.658914
46.658914
46.658914
46.658914
46.658914
46.658914
46.658914
46.658914
46.658914
46.658914
46.658914
46.658914
46.658914
46.509572
46.509572
46.509572
46.509572
46.509572
46.509572
46.509572
46.509572
46.509572
46.509572
46.509572
46.509572
46.509572
46.509572
46.509572
46.313680
46.313680
46.313680
46.313680
46.313680
46.313680
46.313680
46.313680
46.313680
46.313680
46.313680
46.313680
46.313680
46.313680
46.313680
45.991170
45.991170
45.991170
45.991170
45.991170
45.991170
45.991170
45.991170
45.991170
45.991170
45.991170
45.991170
45.991170
45.991170
45.991170
44.475556
44.475556
44.475556
44.475556
44.475556
44.475556
44.475556
44.475556
44.475556
44.475556
44.475556
44.475556
44.475556
44.475556
44.475556
44.601536
44.601536
44.601536
44.601536
44.601536
44.601536
44.601536
44.601536
44.601536
44.601536
44.601536
44.601536
44.601536
44.601536
44.601536
38.725525
38.725525
38.725525
38.725525
38.725525
38.725525
38.725525
38.725525
38.725525
38.725525
38.725525
38.725525
38.725525
38.725525
38.725525
35.621120
35.621120
35.621120
35.621120
35.621120
35.621120
35.621120
35.621120
35.621120
35.621120
35.621120
35.621120
35.621120
35.621120
35.621120
36.316494
36.316494
36.316494
36.316494
36.316494
36.316494
36.316494
36.316494
36.316494
36.316494
36.316494
36.316494
36.316494
36.316494
36.316494
25.991142
25.991142
25.991142
25.991142
25.991142
25.991142
25.991142
25.991142
25.991142
25.991142
25.991142
25.991142
25.991142
25.991142
25.991142
22.716654
22.716654
22.716654
22.716654
22.716654
22.716654
22.716654
22.716654
22.716654
22.716654
22.716654
22.716654
22.716654
22.716654
22.716654
22.407511
22.407511
22.407511
22.407511
22.407511
22.407511
22.407511
22.407511
22.407511
22.407511
22.407511
22.407511
22.407511
22.407511
22.407511
22.063665
22.063665
22.063665
22.063665
22.063665
22.063665
22.063665
22.063665
22.063665
22.063665
22.063665
22.063665
22.063665
22.063665
22.063665
18.498251
18.498251
18.498251
18.498251
18.498251
18.498251
18.498251
18.498251
18.498251
18.498251
18.498251
18.498251
18.498251
18.498251
18.498251
16.998957
16.998957
16.998957
16.998957
16.998957
16.998957
16.998957
16.998957
16.998957
16.998957
16.998957
16.998957
16.998957
16.998957
16.998957
17.410626
17.410626
17.410626
17.410626
17.410626
17.410626
17.410626
17.410626
17.410626
17.410626
17.410626
17.410626
17.410626
17.410626
17.410626
16.808029
16.808029
16.808029
16.808029
16.808029
16.808029
16.808029
16.808029
16.808029
16.808029
16.808029
16.808029
16.808029
16.808029
16.808029
15.738194
15.738194
15.738194
15.738194
15.738194
15.738194
15.738194
15.738194
15.738194
15.738194
15.738194
15.738194
15.738194
15.738194
15.738194
13.271321
13.271321
13.271321
13.271321
13.271321
13.271321
13.271321
13.271321
13.271321
13.271321
13.271321
13.271321
13.271321
13.271321
13.271321
11.266432
11.266432
11.266432
11.266432
11.266432
11.266432
11.266432
11.266432
11.266432
11.266432
11.266432
11.266432
11.266432
11.266432
11.266432
8.765751
8.765751
8.765751
8.765751
8.765751
8.765751
8.765751
8.765751
8.765751
8.765751
8.765751
8.765751
8.765751
8.765751
8.765751
7.740396
7.740396
7.740396
7.740396
7.740396
7.740396
7.740396
7.740396
7.740396
7.740396
7.740396
7.740396
7.740396
7.740396
7.740396
7.745841
7.745841
7.745841
7.745841
7.745841
7.745841
7.745841
7.745841
7.745841
7.745841
7.745841
7.745841
7.745841
7.745841
7.745841
4.774225
4.774225
4.774225
4.774225
4.774225
4.774225
4.774225
4.774225
4.774225
4.774225
4.774225
4.774225
4.774225
4.774225
4.774225
3.870802
3.870802
3.870802
3.870802
3.870802
3.870802
3.870802
3.870802
3.870802
3.870802
3.870802
3.870802
3.870802
3.870802
3.870802
3.981706
3.981706
3.981706
3.981706
3.981706
3.981706
3.981706
3.981706
3.981706
3.981706
3.981706
3.981706
3.981706
3.981706
3.981706
4.902213
4.902213
4.902213
4.902213
4.902213
4.902213
4.902213
4.902213
4.902213
4.902213
4.902213
4.902213
4.902213
4.902213
4.902213
4.887171
4.887171
4.887171
4.887171
4.887171
4.887171
4.887171
4.887171
4.887171
4.887171
4.887171
4.887171
4.887171
4.887171
4.887171
4.848720
4.848720
4.848720
4.848720
4.848720
4.848720
4.848720
4.848720
4.848720
4.848720
4.848720
4.848720
4.848720
4.848720
4.848720
