0.987215
0.987215
0.987215
0.987215
0.987215
0.987215
0.987215
0.987215
0.987215
0.987215
0.987215
0.987215
0.987215
0.987215
0.987215
0.897428
0.897428
0.897428
0.897428
0.897428
0.897428
0.897428
0.897428
0.897428
0.897428
0.897428
0.897428
0.897428
0.897428
0.897428
0.951734
0.951734
0.951734
0.951734
0.951734
0.951734
0.951734
0.951734
0.951734
0.951734
0.951734
0.951734
0.951734
0.951734
0.951734
0.813715
0.813715
0.813715
0.813715
0.813715
0.813715
0.813715
0.813715
0.813715
0.813715
0.813715
0.813715
0.813715
0.813715
0.813715
0.934384
0.934384
0.934384
0.934384
0.934384
0.934384
0.934384
0.934384
0.934384
0.934384
0.934384
0.934384
0.934384
0.934384
0.934384
0.939676
0.939676
0.939676
0.939676
0.939676
0.939676
0.939676
0.939676
0.939676
0.939676
0.939676
0.939676
0.939676
0.939676
0.939676
1.065637
1.065637
1.065637
1.065637
1.065637
1.065637
1.065637
1.065637
1.065637
1.065637
1.065637
1.065637
1.065637
1.065637
1.065637
1.018879
1.018879
1.018879
1.018879
1.018879
1.018879
1.018879
1.018879
1.018879
1.018879
1.018879
1.018879
1.018879
1.018879
1.018879
1.165226
1.165226
1.165226
1.165226
1.165226
1.165226
1.165226
1.165226
1.165226
1.165226
1.165226
1.165226
1.165226
1.165226
1.165226
0.952515
0.952515
0.952515
0.952515
0.952515
0.952515
0.952515
0.952515
0.952515
0.952515
0.952515
0.952515
0.952515
0.952515
0.952515
0.832539
0.832539
0.832539
0.832539
0.832539
0.832539
0.832539
0.832539
0.832539
0.832539
0.832539
0.832539
0.832539
0.832539
0.832539
0.978887
0.978887
0.978887
0.978887
0.978887
0.978887
0.978887
0.978887
0.978887
0.978887
0.978887
0.978887
0.978887
0.978887
0.978887
0.826554
0.826554
0.826554
0.826554
0.826554
0.826554
0.826554
0.826554
0.826554
0.826554
0.826554
0.826554
0.826554
0.826554
0.826554
2.195646
2.195646
2.195646
2.195646
2.195646
2.195646
2.195646
2.195646
2.195646
2.195646
2.195646
2.195646
2.195646
2.195646
2.195646
0.877823
0.877823
0.877823
0.877823
0.877823
0.877823
0.877823
0.877823
0.877823
0.877823
0.877823
0.877823
0.877823
0.877823
0.877823
0.978887
0.978887
0.978887
0.978887
0.978887
0.978887
0.978887
0.978887
0.978887
0.978887
0.978887
0.978887
0.978887
0.978887
0.978887
0.759409
0.759409
0.759409
0.759409
0.759409
0.759409
0.759409
0.759409
0.759409
0.759409
0.759409
0.759409
0.759409
0.759409
0.759409
0.835576
0.835576
0.835576
0.835576
0.835576
0.835576
0.835576
0.835576
0.835576
0.835576
0.835576
0.835576
0.835576
0.835576
0.835576
1.446381
1.446381
1.446381
1.446381
1.446381
1.446381
1.446381
1.446381
1.446381
1.446381
1.446381
1.446381
1.446381
1.446381
1.446381
1.464513
1.464513
1.464513
1.464513
1.464513
1.464513
1.464513
1.464513
1.464513
1.464513
1.464513
1.464513
1.464513
1.464513
1.464513
1.366485
1.366485
1.366485
1.366485
1.366485
1.366485
1.366485
1.366485
1.366485
1.366485
1.366485
1.366485
1.366485
1.366485
1.366485
1.319727
1.319727
1.319727
1.319727
1.319727
1.319727
1.319727
1.319727
1.319727
1.319727
1.319727
1.319727
1.319727
1.319727
1.319727
1.490884
1.490884
1.490884
1.490884
1.490884
1.490884
1.490884
1.490884
1.490884
1.490884
1.490884
1.490884
1.490884
1.490884
1.490884
2.146105
2.146105
2.146105
2.146105
2.146105
2.146105
2.146105
2.146105
2.146105
2.146105
2.146105
2.146105
2.146105
2.146105
2.146105
4.437689
4.437689
4.437689
4.437689
4.437689
4.437689
4.437689
4.437689
4.437689
4.437689
4.437689
4.437689
4.437689
4.437689
4.437689
4.157228
4.157228
4.157228
4.157228
4.157228
4.157228
4.157228
4.157228
4.157228
4.157228
4.157228
4.157228
4.157228
4.157228
4.157228
3.696499
3.696499
3.696499
3.696499
3.696499
3.696499
3.696499
3.696499
3.696499
3.696499
3.696499
3.696499
3.696499
3.696499
3.696499
4.666189
4.666189
4.666189
4.666189
4.666189
4.666189
4.666189
4.666189
4.666189
4.666189
4.666189
4.666189
4.666189
4.666189
4.666189
5.457174
5.457174
5.457174
5.457174
5.457174
5.457174
5.457174
5.457174
5.457174
5.457174
5.457174
5.457174
5.457174
5.457174
5.457174
6.278005
6.278005
6.278005
6.278005
6.278005
6.278005
6.278005
6.278005
6.278005
6.278005
6.278005
6.278005
6.278005
6.278005
6.278005
12.605288
12.605288
12.605288
12.605288
12.605288
12.605288
12.605288
12.605288
12.605288
12.605288
12.605288
12.605288
12.605288
12.605288
12.605288
13.616190
13.616190
13.616190
13.616190
13.616190
13.616190
13.616190
13.616190
13.616190
13.616190
13.616190
13.616190
13.616190
13.616190
13.616190
13.657138
13.657138
13.657138
13.657138
13.657138
13.657138
13.657138
13.657138
13.657138
13.657138
13.657138
13.657138
13.657138
13.657138
13.657138
13.406515
13.406515
13.406515
13.406515
13.406515
13.406515
13.406515
13.406515
13.406515
13.406515
13.406515
13.406515
13.406515
13.406515
13.406515
14.521508
14.521508
14.521508
14.521508
14.521508
14.521508
14.521508
14.521508
14.521508
14.521508
14.521508
14.521508
14.521508
14.521508
14.521508
14.072495
14.072495
14.072495
14.072495
14.072495
14.072495
14.072495
14.072495
14.072495
14.072495
14.072495
14.072495
14.072495
14.072495
14.072495
14.008387
14.008387
14.008387
14.008387
14.008387
14.008387
14.008387
14.008387
14.008387
14.008387
14.008387
14.008387
14.008387
14.008387
14.008387
14.613383
14.613383
14.613383
14.613383
14.613383
14.613383
14.613383
14.613383
14.613383
14.613383
14.613383
14.613383
14.613383
14.613383
14.613383
14.309235
14.309235
14.309235
14.309235
14.309235
14.309235
14.309235
14.309235
14.309235
14.309235
14.309235
14.309235
14.309235
14.309235
14.309235
13.264765
13.264765
13.264765
13.264765
13.264765
13.264765
13.264765
13.264765
13.264765
13.264765
13.264765
13.264765
13.264765
13.264765
13.264765
11.240286
11.240286
11.240286
11.240286
11.240286
11.240286
11.240286
11.240286
11.240286
11.240286
11.240286
11.240286
11.240286
11.240286
11.240286
14.784804
14.784804
14.784804
14.784804
14.784804
14.784804
14.784804
14.784804
14.784804
14.784804
14.784804
14.784804
14.784804
14.784804
14.784804
17.372804
17.372804
17.372804
17.372804
17.372804
17.372804
17.372804
17.372804
17.372804
17.372804
17.372804
17.372804
17.372804
17.372804
17.372804
13.224949
13.224949
13.224949
13.224949
13.224949
13.224949
13.224949
13.224949
13.224949
13.224949
13.224949
13.224949
13.224949
13.224949
13.224949
12.002644
12.002644
12.002644
12.002644
12.002644
12.002644
12.002644
12.002644
12.002644
12.002644
12.002644
12.002644
12.002644
12.002644
12.002644
11.747597
11.747597
11.747597
11.747597
11.747597
11.747597
11.747597
11.747597
11.747597
11.747597
11.747597
11.747597
11.747597
11.747597
11.747597
10.198853
10.198853
10.198853
10.198853
10.198853
10.198853
10.198853
10.198853
10.198853
10.198853
10.198853
10.198853
10.198853
10.198853
10.198853
12.913254
12.913254
12.913254
12.913254
12.913254
12.913254
12.913254
12.913254
12.913254
12.913254
12.913254
12.913254
12.913254
12.913254
12.913254
14.819319
14.819319
14.819319
14.819319
14.819319
14.819319
14.819319
14.819319
14.819319
14.819319
14.819319
14.819319
14.819319
14.819319
14.819319
14.368999
14.368999
14.368999
14.368999
14.368999
14.368999
14.368999
14.368999
14.368999
14.368999
14.368999
14.368999
14.368999
14.368999
14.368999
12.974931
12.974931
12.974931
12.974931
12.974931
12.974931
12.974931
12.974931
12.974931
12.974931
12.974931
12.974931
12.974931
12.974931
12.974931
12.717629
12.717629
12.717629
12.717629
12.717629
12.717629
12.717629
12.717629
12.717629
12.717629
12.717629
12.717629
12.717629
12.717629
12.717629
11.964723
11.964723
11.964723
11.964723
11.964723
11.964723
11.964723
11.964723
11.964723
11.964723
11.964723
11.964723
11.964723
11.964723
11.964723
15.645689
15.645689
15.645689
15.645689
15.645689
15.645689
15.645689
15.645689
15.645689
15.645689
15.645689
15.645689
15.645689
15.645689
15.645689
10.491794
10.491794
10.491794
10.491794
10.491794
10.491794
10.491794
10.491794
10.491794
10.491794
10.491794
10.491794
10.491794
10.491794
10.491794
11.212774
11.212774
11.212774
11.212774
11.212774
11.212774
11.212774
11.212774
11.212774
11.212774
11.212774
11.212774
11.212774
11.212774
11.212774
11.699356
11.699356
11.699356
11.699356
11.699356
11.699356
11.699356
11.699356
11.699356
11.699356
11.699356
11.699356
11.699356
11.699356
11.699356
12.855648
12.855648
12.855648
12.855648
12.855648
12.855648
12.855648
12.855648
12.855648
12.855648
12.855648
12.855648
12.855648
12.855648
12.855648
12.849751
12.849751
12.849751
12.849751
12.849751
12.849751
12.849751
12.849751
12.849751
12.849751
12.849751
12.849751
12.849751
12.849751
12.849751
16.832952
16.832952
16.832952
16.832952
16.832952
16.832952
16.832952
16.832952
16.832952
16.832952
16.832952
16.832952
16.832952
16.832952
16.832952
15.030293
15.030293
15.030293
15.030293
15.030293
15.030293
15.030293
15.030293
15.030293
15.030293
15.030293
15.030293
15.030293
15.030293
15.030293
18.810252
18.810252
18.810252
18.810252
18.810252
18.810252
18.810252
18.810252
18.810252
18.810252
18.810252
18.810252
18.810252
18.810252
18.810252
17.780008
17.780008
17.780008
17.780008
17.780008
17.780008
17.780008
17.780008
17.780008
17.780008
17.780008
17.780008
17.780008
17.780008
17.780008
12.260806
12.260806
12.260806
12.260806
12.260806
12.260806
12.260806
12.260806
12.260806
12.260806
12.260806
12.260806
12.260806
12.260806
12.260806
9.876302
9.876302
9.876302
9.876302
9.876302
9.876302
9.876302
9.876302
9.876302
9.876302
9.876302
9.876302
9.876302
9.876302
9.876302
10.753783
10.753783
10.753783
10.753783
10.753783
10.753783
10.753783
10.753783
10.753783
10.753783
10.753783
10.753783
10.753783
10.753783
10.753783
11.019677
11.019677
11.019677
11.019677
11.019677
11.019677
11.019677
11.019677
11.019677
11.019677
11.019677
11.019677
11.019677
11.019677
11.019677
7.602858
7.602858
7.602858
7.602858
7.602858
7.602858
7.602858
7.602858
7.602858
7.602858
7.602858
7.602858
7.602858
7.602858
7.602858
6.439106
6.439106
6.439106
6.439106
6.439106
6.439106
6.439106
6.439106
6.439106
6.439106
6.439106
6.439106
6.439106
6.439106
6.439106
5.825176
5.825176
5.825176
5.825176
5.825176
5.825176
5.825176
5.825176
5.825176
5.825176
5.825176
5.825176
5.825176
5.825176
5.825176
5.387001
5.387001
5.387001
5.387001
5.387001
5.387001
5.387001
5.387001
5.387001
5.387001
5.387001
5.387001
5.387001
5.387001
5.387001
5.242567
5.242567
5.242567
5.242567
5.242567
5.242567
5.242567
5.242567
5.242567
5.242567
5.242567
5.242567
5.242567
5.242567
5.242567
5.123547
5.123547
5.123547
5.123547
5.123547
5.123547
5.123547
5.123547
5.123547
5.123547
5.123547
5.123547
5.123547
5.123547
5.123547
5.327325
5.327325
5.327325
5.327325
5.327325
5.327325
5.327325
5.327325
5.327325
5.327325
5.327325
5.327325
5.327325
5.327325
5.327325
3.565255
3.565255
3.565255
3.565255
3.565255
3.565255
3.565255
3.565255
3.565255
3.565255
3.565255
3.565255
3.565255
3.565255
3.565255
1.827214
1.827214
1.827214
1.827214
1.827214
1.827214
1.827214
1.827214
1.827214
1.827214
1.827214
1.827214
1.827214
1.827214
1.827214
1.819666
1.819666
1.819666
1.819666
1.819666
1.819666
1.819666
1.819666
1.819666
1.819666
1.819666
1.819666
1.819666
1.819666
1.819666
1.343062
1.343062
1.343062
1.343062
1.343062
1.343062
1.343062
1.343062
1.343062
1.343062
1.343062
1.343062
1.343062
1.343062
1.343062
1.281990
1.281990
1.281990
1.281990
1.281990
1.281990
1.281990
1.281990
1.281990
1.281990
1.281990
1.281990
1.281990
1.281990
1.281990
1.265421
1.265421
1.265421
1.265421
1.265421
1.265421
1.265421
1.265421
1.265421
1.265421
1.265421
1.265421
1.265421
1.265421
1.265421
1.966190
1.966190
1.966190
1.966190
1.966190
1.966190
1.966190
1.966190
1.966190
1.966190
1.966190
1.966190
1.966190
1.966190
1.966190
2.026656
2.026656
2.026656
2.026656
2.026656
2.026656
2.026656
2.026656
2.026656
2.026656
2.026656
2.026656
2.026656
2.026656
2.026656
0.935165
0.935165
0.935165
0.935165
0.935165
0.935165
0.935165
0.935165
0.935165
0.935165
0.935165
0.935165
0.935165
0.935165
0.935165
0.957807
0.957807
0.957807
0.957807
0.957807
0.957807
0.957807
0.957807
0.957807
0.957807
0.957807
0.957807
0.957807
0.957807
0.957807
1.061126
1.061126
1.061126
1.061126
1.061126
1.061126
1.061126
1.061126
1.061126
1.061126
1.061126
1.061126
1.061126
1.061126
1.061126
1.071710
1.071710
1.071710
1.071710
1.071710
1.071710
1.071710
1.071710
1.071710
1.071710
1.071710
1.071710
1.071710
1.071710
1.071710
0.903501
0.903501
0.903501
0.903501
0.903501
0.903501
0.903501
0.903501
0.903501
0.903501
0.903501
0.903501
0.903501
0.903501
0.903501
0.938201
0.938201
0.938201
0.938201
0.938201
0.938201
0.938201
0.938201
0.938201
0.938201
0.938201
0.938201
0.938201
0.938201
0.938201
0.948004
0.948004
0.948004
0.948004
0.948004
0.948004
0.948004
0.948004
0.948004
0.948004
0.948004
0.948004
0.948004
0.948004
0.948004
0.853707
0.853707
0.853707
0.853707
0.853707
0.853707
0.853707
0.853707
0.853707
0.853707
0.853707
0.853707
0.853707
0.853707
0.853707
0.947223
0.947223
0.947223
0.947223
0.947223
0.947223
0.947223
0.947223
0.947223
0.947223
0.947223
0.947223
0.947223
0.947223
0.947223
0.831065
0.831065
0.831065
0.831065
0.831065
0.831065
0.831065
0.831065
0.831065
0.831065
0.831065
0.831065
0.831065
0.831065
0.831065
0.997018
0.997018
0.997018
0.997018
0.997018
0.997018
0.997018
0.997018
0.997018
0.997018
0.997018
0.997018
0.997018
0.997018
0.997018
1.024171
1.024171
1.024171
1.024171
1.024171
1.024171
1.024171
1.024171
1.024171
1.024171
1.024171
1.024171
1.024171
1.024171
1.024171
1.021915
1.021915
1.021915
1.021915
1.021915
1.021915
1.021915
1.021915
1.021915
1.021915
1.021915
1.021915
1.021915
1.021915
1.021915
0.886151
0.886151
0.886151
0.886151
0.886151
0.886151
0.886151
0.886151
0.886151
0.886151
0.886151
0.886151
0.886151
0.886151
0.886151
