10.613167
10.613167
10.613167
10.613167
10.613167
10.613167
10.613167
10.613167
10.613167
10.613167
10.613167
10.613167
10.613167
10.613167
10.613167
10.503264
10.503264
10.503264
10.503264
10.503264
10.503264
10.503264
10.503264
10.503264
10.503264
10.503264
10.503264
10.503264
10.503264
10.503264
9.618837
9.618837
9.618837
9.618837
9.618837
9.618837
9.618837
9.618837
9.618837
9.618837
9.618837
9.618837
9.618837
9.618837
9.618837
7.622933
7.622933
7.622933
7.622933
7.622933
7.622933
7.622933
7.622933
7.622933
7.622933
7.622933
7.622933
7.622933
7.622933
7.622933
7.951968
7.951968
7.951968
7.951968
7.951968
7.951968
7.951968
7.951968
7.951968
7.951968
7.951968
7.951968
7.951968
7.951968
7.951968
7.370081
7.370081
7.370081
7.370081
7.370081
7.370081
7.370081
7.370081
7.370081
7.370081
7.370081
7.370081
7.370081
7.370081
7.370081
7.221925
7.221925
7.221925
7.221925
7.221925
7.221925
7.221925
7.221925
7.221925
7.221925
7.221925
7.221925
7.221925
7.221925
7.221925
7.142252
7.142252
7.142252
7.142252
7.142252
7.142252
7.142252
7.142252
7.142252
7.142252
7.142252
7.142252
7.142252
7.142252
7.142252
7.304910
7.304910
7.304910
7.304910
7.304910
7.304910
7.304910
7.304910
7.304910
7.304910
7.304910
7.304910
7.304910
7.304910
7.304910
7.196798
7.196798
7.196798
7.196798
7.196798
7.196798
7.196798
7.196798
7.196798
7.196798
7.196798
7.196798
7.196798
7.196798
7.196798
7.112194
7.112194
7.112194
7.112194
7.112194
7.112194
7.112194
7.112194
7.112194
7.112194
7.112194
7.112194
7.112194
7.112194
7.112194
6.944646
6.944646
6.944646
6.944646
6.944646
6.944646
6.944646
6.944646
6.944646
6.944646
6.944646
6.944646
6.944646
6.944646
6.944646
7.082115
7.082115
7.082115
7.082115
7.082115
7.082115
7.082115
7.082115
7.082115
7.082115
7.082115
7.082115
7.082115
7.082115
7.082115
6.578049
6.578049
6.578049
6.578049
6.578049
6.578049
6.578049
6.578049
6.578049
6.578049
6.578049
6.578049
6.578049
6.578049
6.578049
6.366247
6.366247
6.366247
6.366247
6.366247
6.366247
6.366247
6.366247
6.366247
6.366247
6.366247
6.366247
6.366247
6.366247
6.366247
7.097580
7.097580
7.097580
7.097580
7.097580
7.097580
7.097580
7.097580
7.097580
7.097580
7.097580
7.097580
7.097580
7.097580
7.097580
7.103812
7.103812
7.103812
7.103812
7.103812
7.103812
7.103812
7.103812
7.103812
7.103812
7.103812
7.103812
7.103812
7.103812
7.103812
7.094299
7.094299
7.094299
7.094299
7.094299
7.094299
7.094299
7.094299
7.094299
7.094299
7.094299
7.094299
7.094299
7.094299
7.094299
6.713697
6.713697
6.713697
6.713697
6.713697
6.713697
6.713697
6.713697
6.713697
6.713697
6.713697
6.713697
6.713697
6.713697
6.713697
7.101800
7.101800
7.101800
7.101800
7.101800
7.101800
7.101800
7.101800
7.101800
7.101800
7.101800
7.101800
7.101800
7.101800
7.101800
6.871733
6.871733
6.871733
6.871733
6.871733
6.871733
6.871733
6.871733
6.871733
6.871733
6.871733
6.871733
6.871733
6.871733
6.871733
6.660942
6.660942
6.660942
6.660942
6.660942
6.660942
6.660942
6.660942
6.660942
6.660942
6.660942
6.660942
6.660942
6.660942
6.660942
8.798895
8.798895
8.798895
8.798895
8.798895
8.798895
8.798895
8.798895
8.798895
8.798895
8.798895
8.798895
8.798895
8.798895
8.798895
9.068643
9.068643
9.068643
9.068643
9.068643
9.068643
9.068643
9.068643
9.068643
9.068643
9.068643
9.068643
9.068643
9.068643
9.068643
9.302280
9.302280
9.302280
9.302280
9.302280
9.302280
9.302280
9.302280
9.302280
9.302280
9.302280
9.302280
9.302280
9.302280
9.302280
9.188086
9.188086
9.188086
9.188086
9.188086
9.188086
9.188086
9.188086
9.188086
9.188086
9.188086
9.188086
9.188086
9.188086
9.188086
9.102716
9.102716
9.102716
9.102716
9.102716
9.102716
9.102716
9.102716
9.102716
9.102716
9.102716
9.102716
9.102716
9.102716
9.102716
9.806558
9.806558
9.806558
9.806558
9.806558
9.806558
9.806558
9.806558
9.806558
9.806558
9.806558
9.806558
9.806558
9.806558
9.806558
8.642832
8.642832
8.642832
8.642832
8.642832
8.642832
8.642832
8.642832
8.642832
8.642832
8.642832
8.642832
8.642832
8.642832
8.642832
7.771115
7.771115
7.771115
7.771115
7.771115
7.771115
7.771115
7.771115
7.771115
7.771115
7.771115
7.771115
7.771115
7.771115
7.771115
7.382194
7.382194
7.382194
7.382194
7.382194
7.382194
7.382194
7.382194
7.382194
7.382194
7.382194
7.382194
7.382194
7.382194
7.382194
7.205857
7.205857
7.205857
7.205857
7.205857
7.205857
7.205857
7.205857
7.205857
7.205857
7.205857
7.205857
7.205857
7.205857
7.205857
6.814762
6.814762
6.814762
6.814762
6.814762
6.814762
6.814762
6.814762
6.814762
6.814762
6.814762
6.814762
6.814762
6.814762
6.814762
7.186290
7.186290
7.186290
7.186290
7.186290
7.186290
7.186290
7.186290
7.186290
7.186290
7.186290
7.186290
7.186290
7.186290
7.186290
7.606844
7.606844
7.606844
7.606844
7.606844
7.606844
7.606844
7.606844
7.606844
7.606844
7.606844
7.606844
7.606844
7.606844
7.606844
7.589090
7.589090
7.589090
7.589090
7.589090
7.589090
7.589090
7.589090
7.589090
7.589090
7.589090
7.589090
7.589090
7.589090
7.589090
8.663412
8.663412
8.663412
8.663412
8.663412
8.663412
8.663412
8.663412
8.663412
8.663412
8.663412
8.663412
8.663412
8.663412
8.663412
9.936244
9.936244
9.936244
9.936244
9.936244
9.936244
9.936244
9.936244
9.936244
9.936244
9.936244
9.936244
9.936244
9.936244
9.936244
9.827994
9.827994
9.827994
9.827994
9.827994
9.827994
9.827994
9.827994
9.827994
9.827994
9.827994
9.827994
9.827994
9.827994
9.827994
8.720711
8.720711
8.720711
8.720711
8.720711
8.720711
8.720711
8.720711
8.720711
8.720711
8.720711
8.720711
8.720711
8.720711
8.720711
10.714127
10.714127
10.714127
10.714127
10.714127
10.714127
10.714127
10.714127
10.714127
10.714127
10.714127
10.714127
10.714127
10.714127
10.714127
11.202971
11.202971
11.202971
11.202971
11.202971
11.202971
11.202971
11.202971
11.202971
11.202971
11.202971
11.202971
11.202971
11.202971
11.202971
10.439776
10.439776
10.439776
10.439776
10.439776
10.439776
10.439776
10.439776
10.439776
10.439776
10.439776
10.439776
10.439776
10.439776
10.439776
11.324398
11.324398
11.324398
11.324398
11.324398
11.324398
11.324398
11.324398
11.324398
11.324398
11.324398
11.324398
11.324398
11.324398
11.324398
11.705547
11.705547
11.705547
11.705547
11.705547
11.705547
11.705547
11.705547
11.705547
11.705547
11.705547
11.705547
11.705547
11.705547
11.705547
11.591247
11.591247
11.591247
11.591247
11.591247
11.591247
11.591247
11.591247
11.591247
11.591247
11.591247
11.591247
11.591247
11.591247
11.591247
14.884238
14.884238
14.884238
14.884238
14.884238
14.884238
14.884238
14.884238
14.884238
14.884238
14.884238
14.884238
14.884238
14.884238
14.884238
16.117873
16.117873
16.117873
16.117873
16.117873
16.117873
16.117873
16.117873
16.117873
16.117873
16.117873
16.117873
16.117873
16.117873
16.117873
17.026558
17.026558
17.026558
17.026558
17.026558
17.026558
17.026558
17.026558
17.026558
17.026558
17.026558
17.026558
17.026558
17.026558
17.026558
17.498072
17.498072
17.498072
17.498072
17.498072
17.498072
17.498072
17.498072
17.498072
17.498072
17.498072
17.498072
17.498072
17.498072
17.498072
15.064301
15.064301
15.064301
15.064301
15.064301
15.064301
15.064301
15.064301
15.064301
15.064301
15.064301
15.064301
15.064301
15.064301
15.064301
15.718225
15.718225
15.718225
15.718225
15.718225
15.718225
15.718225
15.718225
15.718225
15.718225
15.718225
15.718225
15.718225
15.718225
15.718225
15.754433
15.754433
15.754433
15.754433
15.754433
15.754433
15.754433
15.754433
15.754433
15.754433
15.754433
15.754433
15.754433
15.754433
15.754433
15.590370
15.590370
15.590370
15.590370
15.590370
15.590370
15.590370
15.590370
15.590370
15.590370
15.590370
15.590370
15.590370
15.590370
15.590370
16.283624
16.283624
16.283624
16.283624
16.283624
16.283624
16.283624
16.283624
16.283624
16.283624
16.283624
16.283624
16.283624
16.283624
16.283624
13.277254
13.277254
13.277254
13.277254
13.277254
13.277254
13.277254
13.277254
13.277254
13.277254
13.277254
13.277254
13.277254
13.277254
13.277254
12.971391
12.971391
12.971391
12.971391
12.971391
12.971391
12.971391
12.971391
12.971391
12.971391
12.971391
12.971391
12.971391
12.971391
12.971391
12.378272
12.378272
12.378272
12.378272
12.378272
12.378272
12.378272
12.378272
12.378272
12.378272
12.378272
12.378272
12.378272
12.378272
12.378272
12.596479
12.596479
12.596479
12.596479
12.596479
12.596479
12.596479
12.596479
12.596479
12.596479
12.596479
12.596479
12.596479
12.596479
12.596479
14.688628
14.688628
14.688628
14.688628
14.688628
14.688628
14.688628
14.688628
14.688628
14.688628
14.688628
14.688628
14.688628
14.688628
14.688628
15.141747
15.141747
15.141747
15.141747
15.141747
15.141747
15.141747
15.141747
15.141747
15.141747
15.141747
15.141747
15.141747
15.141747
15.141747
14.683282
14.683282
14.683282
14.683282
14.683282
14.683282
14.683282
14.683282
14.683282
14.683282
14.683282
14.683282
14.683282
14.683282
14.683282
13.887718
13.887718
13.887718
13.887718
13.887718
13.887718
13.887718
13.887718
13.887718
13.887718
13.887718
13.887718
13.887718
13.887718
13.887718
13.542591
13.542591
13.542591
13.542591
13.542591
13.542591
13.542591
13.542591
13.542591
13.542591
13.542591
13.542591
13.542591
13.542591
13.542591
13.042927
13.042927
13.042927
13.042927
13.042927
13.042927
13.042927
13.042927
13.042927
13.042927
13.042927
13.042927
13.042927
13.042927
13.042927
13.788295
13.788295
13.788295
13.788295
13.788295
13.788295
13.788295
13.788295
13.788295
13.788295
13.788295
13.788295
13.788295
13.788295
13.788295
16.219509
16.219509
16.219509
16.219509
16.219509
16.219509
16.219509
16.219509
16.219509
16.219509
16.219509
16.219509
16.219509
16.219509
16.219509
20.242988
20.242988
20.242988
20.242988
20.242988
20.242988
20.242988
20.242988
20.242988
20.242988
20.242988
20.242988
20.242988
20.242988
20.242988
20.483131
20.483131
20.483131
20.483131
20.483131
20.483131
20.483131
20.483131
20.483131
20.483131
20.483131
20.483131
20.483131
20.483131
20.483131
17.978879
17.978879
17.978879
17.978879
17.978879
17.978879
17.978879
17.978879
17.978879
17.978879
17.978879
17.978879
17.978879
17.978879
17.978879
17.607870
17.607870
17.607870
17.607870
17.607870
17.607870
17.607870
17.607870
17.607870
17.607870
17.607870
17.607870
17.607870
17.607870
17.607870
18.348010
18.348010
18.348010
18.348010
18.348010
18.348010
18.348010
18.348010
18.348010
18.348010
18.348010
18.348010
18.348010
18.348010
18.348010
18.558896
18.558896
18.558896
18.558896
18.558896
18.558896
18.558896
18.558896
18.558896
18.558896
18.558896
18.558896
18.558896
18.558896
18.558896
19.633819
19.633819
19.633819
19.633819
19.633819
19.633819
19.633819
19.633819
19.633819
19.633819
19.633819
19.633819
19.633819
19.633819
19.633819
20.932399
20.932399
20.932399
20.932399
20.932399
20.932399
20.932399
20.932399
20.932399
20.932399
20.932399
20.932399
20.932399
20.932399
20.932399
21.243954
21.243954
21.243954
21.243954
21.243954
21.243954
21.243954
21.243954
21.243954
21.243954
21.243954
21.243954
21.243954
21.243954
21.243954
21.431122
21.431122
21.431122
21.431122
21.431122
21.431122
21.431122
21.431122
21.431122
21.431122
21.431122
21.431122
21.431122
21.431122
21.431122
19.602366
19.602366
19.602366
19.602366
19.602366
19.602366
19.602366
19.602366
19.602366
19.602366
19.602366
19.602366
19.602366
19.602366
19.602366
19.295837
19.295837
19.295837
19.295837
19.295837
19.295837
19.295837
19.295837
19.295837
19.295837
19.295837
19.295837
19.295837
19.295837
19.295837
18.326601
18.326601
18.326601
18.326601
18.326601
18.326601
18.326601
18.326601
18.326601
18.326601
18.326601
18.326601
18.326601
18.326601
18.326601
18.901223
18.901223
18.901223
18.901223
18.901223
18.901223
18.901223
18.901223
18.901223
18.901223
18.901223
18.901223
18.901223
18.901223
18.901223
20.296177
20.296177
20.296177
20.296177
20.296177
20.296177
20.296177
20.296177
20.296177
20.296177
20.296177
20.296177
20.296177
20.296177
20.296177
18.841585
18.841585
18.841585
18.841585
18.841585
18.841585
18.841585
18.841585
18.841585
18.841585
18.841585
18.841585
18.841585
18.841585
18.841585
17.447680
17.447680
17.447680
17.447680
17.447680
17.447680
17.447680
17.447680
17.447680
17.447680
17.447680
17.447680
17.447680
17.447680
17.447680
17.839149
17.839149
17.839149
17.839149
17.839149
17.839149
17.839149
17.839149
17.839149
17.839149
17.839149
17.839149
17.839149
17.839149
17.839149
16.340433
16.340433
16.340433
16.340433
16.340433
16.340433
16.340433
16.340433
16.340433
16.340433
16.340433
16.340433
16.340433
16.340433
16.340433
16.063384
16.063384
16.063384
16.063384
16.063384
16.063384
16.063384
16.063384
16.063384
16.063384
16.063384
16.063384
16.063384
16.063384
16.063384
15.049833
15.049833
15.049833
15.049833
15.049833
15.049833
15.049833
15.049833
15.049833
15.049833
15.049833
15.049833
15.049833
15.049833
15.049833
15.615478
15.615478
15.615478
15.615478
15.615478
15.615478
15.615478
15.615478
15.615478
15.615478
15.615478
15.615478
15.615478
15.615478
15.615478
15.001684
15.001684
15.001684
15.001684
15.001684
15.001684
15.001684
15.001684
15.001684
15.001684
15.001684
15.001684
15.001684
15.001684
15.001684
14.282942
14.282942
14.282942
14.282942
14.282942
14.282942
14.282942
14.282942
14.282942
14.282942
14.282942
14.282942
14.282942
14.282942
14.282942
14.111622
14.111622
14.111622
14.111622
14.111622
14.111622
14.111622
14.111622
14.111622
14.111622
14.111622
14.111622
14.111622
14.111622
14.111622
12.632352
12.632352
12.632352
12.632352
12.632352
12.632352
12.632352
12.632352
12.632352
12.632352
12.632352
12.632352
12.632352
12.632352
12.632352
11.159118
11.159118
11.159118
11.159118
11.159118
11.159118
11.159118
11.159118
11.159118
11.159118
11.159118
11.159118
11.159118
11.159118
11.159118
10.719807
10.719807
10.719807
10.719807
10.719807
10.719807
10.719807
10.719807
10.719807
10.719807
10.719807
10.719807
10.719807
10.719807
10.719807
11.244280
11.244280
11.244280
11.244280
11.244280
11.244280
11.244280
11.244280
11.244280
11.244280
11.244280
11.244280
11.244280
11.244280
11.244280
