52.684260
52.684260
52.684260
52.684260
52.684260
52.684260
52.684260
52.684260
52.684260
52.684260
52.684260
52.684260
52.684260
52.684260
52.684260
58.510297
58.510297
58.510297
58.510297
58.510297
58.510297
58.510297
58.510297
58.510297
58.510297
58.510297
58.510297
58.510297
58.510297
58.510297
50.250059
50.250059
50.250059
50.250059
50.250059
50.250059
50.250059
50.250059
50.250059
50.250059
50.250059
50.250059
50.250059
50.250059
50.250059
42.409478
42.409478
42.409478
42.409478
42.409478
42.409478
42.409478
42.409478
42.409478
42.409478
42.409478
42.409478
42.409478
42.409478
42.409478
36.722654
36.722654
36.722654
36.722654
36.722654
36.722654
36.722654
36.722654
36.722654
36.722654
36.722654
36.722654
36.722654
36.722654
36.722654
31.254000
31.254000
31.254000
31.254000
31.254000
31.254000
31.254000
31.254000
31.254000
31.254000
31.254000
31.254000
31.254000
31.254000
31.254000
46.992555
46.992555
46.992555
46.992555
46.992555
46.992555
46.992555
46.992555
46.992555
46.992555
46.992555
46.992555
46.992555
46.992555
46.992555
47.129138
47.129138
47.129138
47.129138
47.129138
47.129138
47.129138
47.129138
47.129138
47.129138
47.129138
47.129138
47.129138
47.129138
47.129138
40.834876
40.834876
40.834876
40.834876
40.834876
40.834876
40.834876
40.834876
40.834876
40.834876
40.834876
40.834876
40.834876
40.834876
40.834876
38.182861
38.182861
38.182861
38.182861
38.182861
38.182861
38.182861
38.182861
38.182861
38.182861
38.182861
38.182861
38.182861
38.182861
38.182861
36.028784
36.028784
36.028784
36.028784
36.028784
36.028784
36.028784
36.028784
36.028784
36.028784
36.028784
36.028784
36.028784
36.028784
36.028784
37.761872
37.761872
37.761872
37.761872
37.761872
37.761872
37.761872
37.761872
37.761872
37.761872
37.761872
37.761872
37.761872
37.761872
37.761872
39.341770
39.341770
39.341770
39.341770
39.341770
39.341770
39.341770
39.341770
39.341770
39.341770
39.341770
39.341770
39.341770
39.341770
39.341770
31.301447
31.301447
31.301447
31.301447
31.301447
31.301447
31.301447
31.301447
31.301447
31.301447
31.301447
31.301447
31.301447
31.301447
31.301447
28.007948
28.007948
28.007948
28.007948
28.007948
28.007948
28.007948
28.007948
28.007948
28.007948
28.007948
28.007948
28.007948
28.007948
28.007948
25.893551
25.893551
25.893551
25.893551
25.893551
25.893551
25.893551
25.893551
25.893551
25.893551
25.893551
25.893551
25.893551
25.893551
25.893551
26.374937
26.374937
26.374937
26.374937
26.374937
26.374937
26.374937
26.374937
26.374937
26.374937
26.374937
26.374937
26.374937
26.374937
26.374937
19.490457
19.490457
19.490457
19.490457
19.490457
19.490457
19.490457
19.490457
19.490457
19.490457
19.490457
19.490457
19.490457
19.490457
19.490457
21.225496
21.225496
21.225496
21.225496
21.225496
21.225496
21.225496
21.225496
21.225496
21.225496
21.225496
21.225496
21.225496
21.225496
21.225496
20.994638
20.994638
20.994638
20.994638
20.994638
20.994638
20.994638
20.994638
20.994638
20.994638
20.994638
20.994638
20.994638
20.994638
20.994638
21.620004
21.620004
21.620004
21.620004
21.620004
21.620004
21.620004
21.620004
21.620004
21.620004
21.620004
21.620004
21.620004
21.620004
21.620004
19.005057
19.005057
19.005057
19.005057
19.005057
19.005057
19.005057
19.005057
19.005057
19.005057
19.005057
19.005057
19.005057
19.005057
19.005057
20.147091
20.147091
20.147091
20.147091
20.147091
20.147091
20.147091
20.147091
20.147091
20.147091
20.147091
20.147091
20.147091
20.147091
20.147091
21.321220
21.321220
21.321220
21.321220
21.321220
21.321220
21.321220
21.321220
21.321220
21.321220
21.321220
21.321220
21.321220
21.321220
21.321220
20.090238
20.090238
20.090238
20.090238
20.090238
20.090238
20.090238
20.090238
20.090238
20.090238
20.090238
20.090238
20.090238
20.090238
20.090238
18.776729
18.776729
18.776729
18.776729
18.776729
18.776729
18.776729
18.776729
18.776729
18.776729
18.776729
18.776729
18.776729
18.776729
18.776729
21.166919
21.166919
21.166919
21.166919
21.166919
21.166919
21.166919
21.166919
21.166919
21.166919
21.166919
21.166919
21.166919
21.166919
21.166919
23.368461
23.368461
23.368461
23.368461
23.368461
23.368461
23.368461
23.368461
23.368461
23.368461
23.368461
23.368461
23.368461
23.368461
23.368461
21.808555
21.808555
21.808555
21.808555
21.808555
21.808555
21.808555
21.808555
21.808555
21.808555
21.808555
21.808555
21.808555
21.808555
21.808555
22.417138
22.417138
22.417138
22.417138
22.417138
22.417138
22.417138
22.417138
22.417138
22.417138
22.417138
22.417138
22.417138
22.417138
22.417138
19.146533
19.146533
19.146533
19.146533
19.146533
19.146533
19.146533
19.146533
19.146533
19.146533
19.146533
19.146533
19.146533
19.146533
19.146533
20.191325
20.191325
20.191325
20.191325
20.191325
20.191325
20.191325
20.191325
20.191325
20.191325
20.191325
20.191325
20.191325
20.191325
20.191325
21.057140
21.057140
21.057140
21.057140
21.057140
21.057140
21.057140
21.057140
21.057140
21.057140
21.057140
21.057140
21.057140
21.057140
21.057140
20.951639
20.951639
20.951639
20.951639
20.951639
20.951639
20.951639
20.951639
20.951639
20.951639
20.951639
20.951639
20.951639
20.951639
20.951639
26.972404
26.972404
26.972404
26.972404
26.972404
26.972404
26.972404
26.972404
26.972404
26.972404
26.972404
26.972404
26.972404
26.972404
26.972404
25.516364
25.516364
25.516364
25.516364
25.516364
25.516364
25.516364
25.516364
25.516364
25.516364
25.516364
25.516364
25.516364
25.516364
25.516364
27.744202
27.744202
27.744202
27.744202
27.744202
27.744202
27.744202
27.744202
27.744202
27.744202
27.744202
27.744202
27.744202
27.744202
27.744202
27.210392
27.210392
27.210392
27.210392
27.210392
27.210392
27.210392
27.210392
27.210392
27.210392
27.210392
27.210392
27.210392
27.210392
27.210392
26.169766
26.169766
26.169766
26.169766
26.169766
26.169766
26.169766
26.169766
26.169766
26.169766
26.169766
26.169766
26.169766
26.169766
26.169766
27.067172
27.067172
27.067172
27.067172
27.067172
27.067172
27.067172
27.067172
27.067172
27.067172
27.067172
27.067172
27.067172
27.067172
27.067172
31.245330
31.245330
31.245330
31.245330
31.245330
31.245330
31.245330
31.245330
31.245330
31.245330
31.245330
31.245330
31.245330
31.245330
31.245330
22.875684
22.875684
22.875684
22.875684
22.875684
22.875684
22.875684
22.875684
22.875684
22.875684
22.875684
22.875684
22.875684
22.875684
22.875684
27.497804
27.497804
27.497804
27.497804
27.497804
27.497804
27.497804
27.497804
27.497804
27.497804
27.497804
27.497804
27.497804
27.497804
27.497804
26.938378
26.938378
26.938378
26.938378
26.938378
26.938378
26.938378
26.938378
26.938378
26.938378
26.938378
26.938378
26.938378
26.938378
26.938378
28.490682
28.490682
28.490682
28.490682
28.490682
28.490682
28.490682
28.490682
28.490682
28.490682
28.490682
28.490682
28.490682
28.490682
28.490682
28.140116
28.140116
28.140116
28.140116
28.140116
28.140116
28.140116
28.140116
28.140116
28.140116
28.140116
28.140116
28.140116
28.140116
28.140116
32.456562
32.456562
32.456562
32.456562
32.456562
32.456562
32.456562
32.456562
32.456562
32.456562
32.456562
32.456562
32.456562
32.456562
32.456562
24.212522
24.212522
24.212522
24.212522
24.212522
24.212522
24.212522
24.212522
24.212522
24.212522
24.212522
24.212522
24.212522
24.212522
24.212522
22.694601
22.694601
22.694601
22.694601
22.694601
22.694601
22.694601
22.694601
22.694601
22.694601
22.694601
22.694601
22.694601
22.694601
22.694601
24.657061
24.657061
24.657061
24.657061
24.657061
24.657061
24.657061
24.657061
24.657061
24.657061
24.657061
24.657061
24.657061
24.657061
24.657061
25.450463
25.450463
25.450463
25.450463
25.450463
25.450463
25.450463
25.450463
25.450463
25.450463
25.450463
25.450463
25.450463
25.450463
25.450463
27.869444
27.869444
27.869444
27.869444
27.869444
27.869444
27.869444
27.869444
27.869444
27.869444
27.869444
27.869444
27.869444
27.869444
27.869444
22.326806
22.326806
22.326806
22.326806
22.326806
22.326806
22.326806
22.326806
22.326806
22.326806
22.326806
22.326806
22.326806
22.326806
22.326806
22.480059
22.480059
22.480059
22.480059
22.480059
22.480059
22.480059
22.480059
22.480059
22.480059
22.480059
22.480059
22.480059
22.480059
22.480059
25.348838
25.348838
25.348838
25.348838
25.348838
25.348838
25.348838
25.348838
25.348838
25.348838
25.348838
25.348838
25.348838
25.348838
25.348838
21.040218
21.040218
21.040218
21.040218
21.040218
21.040218
21.040218
21.040218
21.040218
21.040218
21.040218
21.040218
21.040218
21.040218
21.040218
21.405047
21.405047
21.405047
21.405047
21.405047
21.405047
21.405047
21.405047
21.405047
21.405047
21.405047
21.405047
21.405047
21.405047
21.405047
23.229909
23.229909
23.229909
23.229909
23.229909
23.229909
23.229909
23.229909
23.229909
23.229909
23.229909
23.229909
23.229909
23.229909
23.229909
23.717092
23.717092
23.717092
23.717092
23.717092
23.717092
23.717092
23.717092
23.717092
23.717092
23.717092
23.717092
23.717092
23.717092
23.717092
20.583656
20.583656
20.583656
20.583656
20.583656
20.583656
20.583656
20.583656
20.583656
20.583656
20.583656
20.583656
20.583656
20.583656
20.583656
22.466840
22.466840
22.466840
22.466840
22.466840
22.466840
22.466840
22.466840
22.466840
22.466840
22.466840
22.466840
22.466840
22.466840
22.466840
37.188511
37.188511
37.188511
37.188511
37.188511
37.188511
37.188511
37.188511
37.188511
37.188511
37.188511
37.188511
37.188511
37.188511
37.188511
30.506859
30.506859
30.506859
30.506859
30.506859
30.506859
30.506859
30.506859
30.506859
30.506859
30.506859
30.506859
30.506859
30.506859
30.506859
23.920269
23.920269
23.920269
23.920269
23.920269
23.920269
23.920269
23.920269
23.920269
23.920269
23.920269
23.920269
23.920269
23.920269
23.920269
27.020548
27.020548
27.020548
27.020548
27.020548
27.020548
27.020548
27.020548
27.020548
27.020548
27.020548
27.020548
27.020548
27.020548
27.020548
25.128057
25.128057
25.128057
25.128057
25.128057
25.128057
25.128057
25.128057
25.128057
25.128057
25.128057
25.128057
25.128057
25.128057
25.128057
26.870448
26.870448
26.870448
26.870448
26.870448
26.870448
26.870448
26.870448
26.870448
26.870448
26.870448
26.870448
26.870448
26.870448
26.870448
32.370728
32.370728
32.370728
32.370728
32.370728
32.370728
32.370728
32.370728
32.370728
32.370728
32.370728
32.370728
32.370728
32.370728
32.370728
33.240387
33.240387
33.240387
33.240387
33.240387
33.240387
33.240387
33.240387
33.240387
33.240387
33.240387
33.240387
33.240387
33.240387
33.240387
33.271586
33.271586
33.271586
33.271586
33.271586
33.271586
33.271586
33.271586
33.271586
33.271586
33.271586
33.271586
33.271586
33.271586
33.271586
32.947617
32.947617
32.947617
32.947617
32.947617
32.947617
32.947617
32.947617
32.947617
32.947617
32.947617
32.947617
32.947617
32.947617
32.947617
31.797323
31.797323
31.797323
31.797323
31.797323
31.797323
31.797323
31.797323
31.797323
31.797323
31.797323
31.797323
31.797323
31.797323
31.797323
34.839096
34.839096
34.839096
34.839096
34.839096
34.839096
34.839096
34.839096
34.839096
34.839096
34.839096
34.839096
34.839096
34.839096
34.839096
36.483162
36.483162
36.483162
36.483162
36.483162
36.483162
36.483162
36.483162
36.483162
36.483162
36.483162
36.483162
36.483162
36.483162
36.483162
39.454983
39.454983
39.454983
39.454983
39.454983
39.454983
39.454983
39.454983
39.454983
39.454983
39.454983
39.454983
39.454983
39.454983
39.454983
48.260140
48.260140
48.260140
48.260140
48.260140
48.260140
48.260140
48.260140
48.260140
48.260140
48.260140
48.260140
48.260140
48.260140
48.260140
47.454746
47.454746
47.454746
47.454746
47.454746
47.454746
47.454746
47.454746
47.454746
47.454746
47.454746
47.454746
47.454746
47.454746
47.454746
39.120935
39.120935
39.120935
39.120935
39.120935
39.120935
39.120935
39.120935
39.120935
39.120935
39.120935
39.120935
39.120935
39.120935
39.120935
34.006132
34.006132
34.006132
34.006132
34.006132
34.006132
34.006132
34.006132
34.006132
34.006132
34.006132
34.006132
34.006132
34.006132
34.006132
39.495000
39.495000
39.495000
39.495000
39.495000
39.495000
39.495000
39.495000
39.495000
39.495000
39.495000
39.495000
39.495000
39.495000
39.495000
44.129375
44.129375
44.129375
44.129375
44.129375
44.129375
44.129375
44.129375
44.129375
44.129375
44.129375
44.129375
44.129375
44.129375
44.129375
39.854447
39.854447
39.854447
39.854447
39.854447
39.854447
39.854447
39.854447
39.854447
39.854447
39.854447
39.854447
39.854447
39.854447
39.854447
43.579033
43.579033
43.579033
43.579033
43.579033
43.579033
43.579033
43.579033
43.579033
43.579033
43.579033
43.579033
43.579033
43.579033
43.579033
38.682193
38.682193
38.682193
38.682193
38.682193
38.682193
38.682193
38.682193
38.682193
38.682193
38.682193
38.682193
38.682193
38.682193
38.682193
41.612888
41.612888
41.612888
41.612888
41.612888
41.612888
41.612888
41.612888
41.612888
41.612888
41.612888
41.612888
41.612888
41.612888
41.612888
49.573140
49.573140
49.573140
49.573140
49.573140
49.573140
49.573140
49.573140
49.573140
49.573140
49.573140
49.573140
49.573140
49.573140
49.573140
52.126433
52.126433
52.126433
52.126433
52.126433
52.126433
52.126433
52.126433
52.126433
52.126433
52.126433
52.126433
52.126433
52.126433
52.126433
56.987127
56.987127
56.987127
56.987127
56.987127
56.987127
56.987127
56.987127
56.987127
56.987127
56.987127
56.987127
56.987127
56.987127
56.987127
54.758706
54.758706
54.758706
54.758706
54.758706
54.758706
54.758706
54.758706
54.758706
54.758706
54.758706
54.758706
54.758706
54.758706
54.758706
50.785428
50.785428
50.785428
50.785428
50.785428
50.785428
50.785428
50.785428
50.785428
50.785428
50.785428
50.785428
50.785428
50.785428
50.785428
52.121759
52.121759
52.121759
52.121759
52.121759
52.121759
52.121759
52.121759
52.121759
52.121759
52.121759
52.121759
52.121759
52.121759
52.121759
50.581016
50.581016
50.581016
50.581016
50.581016
50.581016
50.581016
50.581016
50.581016
50.581016
50.581016
50.581016
50.581016
50.581016
50.581016
49.817399
49.817399
49.817399
49.817399
49.817399
49.817399
49.817399
49.817399
49.817399
49.817399
49.817399
49.817399
49.817399
49.817399
49.817399
46.847906
46.847906
46.847906
46.847906
46.847906
46.847906
46.847906
46.847906
46.847906
46.847906
46.847906
46.847906
46.847906
46.847906
46.847906
44.732736
44.732736
44.732736
44.732736
44.732736
44.732736
44.732736
44.732736
44.732736
44.732736
44.732736
44.732736
44.732736
44.732736
44.732736
38.431344
38.431344
38.431344
38.431344
38.431344
38.431344
38.431344
38.431344
38.431344
38.431344
38.431344
38.431344
38.431344
38.431344
38.431344
