49.913683
49.913683
49.913683
49.913683
49.913683
49.913683
49.913683
49.913683
49.913683
49.913683
49.913683
49.913683
49.913683
49.913683
49.913683
41.341544
41.341544
41.341544
41.341544
41.341544
41.341544
41.341544
41.341544
41.341544
41.341544
41.341544
41.341544
41.341544
41.341544
41.341544
36.165367
36.165367
36.165367
36.165367
36.165367
36.165367
36.165367
36.165367
36.165367
36.165367
36.165367
36.165367
36.165367
36.165367
36.165367
35.143549
35.143549
35.143549
35.143549
35.143549
35.143549
35.143549
35.143549
35.143549
35.143549
35.143549
35.143549
35.143549
35.143549
35.143549
37.634959
37.634959
37.634959
37.634959
37.634959
37.634959
37.634959
37.634959
37.634959
37.634959
37.634959
37.634959
37.634959
37.634959
37.634959
33.113516
33.113516
33.113516
33.113516
33.113516
33.113516
33.113516
33.113516
33.113516
33.113516
33.113516
33.113516
33.113516
33.113516
33.113516
30.795248
30.795248
30.795248
30.795248
30.795248
30.795248
30.795248
30.795248
30.795248
30.795248
30.795248
30.795248
30.795248
30.795248
30.795248
22.038894
22.038894
22.038894
22.038894
22.038894
22.038894
22.038894
22.038894
22.038894
22.038894
22.038894
22.038894
22.038894
22.038894
22.038894
20.168282
20.168282
20.168282
20.168282
20.168282
20.168282
20.168282
20.168282
20.168282
20.168282
20.168282
20.168282
20.168282
20.168282
20.168282
20.649196
20.649196
20.649196
20.649196
20.649196
20.649196
20.649196
20.649196
20.649196
20.649196
20.649196
20.649196
20.649196
20.649196
20.649196
21.304195
21.304195
21.304195
21.304195
21.304195
21.304195
21.304195
21.304195
21.304195
21.304195
21.304195
21.304195
21.304195
21.304195
21.304195
28.442423
28.442423
28.442423
28.442423
28.442423
28.442423
28.442423
28.442423
28.442423
28.442423
28.442423
28.442423
28.442423
28.442423
28.442423
25.376196
25.376196
25.376196
25.376196
25.376196
25.376196
25.376196
25.376196
25.376196
25.376196
25.376196
25.376196
25.376196
25.376196
25.376196
21.782784
21.782784
21.782784
21.782784
21.782784
21.782784
21.782784
21.782784
21.782784
21.782784
21.782784
21.782784
21.782784
21.782784
21.782784
26.551994
26.551994
26.551994
26.551994
26.551994
26.551994
26.551994
26.551994
26.551994
26.551994
26.551994
26.551994
26.551994
26.551994
26.551994
24.164093
24.164093
24.164093
24.164093
24.164093
24.164093
24.164093
24.164093
24.164093
24.164093
24.164093
24.164093
24.164093
24.164093
24.164093
30.142103
30.142103
30.142103
30.142103
30.142103
30.142103
30.142103
30.142103
30.142103
30.142103
30.142103
30.142103
30.142103
30.142103
30.142103
27.352173
27.352173
27.352173
27.352173
27.352173
27.352173
27.352173
27.352173
27.352173
27.352173
27.352173
27.352173
27.352173
27.352173
27.352173
26.879045
26.879045
26.879045
26.879045
26.879045
26.879045
26.879045
26.879045
26.879045
26.879045
26.879045
26.879045
26.879045
26.879045
26.879045
28.167590
28.167590
28.167590
28.167590
28.167590
28.167590
28.167590
28.167590
28.167590
28.167590
28.167590
28.167590
28.167590
28.167590
28.167590
17.867223
17.867223
17.867223
17.867223
17.867223
17.867223
17.867223
17.867223
17.867223
17.867223
17.867223
17.867223
17.867223
17.867223
17.867223
21.001600
21.001600
21.001600
21.001600
21.001600
21.001600
21.001600
21.001600
21.001600
21.001600
21.001600
21.001600
21.001600
21.001600
21.001600
23.611913
23.611913
23.611913
23.611913
23.611913
23.611913
23.611913
23.611913
23.611913
23.611913
23.611913
23.611913
23.611913
23.611913
23.611913
22.885292
22.885292
22.885292
22.885292
22.885292
22.885292
22.885292
22.885292
22.885292
22.885292
22.885292
22.885292
22.885292
22.885292
22.885292
23.231072
23.231072
23.231072
23.231072
23.231072
23.231072
23.231072
23.231072
23.231072
23.231072
23.231072
23.231072
23.231072
23.231072
23.231072
19.232290
19.232290
19.232290
19.232290
19.232290
19.232290
19.232290
19.232290
19.232290
19.232290
19.232290
19.232290
19.232290
19.232290
19.232290
17.938452
17.938452
17.938452
17.938452
17.938452
17.938452
17.938452
17.938452
17.938452
17.938452
17.938452
17.938452
17.938452
17.938452
17.938452
18.103657
18.103657
18.103657
18.103657
18.103657
18.103657
18.103657
18.103657
18.103657
18.103657
18.103657
18.103657
18.103657
18.103657
18.103657
18.107823
18.107823
18.107823
18.107823
18.107823
18.107823
18.107823
18.107823
18.107823
18.107823
18.107823
18.107823
18.107823
18.107823
18.107823
17.842766
17.842766
17.842766
17.842766
17.842766
17.842766
17.842766
17.842766
17.842766
17.842766
17.842766
17.842766
17.842766
17.842766
17.842766
21.969949
21.969949
21.969949
21.969949
21.969949
21.969949
21.969949
21.969949
21.969949
21.969949
21.969949
21.969949
21.969949
21.969949
21.969949
19.000742
19.000742
19.000742
19.000742
19.000742
19.000742
19.000742
19.000742
19.000742
19.000742
19.000742
19.000742
19.000742
19.000742
19.000742
17.152954
17.152954
17.152954
17.152954
17.152954
17.152954
17.152954
17.152954
17.152954
17.152954
17.152954
17.152954
17.152954
17.152954
17.152954
17.094112
17.094112
17.094112
17.094112
17.094112
17.094112
17.094112
17.094112
17.094112
17.094112
17.094112
17.094112
17.094112
17.094112
17.094112
19.619573
19.619573
19.619573
19.619573
19.619573
19.619573
19.619573
19.619573
19.619573
19.619573
19.619573
19.619573
19.619573
19.619573
19.619573
18.033910
18.033910
18.033910
18.033910
18.033910
18.033910
18.033910
18.033910
18.033910
18.033910
18.033910
18.033910
18.033910
18.033910
18.033910
19.548172
19.548172
19.548172
19.548172
19.548172
19.548172
19.548172
19.548172
19.548172
19.548172
19.548172
19.548172
19.548172
19.548172
19.548172
21.477152
21.477152
21.477152
21.477152
21.477152
21.477152
21.477152
21.477152
21.477152
21.477152
21.477152
21.477152
21.477152
21.477152
21.477152
20.657924
20.657924
20.657924
20.657924
20.657924
20.657924
20.657924
20.657924
20.657924
20.657924
20.657924
20.657924
20.657924
20.657924
20.657924
21.567938
21.567938
21.567938
21.567938
21.567938
21.567938
21.567938
21.567938
21.567938
21.567938
21.567938
21.567938
21.567938
21.567938
21.567938
17.877506
17.877506
17.877506
17.877506
17.877506
17.877506
17.877506
17.877506
17.877506
17.877506
17.877506
17.877506
17.877506
17.877506
17.877506
17.615566
17.615566
17.615566
17.615566
17.615566
17.615566
17.615566
17.615566
17.615566
17.615566
17.615566
17.615566
17.615566
17.615566
17.615566
13.974014
13.974014
13.974014
13.974014
13.974014
13.974014
13.974014
13.974014
13.974014
13.974014
13.974014
13.974014
13.974014
13.974014
13.974014
14.495363
14.495363
14.495363
14.495363
14.495363
14.495363
14.495363
14.495363
14.495363
14.495363
14.495363
14.495363
14.495363
14.495363
14.495363
15.999040
15.999040
15.999040
15.999040
15.999040
15.999040
15.999040
15.999040
15.999040
15.999040
15.999040
15.999040
15.999040
15.999040
15.999040
16.902612
16.902612
16.902612
16.902612
16.902612
16.902612
16.902612
16.902612
16.902612
16.902612
16.902612
16.902612
16.902612
16.902612
16.902612
17.550331
17.550331
17.550331
17.550331
17.550331
17.550331
17.550331
17.550331
17.550331
17.550331
17.550331
17.550331
17.550331
17.550331
17.550331
17.569347
17.569347
17.569347
17.569347
17.569347
17.569347
17.569347
17.569347
17.569347
17.569347
17.569347
17.569347
17.569347
17.569347
17.569347
28.261566
28.261566
28.261566
28.261566
28.261566
28.261566
28.261566
28.261566
28.261566
28.261566
28.261566
28.261566
28.261566
28.261566
28.261566
28.870448
28.870448
28.870448
28.870448
28.870448
28.870448
28.870448
28.870448
28.870448
28.870448
28.870448
28.870448
28.870448
28.870448
28.870448
20.655283
20.655283
20.655283
20.655283
20.655283
20.655283
20.655283
20.655283
20.655283
20.655283
20.655283
20.655283
20.655283
20.655283
20.655283
22.503727
22.503727
22.503727
22.503727
22.503727
22.503727
22.503727
22.503727
22.503727
22.503727
22.503727
22.503727
22.503727
22.503727
22.503727
27.647081
27.647081
27.647081
27.647081
27.647081
27.647081
27.647081
27.647081
27.647081
27.647081
27.647081
27.647081
27.647081
27.647081
27.647081
25.547566
25.547566
25.547566
25.547566
25.547566
25.547566
25.547566
25.547566
25.547566
25.547566
25.547566
25.547566
25.547566
25.547566
25.547566
27.993722
27.993722
27.993722
27.993722
27.993722
27.993722
27.993722
27.993722
27.993722
27.993722
27.993722
27.993722
27.993722
27.993722
27.993722
27.089792
27.089792
27.089792
27.089792
27.089792
27.089792
27.089792
27.089792
27.089792
27.089792
27.089792
27.089792
27.089792
27.089792
27.089792
27.773013
27.773013
27.773013
27.773013
27.773013
27.773013
27.773013
27.773013
27.773013
27.773013
27.773013
27.773013
27.773013
27.773013
27.773013
25.986884
25.986884
25.986884
25.986884
25.986884
25.986884
25.986884
25.986884
25.986884
25.986884
25.986884
25.986884
25.986884
25.986884
25.986884
29.136766
29.136766
29.136766
29.136766
29.136766
29.136766
29.136766
29.136766
29.136766
29.136766
29.136766
29.136766
29.136766
29.136766
29.136766
26.052973
26.052973
26.052973
26.052973
26.052973
26.052973
26.052973
26.052973
26.052973
26.052973
26.052973
26.052973
26.052973
26.052973
26.052973
20.593703
20.593703
20.593703
20.593703
20.593703
20.593703
20.593703
20.593703
20.593703
20.593703
20.593703
20.593703
20.593703
20.593703
20.593703
19.679375
19.679375
19.679375
19.679375
19.679375
19.679375
19.679375
19.679375
19.679375
19.679375
19.679375
19.679375
19.679375
19.679375
19.679375
19.848273
19.848273
19.848273
19.848273
19.848273
19.848273
19.848273
19.848273
19.848273
19.848273
19.848273
19.848273
19.848273
19.848273
19.848273
16.889570
16.889570
16.889570
16.889570
16.889570
16.889570
16.889570
16.889570
16.889570
16.889570
16.889570
16.889570
16.889570
16.889570
16.889570
18.874951
18.874951
18.874951
18.874951
18.874951
18.874951
18.874951
18.874951
18.874951
18.874951
18.874951
18.874951
18.874951
18.874951
18.874951
19.903546
19.903546
19.903546
19.903546
19.903546
19.903546
19.903546
19.903546
19.903546
19.903546
19.903546
19.903546
19.903546
19.903546
19.903546
18.580951
18.580951
18.580951
18.580951
18.580951
18.580951
18.580951
18.580951
18.580951
18.580951
18.580951
18.580951
18.580951
18.580951
18.580951
19.836710
19.836710
19.836710
19.836710
19.836710
19.836710
19.836710
19.836710
19.836710
19.836710
19.836710
19.836710
19.836710
19.836710
19.836710
17.544890
17.544890
17.544890
17.544890
17.544890
17.544890
17.544890
17.544890
17.544890
17.544890
17.544890
17.544890
17.544890
17.544890
17.544890
19.206523
19.206523
19.206523
19.206523
19.206523
19.206523
19.206523
19.206523
19.206523
19.206523
19.206523
19.206523
19.206523
19.206523
19.206523
19.140077
19.140077
19.140077
19.140077
19.140077
19.140077
19.140077
19.140077
19.140077
19.140077
19.140077
19.140077
19.140077
19.140077
19.140077
24.773110
24.773110
24.773110
24.773110
24.773110
24.773110
24.773110
24.773110
24.773110
24.773110
24.773110
24.773110
24.773110
24.773110
24.773110
30.851832
30.851832
30.851832
30.851832
30.851832
30.851832
30.851832
30.851832
30.851832
30.851832
30.851832
30.851832
30.851832
30.851832
30.851832
33.348383
33.348383
33.348383
33.348383
33.348383
33.348383
33.348383
33.348383
33.348383
33.348383
33.348383
33.348383
33.348383
33.348383
33.348383
45.008918
45.008918
45.008918
45.008918
45.008918
45.008918
45.008918
45.008918
45.008918
45.008918
45.008918
45.008918
45.008918
45.008918
45.008918
50.678427
50.678427
50.678427
50.678427
50.678427
50.678427
50.678427
50.678427
50.678427
50.678427
50.678427
50.678427
50.678427
50.678427
50.678427
50.762080
50.762080
50.762080
50.762080
50.762080
50.762080
50.762080
50.762080
50.762080
50.762080
50.762080
50.762080
50.762080
50.762080
50.762080
52.573021
52.573021
52.573021
52.573021
52.573021
52.573021
52.573021
52.573021
52.573021
52.573021
52.573021
52.573021
52.573021
52.573021
52.573021
58.208588
58.208588
58.208588
58.208588
58.208588
58.208588
58.208588
58.208588
58.208588
58.208588
58.208588
58.208588
58.208588
58.208588
58.208588
50.089366
50.089366
50.089366
50.089366
50.089366
50.089366
50.089366
50.089366
50.089366
50.089366
50.089366
50.089366
50.089366
50.089366
50.089366
58.209867
58.209867
58.209867
58.209867
58.209867
58.209867
58.209867
58.209867
58.209867
58.209867
58.209867
58.209867
58.209867
58.209867
58.209867
61.425625
61.425625
61.425625
61.425625
61.425625
61.425625
61.425625
61.425625
61.425625
61.425625
61.425625
61.425625
61.425625
61.425625
61.425625
64.493525
64.493525
64.493525
64.493525
64.493525
64.493525
64.493525
64.493525
64.493525
64.493525
64.493525
64.493525
64.493525
64.493525
64.493525
57.385400
57.385400
57.385400
57.385400
57.385400
57.385400
57.385400
57.385400
57.385400
57.385400
57.385400
57.385400
57.385400
57.385400
57.385400
60.469195
60.469195
60.469195
60.469195
60.469195
60.469195
60.469195
60.469195
60.469195
60.469195
60.469195
60.469195
60.469195
60.469195
60.469195
64.969220
64.969220
64.969220
64.969220
64.969220
64.969220
64.969220
64.969220
64.969220
64.969220
64.969220
64.969220
64.969220
64.969220
64.969220
74.466050
74.466050
74.466050
74.466050
74.466050
74.466050
74.466050
74.466050
74.466050
74.466050
74.466050
74.466050
74.466050
74.466050
74.466050
70.238402
70.238402
70.238402
70.238402
70.238402
70.238402
70.238402
70.238402
70.238402
70.238402
70.238402
70.238402
70.238402
70.238402
70.238402
67.413431
67.413431
67.413431
67.413431
67.413431
67.413431
67.413431
67.413431
67.413431
67.413431
67.413431
67.413431
67.413431
67.413431
67.413431
64.298757
64.298757
64.298757
64.298757
64.298757
64.298757
64.298757
64.298757
64.298757
64.298757
64.298757
64.298757
64.298757
64.298757
64.298757
60.741064
60.741064
60.741064
60.741064
60.741064
60.741064
60.741064
60.741064
60.741064
60.741064
60.741064
60.741064
60.741064
60.741064
60.741064
58.952944
58.952944
58.952944
58.952944
58.952944
58.952944
58.952944
58.952944
58.952944
58.952944
58.952944
58.952944
58.952944
58.952944
58.952944
69.547720
69.547720
69.547720
69.547720
69.547720
69.547720
69.547720
69.547720
69.547720
69.547720
69.547720
69.547720
69.547720
69.547720
69.547720
66.923706
66.923706
66.923706
66.923706
66.923706
66.923706
66.923706
66.923706
66.923706
66.923706
66.923706
66.923706
66.923706
66.923706
66.923706
67.248146
67.248146
67.248146
67.248146
67.248146
67.248146
67.248146
67.248146
67.248146
67.248146
67.248146
67.248146
67.248146
67.248146
67.248146
52.115392
52.115392
52.115392
52.115392
52.115392
52.115392
52.115392
52.115392
52.115392
52.115392
52.115392
52.115392
52.115392
52.115392
52.115392
