38.906313
38.906313
38.906313
38.906313
38.906313
38.906313
38.906313
38.906313
38.906313
38.906313
38.906313
38.906313
38.906313
38.906313
38.906313
45.225065
45.225065
45.225065
45.225065
45.225065
45.225065
45.225065
45.225065
45.225065
45.225065
45.225065
45.225065
45.225065
45.225065
45.225065
44.132906
44.132906
44.132906
44.132906
44.132906
44.132906
44.132906
44.132906
44.132906
44.132906
44.132906
44.132906
44.132906
44.132906
44.132906
39.098617
39.098617
39.098617
39.098617
39.098617
39.098617
39.098617
39.098617
39.098617
39.098617
39.098617
39.098617
39.098617
39.098617
39.098617
37.717545
37.717545
37.717545
37.717545
37.717545
37.717545
37.717545
37.717545
37.717545
37.717545
37.717545
37.717545
37.717545
37.717545
37.717545
37.336090
37.336090
37.336090
37.336090
37.336090
37.336090
37.336090
37.336090
37.336090
37.336090
37.336090
37.336090
37.336090
37.336090
37.336090
38.643695
38.643695
38.643695
38.643695
38.643695
38.643695
38.643695
38.643695
38.643695
38.643695
38.643695
38.643695
38.643695
38.643695
38.643695
38.676950
38.676950
38.676950
38.676950
38.676950
38.676950
38.676950
38.676950
38.676950
38.676950
38.676950
38.676950
38.676950
38.676950
38.676950
34.203010
34.203010
34.203010
34.203010
34.203010
34.203010
34.203010
34.203010
34.203010
34.203010
34.203010
34.203010
34.203010
34.203010
34.203010
36.351892
36.351892
36.351892
36.351892
36.351892
36.351892
36.351892
36.351892
36.351892
36.351892
36.351892
36.351892
36.351892
36.351892
36.351892
36.927039
36.927039
36.927039
36.927039
36.927039
36.927039
36.927039
36.927039
36.927039
36.927039
36.927039
36.927039
36.927039
36.927039
36.927039
30.992632
30.992632
30.992632
30.992632
30.992632
30.992632
30.992632
30.992632
30.992632
30.992632
30.992632
30.992632
30.992632
30.992632
30.992632
39.003483
39.003483
39.003483
39.003483
39.003483
39.003483
39.003483
39.003483
39.003483
39.003483
39.003483
39.003483
39.003483
39.003483
39.003483
35.038269
35.038269
35.038269
35.038269
35.038269
35.038269
35.038269
35.038269
35.038269
35.038269
35.038269
35.038269
35.038269
35.038269
35.038269
32.251653
32.251653
32.251653
32.251653
32.251653
32.251653
32.251653
32.251653
32.251653
32.251653
32.251653
32.251653
32.251653
32.251653
32.251653
33.303067
33.303067
33.303067
33.303067
33.303067
33.303067
33.303067
33.303067
33.303067
33.303067
33.303067
33.303067
33.303067
33.303067
33.303067
32.596642
32.596642
32.596642
32.596642
32.596642
32.596642
32.596642
32.596642
32.596642
32.596642
32.596642
32.596642
32.596642
32.596642
32.596642
33.397172
33.397172
33.397172
33.397172
33.397172
33.397172
33.397172
33.397172
33.397172
33.397172
33.397172
33.397172
33.397172
33.397172
33.397172
32.517781
32.517781
32.517781
32.517781
32.517781
32.517781
32.517781
32.517781
32.517781
32.517781
32.517781
32.517781
32.517781
32.517781
32.517781
34.528425
34.528425
34.528425
34.528425
34.528425
34.528425
34.528425
34.528425
34.528425
34.528425
34.528425
34.528425
34.528425
34.528425
34.528425
33.063273
33.063273
33.063273
33.063273
33.063273
33.063273
33.063273
33.063273
33.063273
33.063273
33.063273
33.063273
33.063273
33.063273
33.063273
27.399768
27.399768
27.399768
27.399768
27.399768
27.399768
27.399768
27.399768
27.399768
27.399768
27.399768
27.399768
27.399768
27.399768
27.399768
28.487475
28.487475
28.487475
28.487475
28.487475
28.487475
28.487475
28.487475
28.487475
28.487475
28.487475
28.487475
28.487475
28.487475
28.487475
28.313977
28.313977
28.313977
28.313977
28.313977
28.313977
28.313977
28.313977
28.313977
28.313977
28.313977
28.313977
28.313977
28.313977
28.313977
25.440214
25.440214
25.440214
25.440214
25.440214
25.440214
25.440214
25.440214
25.440214
25.440214
25.440214
25.440214
25.440214
25.440214
25.440214
25.210232
25.210232
25.210232
25.210232
25.210232
25.210232
25.210232
25.210232
25.210232
25.210232
25.210232
25.210232
25.210232
25.210232
25.210232
22.829542
22.829542
22.829542
22.829542
22.829542
22.829542
22.829542
22.829542
22.829542
22.829542
22.829542
22.829542
22.829542
22.829542
22.829542
21.912619
21.912619
21.912619
21.912619
21.912619
21.912619
21.912619
21.912619
21.912619
21.912619
21.912619
21.912619
21.912619
21.912619
21.912619
29.650830
29.650830
29.650830
29.650830
29.650830
29.650830
29.650830
29.650830
29.650830
29.650830
29.650830
29.650830
29.650830
29.650830
29.650830
20.706460
20.706460
20.706460
20.706460
20.706460
20.706460
20.706460
20.706460
20.706460
20.706460
20.706460
20.706460
20.706460
20.706460
20.706460
19.280190
19.280190
19.280190
19.280190
19.280190
19.280190
19.280190
19.280190
19.280190
19.280190
19.280190
19.280190
19.280190
19.280190
19.280190
25.659793
25.659793
25.659793
25.659793
25.659793
25.659793
25.659793
25.659793
25.659793
25.659793
25.659793
25.659793
25.659793
25.659793
25.659793
23.778602
23.778602
23.778602
23.778602
23.778602
23.778602
23.778602
23.778602
23.778602
23.778602
23.778602
23.778602
23.778602
23.778602
23.778602
24.381521
24.381521
24.381521
24.381521
24.381521
24.381521
24.381521
24.381521
24.381521
24.381521
24.381521
24.381521
24.381521
24.381521
24.381521
29.523149
29.523149
29.523149
29.523149
29.523149
29.523149
29.523149
29.523149
29.523149
29.523149
29.523149
29.523149
29.523149
29.523149
29.523149
23.643578
23.643578
23.643578
23.643578
23.643578
23.643578
23.643578
23.643578
23.643578
23.643578
23.643578
23.643578
23.643578
23.643578
23.643578
23.873736
23.873736
23.873736
23.873736
23.873736
23.873736
23.873736
23.873736
23.873736
23.873736
23.873736
23.873736
23.873736
23.873736
23.873736
26.848649
26.848649
26.848649
26.848649
26.848649
26.848649
26.848649
26.848649
26.848649
26.848649
26.848649
26.848649
26.848649
26.848649
26.848649
22.738241
22.738241
22.738241
22.738241
22.738241
22.738241
22.738241
22.738241
22.738241
22.738241
22.738241
22.738241
22.738241
22.738241
22.738241
21.463802
21.463802
21.463802
21.463802
21.463802
21.463802
21.463802
21.463802
21.463802
21.463802
21.463802
21.463802
21.463802
21.463802
21.463802
25.972558
25.972558
25.972558
25.972558
25.972558
25.972558
25.972558
25.972558
25.972558
25.972558
25.972558
25.972558
25.972558
25.972558
25.972558
29.142725
29.142725
29.142725
29.142725
29.142725
29.142725
29.142725
29.142725
29.142725
29.142725
29.142725
29.142725
29.142725
29.142725
29.142725
27.591986
27.591986
27.591986
27.591986
27.591986
27.591986
27.591986
27.591986
27.591986
27.591986
27.591986
27.591986
27.591986
27.591986
27.591986
35.899240
35.899240
35.899240
35.899240
35.899240
35.899240
35.899240
35.899240
35.899240
35.899240
35.899240
35.899240
35.899240
35.899240
35.899240
35.012271
35.012271
35.012271
35.012271
35.012271
35.012271
35.012271
35.012271
35.012271
35.012271
35.012271
35.012271
35.012271
35.012271
35.012271
34.814659
34.814659
34.814659
34.814659
34.814659
34.814659
34.814659
34.814659
34.814659
34.814659
34.814659
34.814659
34.814659
34.814659
34.814659
34.353810
34.353810
34.353810
34.353810
34.353810
34.353810
34.353810
34.353810
34.353810
34.353810
34.353810
34.353810
34.353810
34.353810
34.353810
40.229783
40.229783
40.229783
40.229783
40.229783
40.229783
40.229783
40.229783
40.229783
40.229783
40.229783
40.229783
40.229783
40.229783
40.229783
39.574710
39.574710
39.574710
39.574710
39.574710
39.574710
39.574710
39.574710
39.574710
39.574710
39.574710
39.574710
39.574710
39.574710
39.574710
38.049474
38.049474
38.049474
38.049474
38.049474
38.049474
38.049474
38.049474
38.049474
38.049474
38.049474
38.049474
38.049474
38.049474
38.049474
41.459025
41.459025
41.459025
41.459025
41.459025
41.459025
41.459025
41.459025
41.459025
41.459025
41.459025
41.459025
41.459025
41.459025
41.459025
43.087681
43.087681
43.087681
43.087681
43.087681
43.087681
43.087681
43.087681
43.087681
43.087681
43.087681
43.087681
43.087681
43.087681
43.087681
36.782787
36.782787
36.782787
36.782787
36.782787
36.782787
36.782787
36.782787
36.782787
36.782787
36.782787
36.782787
36.782787
36.782787
36.782787
39.522999
39.522999
39.522999
39.522999
39.522999
39.522999
39.522999
39.522999
39.522999
39.522999
39.522999
39.522999
39.522999
39.522999
39.522999
39.768401
39.768401
39.768401
39.768401
39.768401
39.768401
39.768401
39.768401
39.768401
39.768401
39.768401
39.768401
39.768401
39.768401
39.768401
42.448384
42.448384
42.448384
42.448384
42.448384
42.448384
42.448384
42.448384
42.448384
42.448384
42.448384
42.448384
42.448384
42.448384
42.448384
45.395526
45.395526
45.395526
45.395526
45.395526
45.395526
45.395526
45.395526
45.395526
45.395526
45.395526
45.395526
45.395526
45.395526
45.395526
43.687301
43.687301
43.687301
43.687301
43.687301
43.687301
43.687301
43.687301
43.687301
43.687301
43.687301
43.687301
43.687301
43.687301
43.687301
40.699948
40.699948
40.699948
40.699948
40.699948
40.699948
40.699948
40.699948
40.699948
40.699948
40.699948
40.699948
40.699948
40.699948
40.699948
41.188656
41.188656
41.188656
41.188656
41.188656
41.188656
41.188656
41.188656
41.188656
41.188656
41.188656
41.188656
41.188656
41.188656
41.188656
41.178720
41.178720
41.178720
41.178720
41.178720
41.178720
41.178720
41.178720
41.178720
41.178720
41.178720
41.178720
41.178720
41.178720
41.178720
49.300744
49.300744
49.300744
49.300744
49.300744
49.300744
49.300744
49.300744
49.300744
49.300744
49.300744
49.300744
49.300744
49.300744
49.300744
41.923620
41.923620
41.923620
41.923620
41.923620
41.923620
41.923620
41.923620
41.923620
41.923620
41.923620
41.923620
41.923620
41.923620
41.923620
46.122736
46.122736
46.122736
46.122736
46.122736
46.122736
46.122736
46.122736
46.122736
46.122736
46.122736
46.122736
46.122736
46.122736
46.122736
50.198416
50.198416
50.198416
50.198416
50.198416
50.198416
50.198416
50.198416
50.198416
50.198416
50.198416
50.198416
50.198416
50.198416
50.198416
45.580844
45.580844
45.580844
45.580844
45.580844
45.580844
45.580844
45.580844
45.580844
45.580844
45.580844
45.580844
45.580844
45.580844
45.580844
43.167075
43.167075
43.167075
43.167075
43.167075
43.167075
43.167075
43.167075
43.167075
43.167075
43.167075
43.167075
43.167075
43.167075
43.167075
40.007465
40.007465
40.007465
40.007465
40.007465
40.007465
40.007465
40.007465
40.007465
40.007465
40.007465
40.007465
40.007465
40.007465
40.007465
40.727894
40.727894
40.727894
40.727894
40.727894
40.727894
40.727894
40.727894
40.727894
40.727894
40.727894
40.727894
40.727894
40.727894
40.727894
35.453102
35.453102
35.453102
35.453102
35.453102
35.453102
35.453102
35.453102
35.453102
35.453102
35.453102
35.453102
35.453102
35.453102
35.453102
37.163745
37.163745
37.163745
37.163745
37.163745
37.163745
37.163745
37.163745
37.163745
37.163745
37.163745
37.163745
37.163745
37.163745
37.163745
40.395965
40.395965
40.395965
40.395965
40.395965
40.395965
40.395965
40.395965
40.395965
40.395965
40.395965
40.395965
40.395965
40.395965
40.395965
44.469908
44.469908
44.469908
44.469908
44.469908
44.469908
44.469908
44.469908
44.469908
44.469908
44.469908
44.469908
44.469908
44.469908
44.469908
38.547000
38.547000
38.547000
38.547000
38.547000
38.547000
38.547000
38.547000
38.547000
38.547000
38.547000
38.547000
38.547000
38.547000
38.547000
43.974950
43.974950
43.974950
43.974950
43.974950
43.974950
43.974950
43.974950
43.974950
43.974950
43.974950
43.974950
43.974950
43.974950
43.974950
49.886893
49.886893
49.886893
49.886893
49.886893
49.886893
49.886893
49.886893
49.886893
49.886893
49.886893
49.886893
49.886893
49.886893
49.886893
51.066841
51.066841
51.066841
51.066841
51.066841
51.066841
51.066841
51.066841
51.066841
51.066841
51.066841
51.066841
51.066841
51.066841
51.066841
58.408352
58.408352
58.408352
58.408352
58.408352
58.408352
58.408352
58.408352
58.408352
58.408352
58.408352
58.408352
58.408352
58.408352
58.408352
54.955697
54.955697
54.955697
54.955697
54.955697
54.955697
54.955697
54.955697
54.955697
54.955697
54.955697
54.955697
54.955697
54.955697
54.955697
52.597473
52.597473
52.597473
52.597473
52.597473
52.597473
52.597473
52.597473
52.597473
52.597473
52.597473
52.597473
52.597473
52.597473
52.597473
54.440015
54.440015
54.440015
54.440015
54.440015
54.440015
54.440015
54.440015
54.440015
54.440015
54.440015
54.440015
54.440015
54.440015
54.440015
52.084914
52.084914
52.084914
52.084914
52.084914
52.084914
52.084914
52.084914
52.084914
52.084914
52.084914
52.084914
52.084914
52.084914
52.084914
46.125626
46.125626
46.125626
46.125626
46.125626
46.125626
46.125626
46.125626
46.125626
46.125626
46.125626
46.125626
46.125626
46.125626
46.125626
53.949124
53.949124
53.949124
53.949124
53.949124
53.949124
53.949124
53.949124
53.949124
53.949124
53.949124
53.949124
53.949124
53.949124
53.949124
47.359558
47.359558
47.359558
47.359558
47.359558
47.359558
47.359558
47.359558
47.359558
47.359558
47.359558
47.359558
47.359558
47.359558
47.359558
55.491577
55.491577
55.491577
55.491577
55.491577
55.491577
55.491577
55.491577
55.491577
55.491577
55.491577
55.491577
55.491577
55.491577
55.491577
51.184351
51.184351
51.184351
51.184351
51.184351
51.184351
51.184351
51.184351
51.184351
51.184351
51.184351
51.184351
51.184351
51.184351
51.184351
51.897559
51.897559
51.897559
51.897559
51.897559
51.897559
51.897559
51.897559
51.897559
51.897559
51.897559
51.897559
51.897559
51.897559
51.897559
44.153011
44.153011
44.153011
44.153011
44.153011
44.153011
44.153011
44.153011
44.153011
44.153011
44.153011
44.153011
44.153011
44.153011
44.153011
43.953128
43.953128
43.953128
43.953128
43.953128
43.953128
43.953128
43.953128
43.953128
43.953128
43.953128
43.953128
43.953128
43.953128
43.953128
47.436445
47.436445
47.436445
47.436445
47.436445
47.436445
47.436445
47.436445
47.436445
47.436445
47.436445
47.436445
47.436445
47.436445
47.436445
48.380520
48.380520
48.380520
48.380520
48.380520
48.380520
48.380520
48.380520
48.380520
48.380520
48.380520
48.380520
48.380520
48.380520
48.380520
45.770791
45.770791
45.770791
45.770791
45.770791
45.770791
45.770791
45.770791
45.770791
45.770791
45.770791
45.770791
45.770791
45.770791
45.770791
46.139718
46.139718
46.139718
46.139718
46.139718
46.139718
46.139718
46.139718
46.139718
46.139718
46.139718
46.139718
46.139718
46.139718
46.139718
44.306492
44.306492
44.306492
44.306492
44.306492
44.306492
44.306492
44.306492
44.306492
44.306492
44.306492
44.306492
44.306492
44.306492
44.306492
43.568636
43.568636
43.568636
43.568636
43.568636
43.568636
43.568636
43.568636
43.568636
43.568636
43.568636
43.568636
43.568636
43.568636
43.568636
