98.787643
98.787643
98.787643
98.787643
98.787643
98.787643
98.787643
98.787643
98.787643
98.787643
98.787643
98.787643
98.787643
98.787643
98.787643
104.197178
104.197178
104.197178
104.197178
104.197178
104.197178
104.197178
104.197178
104.197178
104.197178
104.197178
104.197178
104.197178
104.197178
104.197178
100.525711
100.525711
100.525711
100.525711
100.525711
100.525711
100.525711
100.525711
100.525711
100.525711
100.525711
100.525711
100.525711
100.525711
100.525711
95.028951
95.028951
95.028951
95.028951
95.028951
95.028951
95.028951
95.028951
95.028951
95.028951
95.028951
95.028951
95.028951
95.028951
95.028951
96.416077
96.416077
96.416077
96.416077
96.416077
96.416077
96.416077
96.416077
96.416077
96.416077
96.416077
96.416077
96.416077
96.416077
96.416077
95.435445
95.435445
95.435445
95.435445
95.435445
95.435445
95.435445
95.435445
95.435445
95.435445
95.435445
95.435445
95.435445
95.435445
95.435445
95.687047
95.687047
95.687047
95.687047
95.687047
95.687047
95.687047
95.687047
95.687047
95.687047
95.687047
95.687047
95.687047
95.687047
95.687047
91.414672
91.414672
91.414672
91.414672
91.414672
91.414672
91.414672
91.414672
91.414672
91.414672
91.414672
91.414672
91.414672
91.414672
91.414672
91.807405
91.807405
91.807405
91.807405
91.807405
91.807405
91.807405
91.807405
91.807405
91.807405
91.807405
91.807405
91.807405
91.807405
91.807405
93.661447
93.661447
93.661447
93.661447
93.661447
93.661447
93.661447
93.661447
93.661447
93.661447
93.661447
93.661447
93.661447
93.661447
93.661447
91.523888
91.523888
91.523888
91.523888
91.523888
91.523888
91.523888
91.523888
91.523888
91.523888
91.523888
91.523888
91.523888
91.523888
91.523888
86.326090
86.326090
86.326090
86.326090
86.326090
86.326090
86.326090
86.326090
86.326090
86.326090
86.326090
86.326090
86.326090
86.326090
86.326090
78.717447
78.717447
78.717447
78.717447
78.717447
78.717447
78.717447
78.717447
78.717447
78.717447
78.717447
78.717447
78.717447
78.717447
78.717447
75.401905
75.401905
75.401905
75.401905
75.401905
75.401905
75.401905
75.401905
75.401905
75.401905
75.401905
75.401905
75.401905
75.401905
75.401905
73.506524
73.506524
73.506524
73.506524
73.506524
73.506524
73.506524
73.506524
73.506524
73.506524
73.506524
73.506524
73.506524
73.506524
73.506524
71.120885
71.120885
71.120885
71.120885
71.120885
71.120885
71.120885
71.120885
71.120885
71.120885
71.120885
71.120885
71.120885
71.120885
71.120885
69.045956
69.045956
69.045956
69.045956
69.045956
69.045956
69.045956
69.045956
69.045956
69.045956
69.045956
69.045956
69.045956
69.045956
69.045956
70.542794
70.542794
70.542794
70.542794
70.542794
70.542794
70.542794
70.542794
70.542794
70.542794
70.542794
70.542794
70.542794
70.542794
70.542794
67.171407
67.171407
67.171407
67.171407
67.171407
67.171407
67.171407
67.171407
67.171407
67.171407
67.171407
67.171407
67.171407
67.171407
67.171407
68.172294
68.172294
68.172294
68.172294
68.172294
68.172294
68.172294
68.172294
68.172294
68.172294
68.172294
68.172294
68.172294
68.172294
68.172294
63.795333
63.795333
63.795333
63.795333
63.795333
63.795333
63.795333
63.795333
63.795333
63.795333
63.795333
63.795333
63.795333
63.795333
63.795333
58.865280
58.865280
58.865280
58.865280
58.865280
58.865280
58.865280
58.865280
58.865280
58.865280
58.865280
58.865280
58.865280
58.865280
58.865280
61.101339
61.101339
61.101339
61.101339
61.101339
61.101339
61.101339
61.101339
61.101339
61.101339
61.101339
61.101339
61.101339
61.101339
61.101339
54.906095
54.906095
54.906095
54.906095
54.906095
54.906095
54.906095
54.906095
54.906095
54.906095
54.906095
54.906095
54.906095
54.906095
54.906095
48.475876
48.475876
48.475876
48.475876
48.475876
48.475876
48.475876
48.475876
48.475876
48.475876
48.475876
48.475876
48.475876
48.475876
48.475876
47.214812
47.214812
47.214812
47.214812
47.214812
47.214812
47.214812
47.214812
47.214812
47.214812
47.214812
47.214812
47.214812
47.214812
47.214812
43.108520
43.108520
43.108520
43.108520
43.108520
43.108520
43.108520
43.108520
43.108520
43.108520
43.108520
43.108520
43.108520
43.108520
43.108520
39.699986
39.699986
39.699986
39.699986
39.699986
39.699986
39.699986
39.699986
39.699986
39.699986
39.699986
39.699986
39.699986
39.699986
39.699986
31.219282
31.219282
31.219282
31.219282
31.219282
31.219282
31.219282
31.219282
31.219282
31.219282
31.219282
31.219282
31.219282
31.219282
31.219282
30.201279
30.201279
30.201279
30.201279
30.201279
30.201279
30.201279
30.201279
30.201279
30.201279
30.201279
30.201279
30.201279
30.201279
30.201279
29.386495
29.386495
29.386495
29.386495
29.386495
29.386495
29.386495
29.386495
29.386495
29.386495
29.386495
29.386495
29.386495
29.386495
29.386495
34.940341
34.940341
34.940341
34.940341
34.940341
34.940341
34.940341
34.940341
34.940341
34.940341
34.940341
34.940341
34.940341
34.940341
34.940341
30.299941
30.299941
30.299941
30.299941
30.299941
30.299941
30.299941
30.299941
30.299941
30.299941
30.299941
30.299941
30.299941
30.299941
30.299941
29.940734
29.940734
29.940734
29.940734
29.940734
29.940734
29.940734
29.940734
29.940734
29.940734
29.940734
29.940734
29.940734
29.940734
29.940734
30.610768
30.610768
30.610768
30.610768
30.610768
30.610768
30.610768
30.610768
30.610768
30.610768
30.610768
30.610768
30.610768
30.610768
30.610768
27.868017
27.868017
27.868017
27.868017
27.868017
27.868017
27.868017
27.868017
27.868017
27.868017
27.868017
27.868017
27.868017
27.868017
27.868017
28.344338
28.344338
28.344338
28.344338
28.344338
28.344338
28.344338
28.344338
28.344338
28.344338
28.344338
28.344338
28.344338
28.344338
28.344338
24.929145
24.929145
24.929145
24.929145
24.929145
24.929145
24.929145
24.929145
24.929145
24.929145
24.929145
24.929145
24.929145
24.929145
24.929145
34.583649
34.583649
34.583649
34.583649
34.583649
34.583649
34.583649
34.583649
34.583649
34.583649
34.583649
34.583649
34.583649
34.583649
34.583649
24.381033
24.381033
24.381033
24.381033
24.381033
24.381033
24.381033
24.381033
24.381033
24.381033
24.381033
24.381033
24.381033
24.381033
24.381033
18.861258
18.861258
18.861258
18.861258
18.861258
18.861258
18.861258
18.861258
18.861258
18.861258
18.861258
18.861258
18.861258
18.861258
18.861258
20.247702
20.247702
20.247702
20.247702
20.247702
20.247702
20.247702
20.247702
20.247702
20.247702
20.247702
20.247702
20.247702
20.247702
20.247702
21.989264
21.989264
21.989264
21.989264
21.989264
21.989264
21.989264
21.989264
21.989264
21.989264
21.989264
21.989264
21.989264
21.989264
21.989264
19.356585
19.356585
19.356585
19.356585
19.356585
19.356585
19.356585
19.356585
19.356585
19.356585
19.356585
19.356585
19.356585
19.356585
19.356585
22.485264
22.485264
22.485264
22.485264
22.485264
22.485264
22.485264
22.485264
22.485264
22.485264
22.485264
22.485264
22.485264
22.485264
22.485264
23.793616
23.793616
23.793616
23.793616
23.793616
23.793616
23.793616
23.793616
23.793616
23.793616
23.793616
23.793616
23.793616
23.793616
23.793616
21.342398
21.342398
21.342398
21.342398
21.342398
21.342398
21.342398
21.342398
21.342398
21.342398
21.342398
21.342398
21.342398
21.342398
21.342398
24.034834
24.034834
24.034834
24.034834
24.034834
24.034834
24.034834
24.034834
24.034834
24.034834
24.034834
24.034834
24.034834
24.034834
24.034834
27.268167
27.268167
27.268167
27.268167
27.268167
27.268167
27.268167
27.268167
27.268167
27.268167
27.268167
27.268167
27.268167
27.268167
27.268167
28.317422
28.317422
28.317422
28.317422
28.317422
28.317422
28.317422
28.317422
28.317422
28.317422
28.317422
28.317422
28.317422
28.317422
28.317422
33.039188
33.039188
33.039188
33.039188
33.039188
33.039188
33.039188
33.039188
33.039188
33.039188
33.039188
33.039188
33.039188
33.039188
33.039188
35.975991
35.975991
35.975991
35.975991
35.975991
35.975991
35.975991
35.975991
35.975991
35.975991
35.975991
35.975991
35.975991
35.975991
35.975991
32.123519
32.123519
32.123519
32.123519
32.123519
32.123519
32.123519
32.123519
32.123519
32.123519
32.123519
32.123519
32.123519
32.123519
32.123519
35.403459
35.403459
35.403459
35.403459
35.403459
35.403459
35.403459
35.403459
35.403459
35.403459
35.403459
35.403459
35.403459
35.403459
35.403459
37.708781
37.708781
37.708781
37.708781
37.708781
37.708781
37.708781
37.708781
37.708781
37.708781
37.708781
37.708781
37.708781
37.708781
37.708781
48.252831
48.252831
48.252831
48.252831
48.252831
48.252831
48.252831
48.252831
48.252831
48.252831
48.252831
48.252831
48.252831
48.252831
48.252831
63.402920
63.402920
63.402920
63.402920
63.402920
63.402920
63.402920
63.402920
63.402920
63.402920
63.402920
63.402920
63.402920
63.402920
63.402920
61.606174
61.606174
61.606174
61.606174
61.606174
61.606174
61.606174
61.606174
61.606174
61.606174
61.606174
61.606174
61.606174
61.606174
61.606174
64.238087
64.238087
64.238087
64.238087
64.238087
64.238087
64.238087
64.238087
64.238087
64.238087
64.238087
64.238087
64.238087
64.238087
64.238087
66.596769
66.596769
66.596769
66.596769
66.596769
66.596769
66.596769
66.596769
66.596769
66.596769
66.596769
66.596769
66.596769
66.596769
66.596769
67.979913
67.979913
67.979913
67.979913
67.979913
67.979913
67.979913
67.979913
67.979913
67.979913
67.979913
67.979913
67.979913
67.979913
67.979913
66.910648
66.910648
66.910648
66.910648
66.910648
66.910648
66.910648
66.910648
66.910648
66.910648
66.910648
66.910648
66.910648
66.910648
66.910648
58.342810
58.342810
58.342810
58.342810
58.342810
58.342810
58.342810
58.342810
58.342810
58.342810
58.342810
58.342810
58.342810
58.342810
58.342810
58.393533
58.393533
58.393533
58.393533
58.393533
58.393533
58.393533
58.393533
58.393533
58.393533
58.393533
58.393533
58.393533
58.393533
58.393533
49.272178
49.272178
49.272178
49.272178
49.272178
49.272178
49.272178
49.272178
49.272178
49.272178
49.272178
49.272178
49.272178
49.272178
49.272178
48.100902
48.100902
48.100902
48.100902
48.100902
48.100902
48.100902
48.100902
48.100902
48.100902
48.100902
48.100902
48.100902
48.100902
48.100902
43.057144
43.057144
43.057144
43.057144
43.057144
43.057144
43.057144
43.057144
43.057144
43.057144
43.057144
43.057144
43.057144
43.057144
43.057144
41.378928
41.378928
41.378928
41.378928
41.378928
41.378928
41.378928
41.378928
41.378928
41.378928
41.378928
41.378928
41.378928
41.378928
41.378928
41.542599
41.542599
41.542599
41.542599
41.542599
41.542599
41.542599
41.542599
41.542599
41.542599
41.542599
41.542599
41.542599
41.542599
41.542599
40.173361
40.173361
40.173361
40.173361
40.173361
40.173361
40.173361
40.173361
40.173361
40.173361
40.173361
40.173361
40.173361
40.173361
40.173361
35.545750
35.545750
35.545750
35.545750
35.545750
35.545750
35.545750
35.545750
35.545750
35.545750
35.545750
35.545750
35.545750
35.545750
35.545750
32.522417
32.522417
32.522417
32.522417
32.522417
32.522417
32.522417
32.522417
32.522417
32.522417
32.522417
32.522417
32.522417
32.522417
32.522417
30.515321
30.515321
30.515321
30.515321
30.515321
30.515321
30.515321
30.515321
30.515321
30.515321
30.515321
30.515321
30.515321
30.515321
30.515321
32.064442
32.064442
32.064442
32.064442
32.064442
32.064442
32.064442
32.064442
32.064442
32.064442
32.064442
32.064442
32.064442
32.064442
32.064442
33.889672
33.889672
33.889672
33.889672
33.889672
33.889672
33.889672
33.889672
33.889672
33.889672
33.889672
33.889672
33.889672
33.889672
33.889672
30.326225
30.326225
30.326225
30.326225
30.326225
30.326225
30.326225
30.326225
30.326225
30.326225
30.326225
30.326225
30.326225
30.326225
30.326225
36.079617
36.079617
36.079617
36.079617
36.079617
36.079617
36.079617
36.079617
36.079617
36.079617
36.079617
36.079617
36.079617
36.079617
36.079617
42.740742
42.740742
42.740742
42.740742
42.740742
42.740742
42.740742
42.740742
42.740742
42.740742
42.740742
42.740742
42.740742
42.740742
42.740742
41.257205
41.257205
41.257205
41.257205
41.257205
41.257205
41.257205
41.257205
41.257205
41.257205
41.257205
41.257205
41.257205
41.257205
41.257205
42.219926
42.219926
42.219926
42.219926
42.219926
42.219926
42.219926
42.219926
42.219926
42.219926
42.219926
42.219926
42.219926
42.219926
42.219926
51.142091
51.142091
51.142091
51.142091
51.142091
51.142091
51.142091
51.142091
51.142091
51.142091
51.142091
51.142091
51.142091
51.142091
51.142091
67.404936
67.404936
67.404936
67.404936
67.404936
67.404936
67.404936
67.404936
67.404936
67.404936
67.404936
67.404936
67.404936
67.404936
67.404936
66.668200
66.668200
66.668200
66.668200
66.668200
66.668200
66.668200
66.668200
66.668200
66.668200
66.668200
66.668200
66.668200
66.668200
66.668200
66.650655
66.650655
66.650655
66.650655
66.650655
66.650655
66.650655
66.650655
66.650655
66.650655
66.650655
66.650655
66.650655
66.650655
66.650655
72.004480
72.004480
72.004480
72.004480
72.004480
72.004480
72.004480
72.004480
72.004480
72.004480
72.004480
72.004480
72.004480
72.004480
72.004480
62.438885
62.438885
62.438885
62.438885
62.438885
62.438885
62.438885
62.438885
62.438885
62.438885
62.438885
62.438885
62.438885
62.438885
62.438885
63.500679
63.500679
63.500679
63.500679
63.500679
63.500679
63.500679
63.500679
63.500679
63.500679
63.500679
63.500679
63.500679
63.500679
63.500679
74.872538
74.872538
74.872538
74.872538
74.872538
74.872538
74.872538
74.872538
74.872538
74.872538
74.872538
74.872538
74.872538
74.872538
74.872538
81.353782
81.353782
81.353782
81.353782
81.353782
81.353782
81.353782
81.353782
81.353782
81.353782
81.353782
81.353782
81.353782
81.353782
81.353782
85.625374
85.625374
85.625374
85.625374
85.625374
85.625374
85.625374
85.625374
85.625374
85.625374
85.625374
85.625374
85.625374
85.625374
85.625374
88.147250
88.147250
88.147250
88.147250
88.147250
88.147250
88.147250
88.147250
88.147250
88.147250
88.147250
88.147250
88.147250
88.147250
88.147250
90.123798
90.123798
90.123798
90.123798
90.123798
90.123798
90.123798
90.123798
90.123798
90.123798
90.123798
90.123798
90.123798
90.123798
90.123798
87.707511
87.707511
87.707511
87.707511
87.707511
87.707511
87.707511
87.707511
87.707511
87.707511
87.707511
87.707511
87.707511
87.707511
87.707511
88.710836
88.710836
88.710836
88.710836
88.710836
88.710836
88.710836
88.710836
88.710836
88.710836
88.710836
88.710836
88.710836
88.710836
88.710836
89.781765
89.781765
89.781765
89.781765
89.781765
89.781765
89.781765
89.781765
89.781765
89.781765
89.781765
89.781765
89.781765
89.781765
89.781765
88.523314
88.523314
88.523314
88.523314
88.523314
88.523314
88.523314
88.523314
88.523314
88.523314
88.523314
88.523314
88.523314
88.523314
88.523314
