31.031519
31.031519
31.031519
31.031519
31.031519
31.031519
31.031519
31.031519
31.031519
31.031519
31.031519
31.031519
31.031519
31.031519
31.031519
27.805632
27.805632
27.805632
27.805632
27.805632
27.805632
27.805632
27.805632
27.805632
27.805632
27.805632
27.805632
27.805632
27.805632
27.805632
30.057783
30.057783
30.057783
30.057783
30.057783
30.057783
30.057783
30.057783
30.057783
30.057783
30.057783
30.057783
30.057783
30.057783
30.057783
33.726081
33.726081
33.726081
33.726081
33.726081
33.726081
33.726081
33.726081
33.726081
33.726081
33.726081
33.726081
33.726081
33.726081
33.726081
26.518575
26.518575
26.518575
26.518575
26.518575
26.518575
26.518575
26.518575
26.518575
26.518575
26.518575
26.518575
26.518575
26.518575
26.518575
30.303423
30.303423
30.303423
30.303423
30.303423
30.303423
30.303423
30.303423
30.303423
30.303423
30.303423
30.303423
30.303423
30.303423
30.303423
32.951271
32.951271
32.951271
32.951271
32.951271
32.951271
32.951271
32.951271
32.951271
32.951271
32.951271
32.951271
32.951271
32.951271
32.951271
28.601300
28.601300
28.601300
28.601300
28.601300
28.601300
28.601300
28.601300
28.601300
28.601300
28.601300
28.601300
28.601300
28.601300
28.601300
33.158322
33.158322
33.158322
33.158322
33.158322
33.158322
33.158322
33.158322
33.158322
33.158322
33.158322
33.158322
33.158322
33.158322
33.158322
35.980968
35.980968
35.980968
35.980968
35.980968
35.980968
35.980968
35.980968
35.980968
35.980968
35.980968
35.980968
35.980968
35.980968
35.980968
33.568465
33.568465
33.568465
33.568465
33.568465
33.568465
33.568465
33.568465
33.568465
33.568465
33.568465
33.568465
33.568465
33.568465
33.568465
30.097529
30.097529
30.097529
30.097529
30.097529
30.097529
30.097529
30.097529
30.097529
30.097529
30.097529
30.097529
30.097529
30.097529
30.097529
33.186594
33.186594
33.186594
33.186594
33.186594
33.186594
33.186594
33.186594
33.186594
33.186594
33.186594
33.186594
33.186594
33.186594
33.186594
33.045410
33.045410
33.045410
33.045410
33.045410
33.045410
33.045410
33.045410
33.045410
33.045410
33.045410
33.045410
33.045410
33.045410
33.045410
29.417400
29.417400
29.417400
29.417400
29.417400
29.417400
29.417400
29.417400
29.417400
29.417400
29.417400
29.417400
29.417400
29.417400
29.417400
34.850303
34.850303
34.850303
34.850303
34.850303
34.850303
34.850303
34.850303
34.850303
34.850303
34.850303
34.850303
34.850303
34.850303
34.850303
30.374310
30.374310
30.374310
30.374310
30.374310
30.374310
30.374310
30.374310
30.374310
30.374310
30.374310
30.374310
30.374310
30.374310
30.374310
33.968278
33.968278
33.968278
33.968278
33.968278
33.968278
33.968278
33.968278
33.968278
33.968278
33.968278
33.968278
33.968278
33.968278
33.968278
28.823445
28.823445
28.823445
28.823445
28.823445
28.823445
28.823445
28.823445
28.823445
28.823445
28.823445
28.823445
28.823445
28.823445
28.823445
24.730754
24.730754
24.730754
24.730754
24.730754
24.730754
24.730754
24.730754
24.730754
24.730754
24.730754
24.730754
24.730754
24.730754
24.730754
25.374544
25.374544
25.374544
25.374544
25.374544
25.374544
25.374544
25.374544
25.374544
25.374544
25.374544
25.374544
25.374544
25.374544
25.374544
28.091051
28.091051
28.091051
28.091051
28.091051
28.091051
28.091051
28.091051
28.091051
28.091051
28.091051
28.091051
28.091051
28.091051
28.091051
28.814945
28.814945
28.814945
28.814945
28.814945
28.814945
28.814945
28.814945
28.814945
28.814945
28.814945
28.814945
28.814945
28.814945
28.814945
30.087676
30.087676
30.087676
30.087676
30.087676
30.087676
30.087676
30.087676
30.087676
30.087676
30.087676
30.087676
30.087676
30.087676
30.087676
36.948324
36.948324
36.948324
36.948324
36.948324
36.948324
36.948324
36.948324
36.948324
36.948324
36.948324
36.948324
36.948324
36.948324
36.948324
31.953392
31.953392
31.953392
31.953392
31.953392
31.953392
31.953392
31.953392
31.953392
31.953392
31.953392
31.953392
31.953392
31.953392
31.953392
33.300561
33.300561
33.300561
33.300561
33.300561
33.300561
33.300561
33.300561
33.300561
33.300561
33.300561
33.300561
33.300561
33.300561
33.300561
31.738680
31.738680
31.738680
31.738680
31.738680
31.738680
31.738680
31.738680
31.738680
31.738680
31.738680
31.738680
31.738680
31.738680
31.738680
32.269518
32.269518
32.269518
32.269518
32.269518
32.269518
32.269518
32.269518
32.269518
32.269518
32.269518
32.269518
32.269518
32.269518
32.269518
33.919400
33.919400
33.919400
33.919400
33.919400
33.919400
33.919400
33.919400
33.919400
33.919400
33.919400
33.919400
33.919400
33.919400
33.919400
40.871701
40.871701
40.871701
40.871701
40.871701
40.871701
40.871701
40.871701
40.871701
40.871701
40.871701
40.871701
40.871701
40.871701
40.871701
22.973934
22.973934
22.973934
22.973934
22.973934
22.973934
22.973934
22.973934
22.973934
22.973934
22.973934
22.973934
22.973934
22.973934
22.973934
30.820368
30.820368
30.820368
30.820368
30.820368
30.820368
30.820368
30.820368
30.820368
30.820368
30.820368
30.820368
30.820368
30.820368
30.820368
24.913828
24.913828
24.913828
24.913828
24.913828
24.913828
24.913828
24.913828
24.913828
24.913828
24.913828
24.913828
24.913828
24.913828
24.913828
27.234301
27.234301
27.234301
27.234301
27.234301
27.234301
27.234301
27.234301
27.234301
27.234301
27.234301
27.234301
27.234301
27.234301
27.234301
20.351949
20.351949
20.351949
20.351949
20.351949
20.351949
20.351949
20.351949
20.351949
20.351949
20.351949
20.351949
20.351949
20.351949
20.351949
41.765695
41.765695
41.765695
41.765695
41.765695
41.765695
41.765695
41.765695
41.765695
41.765695
41.765695
41.765695
41.765695
41.765695
41.765695
24.424357
24.424357
24.424357
24.424357
24.424357
24.424357
24.424357
24.424357
24.424357
24.424357
24.424357
24.424357
24.424357
24.424357
24.424357
31.886797
31.886797
31.886797
31.886797
31.886797
31.886797
31.886797
31.886797
31.886797
31.886797
31.886797
31.886797
31.886797
31.886797
31.886797
38.164983
38.164983
38.164983
38.164983
38.164983
38.164983
38.164983
38.164983
38.164983
38.164983
38.164983
38.164983
38.164983
38.164983
38.164983
31.656487
31.656487
31.656487
31.656487
31.656487
31.656487
31.656487
31.656487
31.656487
31.656487
31.656487
31.656487
31.656487
31.656487
31.656487
39.011418
39.011418
39.011418
39.011418
39.011418
39.011418
39.011418
39.011418
39.011418
39.011418
39.011418
39.011418
39.011418
39.011418
39.011418
32.918755
32.918755
32.918755
32.918755
32.918755
32.918755
32.918755
32.918755
32.918755
32.918755
32.918755
32.918755
32.918755
32.918755
32.918755
38.833144
38.833144
38.833144
38.833144
38.833144
38.833144
38.833144
38.833144
38.833144
38.833144
38.833144
38.833144
38.833144
38.833144
38.833144
36.971854
36.971854
36.971854
36.971854
36.971854
36.971854
36.971854
36.971854
36.971854
36.971854
36.971854
36.971854
36.971854
36.971854
36.971854
42.570882
42.570882
42.570882
42.570882
42.570882
42.570882
42.570882
42.570882
42.570882
42.570882
42.570882
42.570882
42.570882
42.570882
42.570882
58.167496
58.167496
58.167496
58.167496
58.167496
58.167496
58.167496
58.167496
58.167496
58.167496
58.167496
58.167496
58.167496
58.167496
58.167496
55.604108
55.604108
55.604108
55.604108
55.604108
55.604108
55.604108
55.604108
55.604108
55.604108
55.604108
55.604108
55.604108
55.604108
55.604108
42.931643
42.931643
42.931643
42.931643
42.931643
42.931643
42.931643
42.931643
42.931643
42.931643
42.931643
42.931643
42.931643
42.931643
42.931643
41.601100
41.601100
41.601100
41.601100
41.601100
41.601100
41.601100
41.601100
41.601100
41.601100
41.601100
41.601100
41.601100
41.601100
41.601100
42.879108
42.879108
42.879108
42.879108
42.879108
42.879108
42.879108
42.879108
42.879108
42.879108
42.879108
42.879108
42.879108
42.879108
42.879108
43.824657
43.824657
43.824657
43.824657
43.824657
43.824657
43.824657
43.824657
43.824657
43.824657
43.824657
43.824657
43.824657
43.824657
43.824657
49.927027
49.927027
49.927027
49.927027
49.927027
49.927027
49.927027
49.927027
49.927027
49.927027
49.927027
49.927027
49.927027
49.927027
49.927027
61.773750
61.773750
61.773750
61.773750
61.773750
61.773750
61.773750
61.773750
61.773750
61.773750
61.773750
61.773750
61.773750
61.773750
61.773750
51.548662
51.548662
51.548662
51.548662
51.548662
51.548662
51.548662
51.548662
51.548662
51.548662
51.548662
51.548662
51.548662
51.548662
51.548662
43.033463
43.033463
43.033463
43.033463
43.033463
43.033463
43.033463
43.033463
43.033463
43.033463
43.033463
43.033463
43.033463
43.033463
43.033463
35.354517
35.354517
35.354517
35.354517
35.354517
35.354517
35.354517
35.354517
35.354517
35.354517
35.354517
35.354517
35.354517
35.354517
35.354517
40.997172
40.997172
40.997172
40.997172
40.997172
40.997172
40.997172
40.997172
40.997172
40.997172
40.997172
40.997172
40.997172
40.997172
40.997172
32.236377
32.236377
32.236377
32.236377
32.236377
32.236377
32.236377
32.236377
32.236377
32.236377
32.236377
32.236377
32.236377
32.236377
32.236377
39.667018
39.667018
39.667018
39.667018
39.667018
39.667018
39.667018
39.667018
39.667018
39.667018
39.667018
39.667018
39.667018
39.667018
39.667018
42.942373
42.942373
42.942373
42.942373
42.942373
42.942373
42.942373
42.942373
42.942373
42.942373
42.942373
42.942373
42.942373
42.942373
42.942373
58.085830
58.085830
58.085830
58.085830
58.085830
58.085830
58.085830
58.085830
58.085830
58.085830
58.085830
58.085830
58.085830
58.085830
58.085830
55.339103
55.339103
55.339103
55.339103
55.339103
55.339103
55.339103
55.339103
55.339103
55.339103
55.339103
55.339103
55.339103
55.339103
55.339103
47.146825
47.146825
47.146825
47.146825
47.146825
47.146825
47.146825
47.146825
47.146825
47.146825
47.146825
47.146825
47.146825
47.146825
47.146825
48.027191
48.027191
48.027191
48.027191
48.027191
48.027191
48.027191
48.027191
48.027191
48.027191
48.027191
48.027191
48.027191
48.027191
48.027191
49.407882
49.407882
49.407882
49.407882
49.407882
49.407882
49.407882
49.407882
49.407882
49.407882
49.407882
49.407882
49.407882
49.407882
49.407882
52.075367
52.075367
52.075367
52.075367
52.075367
52.075367
52.075367
52.075367
52.075367
52.075367
52.075367
52.075367
52.075367
52.075367
52.075367
41.453576
41.453576
41.453576
41.453576
41.453576
41.453576
41.453576
41.453576
41.453576
41.453576
41.453576
41.453576
41.453576
41.453576
41.453576
40.803577
40.803577
40.803577
40.803577
40.803577
40.803577
40.803577
40.803577
40.803577
40.803577
40.803577
40.803577
40.803577
40.803577
40.803577
40.447532
40.447532
40.447532
40.447532
40.447532
40.447532
40.447532
40.447532
40.447532
40.447532
40.447532
40.447532
40.447532
40.447532
40.447532
44.550341
44.550341
44.550341
44.550341
44.550341
44.550341
44.550341
44.550341
44.550341
44.550341
44.550341
44.550341
44.550341
44.550341
44.550341
52.764986
52.764986
52.764986
52.764986
52.764986
52.764986
52.764986
52.764986
52.764986
52.764986
52.764986
52.764986
52.764986
52.764986
52.764986
51.718261
51.718261
51.718261
51.718261
51.718261
51.718261
51.718261
51.718261
51.718261
51.718261
51.718261
51.718261
51.718261
51.718261
51.718261
71.498810
71.498810
71.498810
71.498810
71.498810
71.498810
71.498810
71.498810
71.498810
71.498810
71.498810
71.498810
71.498810
71.498810
71.498810
51.140018
51.140018
51.140018
51.140018
51.140018
51.140018
51.140018
51.140018
51.140018
51.140018
51.140018
51.140018
51.140018
51.140018
51.140018
43.403118
43.403118
43.403118
43.403118
43.403118
43.403118
43.403118
43.403118
43.403118
43.403118
43.403118
43.403118
43.403118
43.403118
43.403118
45.647972
45.647972
45.647972
45.647972
45.647972
45.647972
45.647972
45.647972
45.647972
45.647972
45.647972
45.647972
45.647972
45.647972
45.647972
57.156236
57.156236
57.156236
57.156236
57.156236
57.156236
57.156236
57.156236
57.156236
57.156236
57.156236
57.156236
57.156236
57.156236
57.156236
53.121360
53.121360
53.121360
53.121360
53.121360
53.121360
53.121360
53.121360
53.121360
53.121360
53.121360
53.121360
53.121360
53.121360
53.121360
51.297157
51.297157
51.297157
51.297157
51.297157
51.297157
51.297157
51.297157
51.297157
51.297157
51.297157
51.297157
51.297157
51.297157
51.297157
51.417818
51.417818
51.417818
51.417818
51.417818
51.417818
51.417818
51.417818
51.417818
51.417818
51.417818
51.417818
51.417818
51.417818
51.417818
46.544827
46.544827
46.544827
46.544827
46.544827
46.544827
46.544827
46.544827
46.544827
46.544827
46.544827
46.544827
46.544827
46.544827
46.544827
45.285628
45.285628
45.285628
45.285628
45.285628
45.285628
45.285628
45.285628
45.285628
45.285628
45.285628
45.285628
45.285628
45.285628
45.285628
40.503520
40.503520
40.503520
40.503520
40.503520
40.503520
40.503520
40.503520
40.503520
40.503520
40.503520
40.503520
40.503520
40.503520
40.503520
39.840843
39.840843
39.840843
39.840843
39.840843
39.840843
39.840843
39.840843
39.840843
39.840843
39.840843
39.840843
39.840843
39.840843
39.840843
40.196329
40.196329
40.196329
40.196329
40.196329
40.196329
40.196329
40.196329
40.196329
40.196329
40.196329
40.196329
40.196329
40.196329
40.196329
42.565227
42.565227
42.565227
42.565227
42.565227
42.565227
42.565227
42.565227
42.565227
42.565227
42.565227
42.565227
42.565227
42.565227
42.565227
58.703617
58.703617
58.703617
58.703617
58.703617
58.703617
58.703617
58.703617
58.703617
58.703617
58.703617
58.703617
58.703617
58.703617
58.703617
49.429126
49.429126
49.429126
49.429126
49.429126
49.429126
49.429126
49.429126
49.429126
49.429126
49.429126
49.429126
49.429126
49.429126
49.429126
49.552996
49.552996
49.552996
49.552996
49.552996
49.552996
49.552996
49.552996
49.552996
49.552996
49.552996
49.552996
49.552996
49.552996
49.552996
44.463606
44.463606
44.463606
44.463606
44.463606
44.463606
44.463606
44.463606
44.463606
44.463606
44.463606
44.463606
44.463606
44.463606
44.463606
35.979079
35.979079
35.979079
35.979079
35.979079
35.979079
35.979079
35.979079
35.979079
35.979079
35.979079
35.979079
35.979079
35.979079
35.979079
35.842491
35.842491
35.842491
35.842491
35.842491
35.842491
35.842491
35.842491
35.842491
35.842491
35.842491
35.842491
35.842491
35.842491
35.842491
35.557259
35.557259
35.557259
35.557259
35.557259
35.557259
35.557259
35.557259
35.557259
35.557259
35.557259
35.557259
35.557259
35.557259
35.557259
32.975922
32.975922
32.975922
32.975922
32.975922
32.975922
32.975922
32.975922
32.975922
32.975922
32.975922
32.975922
32.975922
32.975922
32.975922
36.198036
36.198036
36.198036
36.198036
36.198036
36.198036
36.198036
36.198036
36.198036
36.198036
36.198036
36.198036
36.198036
36.198036
36.198036
