36.991300
36.991300
36.991300
36.991300
36.991300
36.991300
36.991300
36.991300
36.991300
36.991300
36.991300
36.991300
36.991300
36.991300
36.991300
35.267706
35.267706
35.267706
35.267706
35.267706
35.267706
35.267706
35.267706
35.267706
35.267706
35.267706
35.267706
35.267706
35.267706
35.267706
36.370915
36.370915
36.370915
36.370915
36.370915
36.370915
36.370915
36.370915
36.370915
36.370915
36.370915
36.370915
36.370915
36.370915
36.370915
37.073045
37.073045
37.073045
37.073045
37.073045
37.073045
37.073045
37.073045
37.073045
37.073045
37.073045
37.073045
37.073045
37.073045
37.073045
35.559671
35.559671
35.559671
35.559671
35.559671
35.559671
35.559671
35.559671
35.559671
35.559671
35.559671
35.559671
35.559671
35.559671
35.559671
34.922273
34.922273
34.922273
34.922273
34.922273
34.922273
34.922273
34.922273
34.922273
34.922273
34.922273
34.922273
34.922273
34.922273
34.922273
34.312644
34.312644
34.312644
34.312644
34.312644
34.312644
34.312644
34.312644
34.312644
34.312644
34.312644
34.312644
34.312644
34.312644
34.312644
35.631213
35.631213
35.631213
35.631213
35.631213
35.631213
35.631213
35.631213
35.631213
35.631213
35.631213
35.631213
35.631213
35.631213
35.631213
36.890860
36.890860
36.890860
36.890860
36.890860
36.890860
36.890860
36.890860
36.890860
36.890860
36.890860
36.890860
36.890860
36.890860
36.890860
35.783753
35.783753
35.783753
35.783753
35.783753
35.783753
35.783753
35.783753
35.783753
35.783753
35.783753
35.783753
35.783753
35.783753
35.783753
36.705098
36.705098
36.705098
36.705098
36.705098
36.705098
36.705098
36.705098
36.705098
36.705098
36.705098
36.705098
36.705098
36.705098
36.705098
32.991542
32.991542
32.991542
32.991542
32.991542
32.991542
32.991542
32.991542
32.991542
32.991542
32.991542
32.991542
32.991542
32.991542
32.991542
32.620478
32.620478
32.620478
32.620478
32.620478
32.620478
32.620478
32.620478
32.620478
32.620478
32.620478
32.620478
32.620478
32.620478
32.620478
35.168762
35.168762
35.168762
35.168762
35.168762
35.168762
35.168762
35.168762
35.168762
35.168762
35.168762
35.168762
35.168762
35.168762
35.168762
36.759660
36.759660
36.759660
36.759660
36.759660
36.759660
36.759660
36.759660
36.759660
36.759660
36.759660
36.759660
36.759660
36.759660
36.759660
35.748873
35.748873
35.748873
35.748873
35.748873
35.748873
35.748873
35.748873
35.748873
35.748873
35.748873
35.748873
35.748873
35.748873
35.748873
35.397204
35.397204
35.397204
35.397204
35.397204
35.397204
35.397204
35.397204
35.397204
35.397204
35.397204
35.397204
35.397204
35.397204
35.397204
33.947860
33.947860
33.947860
33.947860
33.947860
33.947860
33.947860
33.947860
33.947860
33.947860
33.947860
33.947860
33.947860
33.947860
33.947860
32.904965
32.904965
32.904965
32.904965
32.904965
32.904965
32.904965
32.904965
32.904965
32.904965
32.904965
32.904965
32.904965
32.904965
32.904965
34.887888
34.887888
34.887888
34.887888
34.887888
34.887888
34.887888
34.887888
34.887888
34.887888
34.887888
34.887888
34.887888
34.887888
34.887888
35.643372
35.643372
35.643372
35.643372
35.643372
35.643372
35.643372
35.643372
35.643372
35.643372
35.643372
35.643372
35.643372
35.643372
35.643372
34.905568
34.905568
34.905568
34.905568
34.905568
34.905568
34.905568
34.905568
34.905568
34.905568
34.905568
34.905568
34.905568
34.905568
34.905568
31.987519
31.987519
31.987519
31.987519
31.987519
31.987519
31.987519
31.987519
31.987519
31.987519
31.987519
31.987519
31.987519
31.987519
31.987519
31.161942
31.161942
31.161942
31.161942
31.161942
31.161942
31.161942
31.161942
31.161942
31.161942
31.161942
31.161942
31.161942
31.161942
31.161942
32.711355
32.711355
32.711355
32.711355
32.711355
32.711355
32.711355
32.711355
32.711355
32.711355
32.711355
32.711355
32.711355
32.711355
32.711355
32.009881
32.009881
32.009881
32.009881
32.009881
32.009881
32.009881
32.009881
32.009881
32.009881
32.009881
32.009881
32.009881
32.009881
32.009881
30.938367
30.938367
30.938367
30.938367
30.938367
30.938367
30.938367
30.938367
30.938367
30.938367
30.938367
30.938367
30.938367
30.938367
30.938367
31.381754
31.381754
31.381754
31.381754
31.381754
31.381754
31.381754
31.381754
31.381754
31.381754
31.381754
31.381754
31.381754
31.381754
31.381754
32.498825
32.498825
32.498825
32.498825
32.498825
32.498825
32.498825
32.498825
32.498825
32.498825
32.498825
32.498825
32.498825
32.498825
32.498825
32.983131
32.983131
32.983131
32.983131
32.983131
32.983131
32.983131
32.983131
32.983131
32.983131
32.983131
32.983131
32.983131
32.983131
32.983131
34.965467
34.965467
34.965467
34.965467
34.965467
34.965467
34.965467
34.965467
34.965467
34.965467
34.965467
34.965467
34.965467
34.965467
34.965467
29.583088
29.583088
29.583088
29.583088
29.583088
29.583088
29.583088
29.583088
29.583088
29.583088
29.583088
29.583088
29.583088
29.583088
29.583088
27.479435
27.479435
27.479435
27.479435
27.479435
27.479435
27.479435
27.479435
27.479435
27.479435
27.479435
27.479435
27.479435
27.479435
27.479435
31.858630
31.858630
31.858630
31.858630
31.858630
31.858630
31.858630
31.858630
31.858630
31.858630
31.858630
31.858630
31.858630
31.858630
31.858630
34.483070
34.483070
34.483070
34.483070
34.483070
34.483070
34.483070
34.483070
34.483070
34.483070
34.483070
34.483070
34.483070
34.483070
34.483070
32.371558
32.371558
32.371558
32.371558
32.371558
32.371558
32.371558
32.371558
32.371558
32.371558
32.371558
32.371558
32.371558
32.371558
32.371558
31.735402
31.735402
31.735402
31.735402
31.735402
31.735402
31.735402
31.735402
31.735402
31.735402
31.735402
31.735402
31.735402
31.735402
31.735402
29.938324
29.938324
29.938324
29.938324
29.938324
29.938324
29.938324
29.938324
29.938324
29.938324
29.938324
29.938324
29.938324
29.938324
29.938324
29.534520
29.534520
29.534520
29.534520
29.534520
29.534520
29.534520
29.534520
29.534520
29.534520
29.534520
29.534520
29.534520
29.534520
29.534520
28.249207
28.249207
28.249207
28.249207
28.249207
28.249207
28.249207
28.249207
28.249207
28.249207
28.249207
28.249207
28.249207
28.249207
28.249207
28.469550
28.469550
28.469550
28.469550
28.469550
28.469550
28.469550
28.469550
28.469550
28.469550
28.469550
28.469550
28.469550
28.469550
28.469550
26.885416
26.885416
26.885416
26.885416
26.885416
26.885416
26.885416
26.885416
26.885416
26.885416
26.885416
26.885416
26.885416
26.885416
26.885416
29.046082
29.046082
29.046082
29.046082
29.046082
29.046082
29.046082
29.046082
29.046082
29.046082
29.046082
29.046082
29.046082
29.046082
29.046082
29.066179
29.066179
29.066179
29.066179
29.066179
29.066179
29.066179
29.066179
29.066179
29.066179
29.066179
29.066179
29.066179
29.066179
29.066179
27.814091
27.814091
27.814091
27.814091
27.814091
27.814091
27.814091
27.814091
27.814091
27.814091
27.814091
27.814091
27.814091
27.814091
27.814091
28.967950
28.967950
28.967950
28.967950
28.967950
28.967950
28.967950
28.967950
28.967950
28.967950
28.967950
28.967950
28.967950
28.967950
28.967950
34.558397
34.558397
34.558397
34.558397
34.558397
34.558397
34.558397
34.558397
34.558397
34.558397
34.558397
34.558397
34.558397
34.558397
34.558397
33.583857
33.583857
33.583857
33.583857
33.583857
33.583857
33.583857
33.583857
33.583857
33.583857
33.583857
33.583857
33.583857
33.583857
33.583857
35.312352
35.312352
35.312352
35.312352
35.312352
35.312352
35.312352
35.312352
35.312352
35.312352
35.312352
35.312352
35.312352
35.312352
35.312352
35.694276
35.694276
35.694276
35.694276
35.694276
35.694276
35.694276
35.694276
35.694276
35.694276
35.694276
35.694276
35.694276
35.694276
35.694276
36.261307
36.261307
36.261307
36.261307
36.261307
36.261307
36.261307
36.261307
36.261307
36.261307
36.261307
36.261307
36.261307
36.261307
36.261307
36.367314
36.367314
36.367314
36.367314
36.367314
36.367314
36.367314
36.367314
36.367314
36.367314
36.367314
36.367314
36.367314
36.367314
36.367314
37.379298
37.379298
37.379298
37.379298
37.379298
37.379298
37.379298
37.379298
37.379298
37.379298
37.379298
37.379298
37.379298
37.379298
37.379298
37.023601
37.023601
37.023601
37.023601
37.023601
37.023601
37.023601
37.023601
37.023601
37.023601
37.023601
37.023601
37.023601
37.023601
37.023601
39.252185
39.252185
39.252185
39.252185
39.252185
39.252185
39.252185
39.252185
39.252185
39.252185
39.252185
39.252185
39.252185
39.252185
39.252185
37.498406
37.498406
37.498406
37.498406
37.498406
37.498406
37.498406
37.498406
37.498406
37.498406
37.498406
37.498406
37.498406
37.498406
37.498406
36.869014
36.869014
36.869014
36.869014
36.869014
36.869014
36.869014
36.869014
36.869014
36.869014
36.869014
36.869014
36.869014
36.869014
36.869014
39.222080
39.222080
39.222080
39.222080
39.222080
39.222080
39.222080
39.222080
39.222080
39.222080
39.222080
39.222080
39.222080
39.222080
39.222080
39.211369
39.211369
39.211369
39.211369
39.211369
39.211369
39.211369
39.211369
39.211369
39.211369
39.211369
39.211369
39.211369
39.211369
39.211369
40.453209
40.453209
40.453209
40.453209
40.453209
40.453209
40.453209
40.453209
40.453209
40.453209
40.453209
40.453209
40.453209
40.453209
40.453209
35.863379
35.863379
35.863379
35.863379
35.863379
35.863379
35.863379
35.863379
35.863379
35.863379
35.863379
35.863379
35.863379
35.863379
35.863379
35.291208
35.291208
35.291208
35.291208
35.291208
35.291208
35.291208
35.291208
35.291208
35.291208
35.291208
35.291208
35.291208
35.291208
35.291208
37.130264
37.130264
37.130264
37.130264
37.130264
37.130264
37.130264
37.130264
37.130264
37.130264
37.130264
37.130264
37.130264
37.130264
37.130264
38.131871
38.131871
38.131871
38.131871
38.131871
38.131871
38.131871
38.131871
38.131871
38.131871
38.131871
38.131871
38.131871
38.131871
38.131871
40.179985
40.179985
40.179985
40.179985
40.179985
40.179985
40.179985
40.179985
40.179985
40.179985
40.179985
40.179985
40.179985
40.179985
40.179985
40.441878
40.441878
40.441878
40.441878
40.441878
40.441878
40.441878
40.441878
40.441878
40.441878
40.441878
40.441878
40.441878
40.441878
40.441878
36.982405
36.982405
36.982405
36.982405
36.982405
36.982405
36.982405
36.982405
36.982405
36.982405
36.982405
36.982405
36.982405
36.982405
36.982405
35.609700
35.609700
35.609700
35.609700
35.609700
35.609700
35.609700
35.609700
35.609700
35.609700
35.609700
35.609700
35.609700
35.609700
35.609700
34.479297
34.479297
34.479297
34.479297
34.479297
34.479297
34.479297
34.479297
34.479297
34.479297
34.479297
34.479297
34.479297
34.479297
34.479297
38.081299
38.081299
38.081299
38.081299
38.081299
38.081299
38.081299
38.081299
38.081299
38.081299
38.081299
38.081299
38.081299
38.081299
38.081299
38.413252
38.413252
38.413252
38.413252
38.413252
38.413252
38.413252
38.413252
38.413252
38.413252
38.413252
38.413252
38.413252
38.413252
38.413252
36.035822
36.035822
36.035822
36.035822
36.035822
36.035822
36.035822
36.035822
36.035822
36.035822
36.035822
36.035822
36.035822
36.035822
36.035822
37.281687
37.281687
37.281687
37.281687
37.281687
37.281687
37.281687
37.281687
37.281687
37.281687
37.281687
37.281687
37.281687
37.281687
37.281687
39.032970
39.032970
39.032970
39.032970
39.032970
39.032970
39.032970
39.032970
39.032970
39.032970
39.032970
39.032970
39.032970
39.032970
39.032970
40.127839
40.127839
40.127839
40.127839
40.127839
40.127839
40.127839
40.127839
40.127839
40.127839
40.127839
40.127839
40.127839
40.127839
40.127839
40.006772
40.006772
40.006772
40.006772
40.006772
40.006772
40.006772
40.006772
40.006772
40.006772
40.006772
40.006772
40.006772
40.006772
40.006772
42.767636
42.767636
42.767636
42.767636
42.767636
42.767636
42.767636
42.767636
42.767636
42.767636
42.767636
42.767636
42.767636
42.767636
42.767636
42.558338
42.558338
42.558338
42.558338
42.558338
42.558338
42.558338
42.558338
42.558338
42.558338
42.558338
42.558338
42.558338
42.558338
42.558338
43.262644
43.262644
43.262644
43.262644
43.262644
43.262644
43.262644
43.262644
43.262644
43.262644
43.262644
43.262644
43.262644
43.262644
43.262644
45.841228
45.841228
45.841228
45.841228
45.841228
45.841228
45.841228
45.841228
45.841228
45.841228
45.841228
45.841228
45.841228
45.841228
45.841228
45.806521
45.806521
45.806521
45.806521
45.806521
45.806521
45.806521
45.806521
45.806521
45.806521
45.806521
45.806521
45.806521
45.806521
45.806521
43.497675
43.497675
43.497675
43.497675
43.497675
43.497675
43.497675
43.497675
43.497675
43.497675
43.497675
43.497675
43.497675
43.497675
43.497675
44.413176
44.413176
44.413176
44.413176
44.413176
44.413176
44.413176
44.413176
44.413176
44.413176
44.413176
44.413176
44.413176
44.413176
44.413176
44.538107
44.538107
44.538107
44.538107
44.538107
44.538107
44.538107
44.538107
44.538107
44.538107
44.538107
44.538107
44.538107
44.538107
44.538107
44.604829
44.604829
44.604829
44.604829
44.604829
44.604829
44.604829
44.604829
44.604829
44.604829
44.604829
44.604829
44.604829
44.604829
44.604829
42.223694
42.223694
42.223694
42.223694
42.223694
42.223694
42.223694
42.223694
42.223694
42.223694
42.223694
42.223694
42.223694
42.223694
42.223694
41.215771
41.215771
41.215771
41.215771
41.215771
41.215771
41.215771
41.215771
41.215771
41.215771
41.215771
41.215771
41.215771
41.215771
41.215771
40.553916
40.553916
40.553916
40.553916
40.553916
40.553916
40.553916
40.553916
40.553916
40.553916
40.553916
40.553916
40.553916
40.553916
40.553916
38.304454
38.304454
38.304454
38.304454
38.304454
38.304454
38.304454
38.304454
38.304454
38.304454
38.304454
38.304454
38.304454
38.304454
38.304454
38.532469
38.532469
38.532469
38.532469
38.532469
38.532469
38.532469
38.532469
38.532469
38.532469
38.532469
38.532469
38.532469
38.532469
38.532469
38.749774
38.749774
38.749774
38.749774
38.749774
38.749774
38.749774
38.749774
38.749774
38.749774
38.749774
38.749774
38.749774
38.749774
38.749774
39.002212
39.002212
39.002212
39.002212
39.002212
39.002212
39.002212
39.002212
39.002212
39.002212
39.002212
39.002212
39.002212
39.002212
39.002212
38.010073
38.010073
38.010073
38.010073
38.010073
38.010073
38.010073
38.010073
38.010073
38.010073
38.010073
38.010073
38.010073
38.010073
38.010073
39.281176
39.281176
39.281176
39.281176
39.281176
39.281176
39.281176
39.281176
39.281176
39.281176
39.281176
39.281176
39.281176
39.281176
39.281176
38.125314
38.125314
38.125314
38.125314
38.125314
38.125314
38.125314
38.125314
38.125314
38.125314
38.125314
38.125314
38.125314
38.125314
38.125314
39.094160
39.094160
39.094160
39.094160
39.094160
39.094160
39.094160
39.094160
39.094160
39.094160
39.094160
39.094160
39.094160
39.094160
39.094160
