33.226309
33.226309
33.226309
33.226309
33.226309
33.226309
33.226309
33.226309
33.226309
33.226309
33.226309
33.226309
33.226309
33.226309
33.226309
37.969969
37.969969
37.969969
37.969969
37.969969
37.969969
37.969969
37.969969
37.969969
37.969969
37.969969
37.969969
37.969969
37.969969
37.969969
37.824598
37.824598
37.824598
37.824598
37.824598
37.824598
37.824598
37.824598
37.824598
37.824598
37.824598
37.824598
37.824598
37.824598
37.824598
31.732937
31.732937
31.732937
31.732937
31.732937
31.732937
31.732937
31.732937
31.732937
31.732937
31.732937
31.732937
31.732937
31.732937
31.732937
32.802455
32.802455
32.802455
32.802455
32.802455
32.802455
32.802455
32.802455
32.802455
32.802455
32.802455
32.802455
32.802455
32.802455
32.802455
36.703373
36.703373
36.703373
36.703373
36.703373
36.703373
36.703373
36.703373
36.703373
36.703373
36.703373
36.703373
36.703373
36.703373
36.703373
31.684592
31.684592
31.684592
31.684592
31.684592
31.684592
31.684592
31.684592
31.684592
31.684592
31.684592
31.684592
31.684592
31.684592
31.684592
28.164042
28.164042
28.164042
28.164042
28.164042
28.164042
28.164042
28.164042
28.164042
28.164042
28.164042
28.164042
28.164042
28.164042
28.164042
28.301543
28.301543
28.301543
28.301543
28.301543
28.301543
28.301543
28.301543
28.301543
28.301543
28.301543
28.301543
28.301543
28.301543
28.301543
28.056967
28.056967
28.056967
28.056967
28.056967
28.056967
28.056967
28.056967
28.056967
28.056967
28.056967
28.056967
28.056967
28.056967
28.056967
27.395164
27.395164
27.395164
27.395164
27.395164
27.395164
27.395164
27.395164
27.395164
27.395164
27.395164
27.395164
27.395164
27.395164
27.395164
29.023505
29.023505
29.023505
29.023505
29.023505
29.023505
29.023505
29.023505
29.023505
29.023505
29.023505
29.023505
29.023505
29.023505
29.023505
32.836507
32.836507
32.836507
32.836507
32.836507
32.836507
32.836507
32.836507
32.836507
32.836507
32.836507
32.836507
32.836507
32.836507
32.836507
30.149008
30.149008
30.149008
30.149008
30.149008
30.149008
30.149008
30.149008
30.149008
30.149008
30.149008
30.149008
30.149008
30.149008
30.149008
32.462098
32.462098
32.462098
32.462098
32.462098
32.462098
32.462098
32.462098
32.462098
32.462098
32.462098
32.462098
32.462098
32.462098
32.462098
29.513829
29.513829
29.513829
29.513829
29.513829
29.513829
29.513829
29.513829
29.513829
29.513829
29.513829
29.513829
29.513829
29.513829
29.513829
30.291601
30.291601
30.291601
30.291601
30.291601
30.291601
30.291601
30.291601
30.291601
30.291601
30.291601
30.291601
30.291601
30.291601
30.291601
30.180906
30.180906
30.180906
30.180906
30.180906
30.180906
30.180906
30.180906
30.180906
30.180906
30.180906
30.180906
30.180906
30.180906
30.180906
31.347178
31.347178
31.347178
31.347178
31.347178
31.347178
31.347178
31.347178
31.347178
31.347178
31.347178
31.347178
31.347178
31.347178
31.347178
31.145615
31.145615
31.145615
31.145615
31.145615
31.145615
31.145615
31.145615
31.145615
31.145615
31.145615
31.145615
31.145615
31.145615
31.145615
30.124739
30.124739
30.124739
30.124739
30.124739
30.124739
30.124739
30.124739
30.124739
30.124739
30.124739
30.124739
30.124739
30.124739
30.124739
27.759081
27.759081
27.759081
27.759081
27.759081
27.759081
27.759081
27.759081
27.759081
27.759081
27.759081
27.759081
27.759081
27.759081
27.759081
27.482368
27.482368
27.482368
27.482368
27.482368
27.482368
27.482368
27.482368
27.482368
27.482368
27.482368
27.482368
27.482368
27.482368
27.482368
24.252566
24.252566
24.252566
24.252566
24.252566
24.252566
24.252566
24.252566
24.252566
24.252566
24.252566
24.252566
24.252566
24.252566
24.252566
26.927948
26.927948
26.927948
26.927948
26.927948
26.927948
26.927948
26.927948
26.927948
26.927948
26.927948
26.927948
26.927948
26.927948
26.927948
31.043833
31.043833
31.043833
31.043833
31.043833
31.043833
31.043833
31.043833
31.043833
31.043833
31.043833
31.043833
31.043833
31.043833
31.043833
35.339501
35.339501
35.339501
35.339501
35.339501
35.339501
35.339501
35.339501
35.339501
35.339501
35.339501
35.339501
35.339501
35.339501
35.339501
41.786533
41.786533
41.786533
41.786533
41.786533
41.786533
41.786533
41.786533
41.786533
41.786533
41.786533
41.786533
41.786533
41.786533
41.786533
28.507559
28.507559
28.507559
28.507559
28.507559
28.507559
28.507559
28.507559
28.507559
28.507559
28.507559
28.507559
28.507559
28.507559
28.507559
34.501534
34.501534
34.501534
34.501534
34.501534
34.501534
34.501534
34.501534
34.501534
34.501534
34.501534
34.501534
34.501534
34.501534
34.501534
31.356927
31.356927
31.356927
31.356927
31.356927
31.356927
31.356927
31.356927
31.356927
31.356927
31.356927
31.356927
31.356927
31.356927
31.356927
28.590683
28.590683
28.590683
28.590683
28.590683
28.590683
28.590683
28.590683
28.590683
28.590683
28.590683
28.590683
28.590683
28.590683
28.590683
24.795310
24.795310
24.795310
24.795310
24.795310
24.795310
24.795310
24.795310
24.795310
24.795310
24.795310
24.795310
24.795310
24.795310
24.795310
30.631535
30.631535
30.631535
30.631535
30.631535
30.631535
30.631535
30.631535
30.631535
30.631535
30.631535
30.631535
30.631535
30.631535
30.631535
29.957760
29.957760
29.957760
29.957760
29.957760
29.957760
29.957760
29.957760
29.957760
29.957760
29.957760
29.957760
29.957760
29.957760
29.957760
24.433553
24.433553
24.433553
24.433553
24.433553
24.433553
24.433553
24.433553
24.433553
24.433553
24.433553
24.433553
24.433553
24.433553
24.433553
30.885474
30.885474
30.885474
30.885474
30.885474
30.885474
30.885474
30.885474
30.885474
30.885474
30.885474
30.885474
30.885474
30.885474
30.885474
32.036416
32.036416
32.036416
32.036416
32.036416
32.036416
32.036416
32.036416
32.036416
32.036416
32.036416
32.036416
32.036416
32.036416
32.036416
47.428958
47.428958
47.428958
47.428958
47.428958
47.428958
47.428958
47.428958
47.428958
47.428958
47.428958
47.428958
47.428958
47.428958
47.428958
35.993992
35.993992
35.993992
35.993992
35.993992
35.993992
35.993992
35.993992
35.993992
35.993992
35.993992
35.993992
35.993992
35.993992
35.993992
39.463187
39.463187
39.463187
39.463187
39.463187
39.463187
39.463187
39.463187
39.463187
39.463187
39.463187
39.463187
39.463187
39.463187
39.463187
35.686977
35.686977
35.686977
35.686977
35.686977
35.686977
35.686977
35.686977
35.686977
35.686977
35.686977
35.686977
35.686977
35.686977
35.686977
34.005490
34.005490
34.005490
34.005490
34.005490
34.005490
34.005490
34.005490
34.005490
34.005490
34.005490
34.005490
34.005490
34.005490
34.005490
45.058382
45.058382
45.058382
45.058382
45.058382
45.058382
45.058382
45.058382
45.058382
45.058382
45.058382
45.058382
45.058382
45.058382
45.058382
32.959561
32.959561
32.959561
32.959561
32.959561
32.959561
32.959561
32.959561
32.959561
32.959561
32.959561
32.959561
32.959561
32.959561
32.959561
28.620467
28.620467
28.620467
28.620467
28.620467
28.620467
28.620467
28.620467
28.620467
28.620467
28.620467
28.620467
28.620467
28.620467
28.620467
28.655727
28.655727
28.655727
28.655727
28.655727
28.655727
28.655727
28.655727
28.655727
28.655727
28.655727
28.655727
28.655727
28.655727
28.655727
30.637536
30.637536
30.637536
30.637536
30.637536
30.637536
30.637536
30.637536
30.637536
30.637536
30.637536
30.637536
30.637536
30.637536
30.637536
46.144087
46.144087
46.144087
46.144087
46.144087
46.144087
46.144087
46.144087
46.144087
46.144087
46.144087
46.144087
46.144087
46.144087
46.144087
43.770384
43.770384
43.770384
43.770384
43.770384
43.770384
43.770384
43.770384
43.770384
43.770384
43.770384
43.770384
43.770384
43.770384
43.770384
31.843733
31.843733
31.843733
31.843733
31.843733
31.843733
31.843733
31.843733
31.843733
31.843733
31.843733
31.843733
31.843733
31.843733
31.843733
23.963991
23.963991
23.963991
23.963991
23.963991
23.963991
23.963991
23.963991
23.963991
23.963991
23.963991
23.963991
23.963991
23.963991
23.963991
24.742281
24.742281
24.742281
24.742281
24.742281
24.742281
24.742281
24.742281
24.742281
24.742281
24.742281
24.742281
24.742281
24.742281
24.742281
24.648437
24.648437
24.648437
24.648437
24.648437
24.648437
24.648437
24.648437
24.648437
24.648437
24.648437
24.648437
24.648437
24.648437
24.648437
27.812365
27.812365
27.812365
27.812365
27.812365
27.812365
27.812365
27.812365
27.812365
27.812365
27.812365
27.812365
27.812365
27.812365
27.812365
31.667546
31.667546
31.667546
31.667546
31.667546
31.667546
31.667546
31.667546
31.667546
31.667546
31.667546
31.667546
31.667546
31.667546
31.667546
28.798916
28.798916
28.798916
28.798916
28.798916
28.798916
28.798916
28.798916
28.798916
28.798916
28.798916
28.798916
28.798916
28.798916
28.798916
35.161954
35.161954
35.161954
35.161954
35.161954
35.161954
35.161954
35.161954
35.161954
35.161954
35.161954
35.161954
35.161954
35.161954
35.161954
36.306736
36.306736
36.306736
36.306736
36.306736
36.306736
36.306736
36.306736
36.306736
36.306736
36.306736
36.306736
36.306736
36.306736
36.306736
49.654148
49.654148
49.654148
49.654148
49.654148
49.654148
49.654148
49.654148
49.654148
49.654148
49.654148
49.654148
49.654148
49.654148
49.654148
36.585333
36.585333
36.585333
36.585333
36.585333
36.585333
36.585333
36.585333
36.585333
36.585333
36.585333
36.585333
36.585333
36.585333
36.585333
38.758533
38.758533
38.758533
38.758533
38.758533
38.758533
38.758533
38.758533
38.758533
38.758533
38.758533
38.758533
38.758533
38.758533
38.758533
36.406531
36.406531
36.406531
36.406531
36.406531
36.406531
36.406531
36.406531
36.406531
36.406531
36.406531
36.406531
36.406531
36.406531
36.406531
41.990711
41.990711
41.990711
41.990711
41.990711
41.990711
41.990711
41.990711
41.990711
41.990711
41.990711
41.990711
41.990711
41.990711
41.990711
50.482950
50.482950
50.482950
50.482950
50.482950
50.482950
50.482950
50.482950
50.482950
50.482950
50.482950
50.482950
50.482950
50.482950
50.482950
60.771598
60.771598
60.771598
60.771598
60.771598
60.771598
60.771598
60.771598
60.771598
60.771598
60.771598
60.771598
60.771598
60.771598
60.771598
41.161891
41.161891
41.161891
41.161891
41.161891
41.161891
41.161891
41.161891
41.161891
41.161891
41.161891
41.161891
41.161891
41.161891
41.161891
37.389692
37.389692
37.389692
37.389692
37.389692
37.389692
37.389692
37.389692
37.389692
37.389692
37.389692
37.389692
37.389692
37.389692
37.389692
34.571354
34.571354
34.571354
34.571354
34.571354
34.571354
34.571354
34.571354
34.571354
34.571354
34.571354
34.571354
34.571354
34.571354
34.571354
48.260777
48.260777
48.260777
48.260777
48.260777
48.260777
48.260777
48.260777
48.260777
48.260777
48.260777
48.260777
48.260777
48.260777
48.260777
38.477872
38.477872
38.477872
38.477872
38.477872
38.477872
38.477872
38.477872
38.477872
38.477872
38.477872
38.477872
38.477872
38.477872
38.477872
39.605409
39.605409
39.605409
39.605409
39.605409
39.605409
39.605409
39.605409
39.605409
39.605409
39.605409
39.605409
39.605409
39.605409
39.605409
35.382523
35.382523
35.382523
35.382523
35.382523
35.382523
35.382523
35.382523
35.382523
35.382523
35.382523
35.382523
35.382523
35.382523
35.382523
34.797083
34.797083
34.797083
34.797083
34.797083
34.797083
34.797083
34.797083
34.797083
34.797083
34.797083
34.797083
34.797083
34.797083
34.797083
34.055283
34.055283
34.055283
34.055283
34.055283
34.055283
34.055283
34.055283
34.055283
34.055283
34.055283
34.055283
34.055283
34.055283
34.055283
46.809445
46.809445
46.809445
46.809445
46.809445
46.809445
46.809445
46.809445
46.809445
46.809445
46.809445
46.809445
46.809445
46.809445
46.809445
58.574781
58.574781
58.574781
58.574781
58.574781
58.574781
58.574781
58.574781
58.574781
58.574781
58.574781
58.574781
58.574781
58.574781
58.574781
32.719688
32.719688
32.719688
32.719688
32.719688
32.719688
32.719688
32.719688
32.719688
32.719688
32.719688
32.719688
32.719688
32.719688
32.719688
35.731375
35.731375
35.731375
35.731375
35.731375
35.731375
35.731375
35.731375
35.731375
35.731375
35.731375
35.731375
35.731375
35.731375
35.731375
41.274097
41.274097
41.274097
41.274097
41.274097
41.274097
41.274097
41.274097
41.274097
41.274097
41.274097
41.274097
41.274097
41.274097
41.274097
36.790751
36.790751
36.790751
36.790751
36.790751
36.790751
36.790751
36.790751
36.790751
36.790751
36.790751
36.790751
36.790751
36.790751
36.790751
40.029992
40.029992
40.029992
40.029992
40.029992
40.029992
40.029992
40.029992
40.029992
40.029992
40.029992
40.029992
40.029992
40.029992
40.029992
43.783884
43.783884
43.783884
43.783884
43.783884
43.783884
43.783884
43.783884
43.783884
43.783884
43.783884
43.783884
43.783884
43.783884
43.783884
57.086072
57.086072
57.086072
57.086072
57.086072
57.086072
57.086072
57.086072
57.086072
57.086072
57.086072
57.086072
57.086072
57.086072
57.086072
49.889814
49.889814
49.889814
49.889814
49.889814
49.889814
49.889814
49.889814
49.889814
49.889814
49.889814
49.889814
49.889814
49.889814
49.889814
46.796827
46.796827
46.796827
46.796827
46.796827
46.796827
46.796827
46.796827
46.796827
46.796827
46.796827
46.796827
46.796827
46.796827
46.796827
47.786599
47.786599
47.786599
47.786599
47.786599
47.786599
47.786599
47.786599
47.786599
47.786599
47.786599
47.786599
47.786599
47.786599
47.786599
42.974038
42.974038
42.974038
42.974038
42.974038
42.974038
42.974038
42.974038
42.974038
42.974038
42.974038
42.974038
42.974038
42.974038
42.974038
35.979312
35.979312
35.979312
35.979312
35.979312
35.979312
35.979312
35.979312
35.979312
35.979312
35.979312
35.979312
35.979312
35.979312
35.979312
30.834409
30.834409
30.834409
30.834409
30.834409
30.834409
30.834409
30.834409
30.834409
30.834409
30.834409
30.834409
30.834409
30.834409
30.834409
36.710737
36.710737
36.710737
36.710737
36.710737
36.710737
36.710737
36.710737
36.710737
36.710737
36.710737
36.710737
36.710737
36.710737
36.710737
34.533969
34.533969
34.533969
34.533969
34.533969
34.533969
34.533969
34.533969
34.533969
34.533969
34.533969
34.533969
34.533969
34.533969
34.533969
31.679503
31.679503
31.679503
31.679503
31.679503
31.679503
31.679503
31.679503
31.679503
31.679503
31.679503
31.679503
31.679503
31.679503
31.679503
38.190337
38.190337
38.190337
38.190337
38.190337
38.190337
38.190337
38.190337
38.190337
38.190337
38.190337
38.190337
38.190337
38.190337
38.190337
37.435236
37.435236
37.435236
37.435236
37.435236
37.435236
37.435236
37.435236
37.435236
37.435236
37.435236
37.435236
37.435236
37.435236
37.435236
37.631435
37.631435
37.631435
37.631435
37.631435
37.631435
37.631435
37.631435
37.631435
37.631435
37.631435
37.631435
37.631435
37.631435
37.631435
