30.060231
30.060231
30.060231
30.060231
30.060231
30.060231
30.060231
30.060231
30.060231
30.060231
30.060231
30.060231
30.060231
30.060231
30.060231
28.821137
28.821137
28.821137
28.821137
28.821137
28.821137
28.821137
28.821137
28.821137
28.821137
28.821137
28.821137
28.821137
28.821137
28.821137
30.303887
30.303887
30.303887
30.303887
30.303887
30.303887
30.303887
30.303887
30.303887
30.303887
30.303887
30.303887
30.303887
30.303887
30.303887
32.755607
32.755607
32.755607
32.755607
32.755607
32.755607
32.755607
32.755607
32.755607
32.755607
32.755607
32.755607
32.755607
32.755607
32.755607
34.670475
34.670475
34.670475
34.670475
34.670475
34.670475
34.670475
34.670475
34.670475
34.670475
34.670475
34.670475
34.670475
34.670475
34.670475
32.496546
32.496546
32.496546
32.496546
32.496546
32.496546
32.496546
32.496546
32.496546
32.496546
32.496546
32.496546
32.496546
32.496546
32.496546
28.310782
28.310782
28.310782
28.310782
28.310782
28.310782
28.310782
28.310782
28.310782
28.310782
28.310782
28.310782
28.310782
28.310782
28.310782
27.404526
27.404526
27.404526
27.404526
27.404526
27.404526
27.404526
27.404526
27.404526
27.404526
27.404526
27.404526
27.404526
27.404526
27.404526
30.192712
30.192712
30.192712
30.192712
30.192712
30.192712
30.192712
30.192712
30.192712
30.192712
30.192712
30.192712
30.192712
30.192712
30.192712
29.031190
29.031190
29.031190
29.031190
29.031190
29.031190
29.031190
29.031190
29.031190
29.031190
29.031190
29.031190
29.031190
29.031190
29.031190
30.160235
30.160235
30.160235
30.160235
30.160235
30.160235
30.160235
30.160235
30.160235
30.160235
30.160235
30.160235
30.160235
30.160235
30.160235
31.219590
31.219590
31.219590
31.219590
31.219590
31.219590
31.219590
31.219590
31.219590
31.219590
31.219590
31.219590
31.219590
31.219590
31.219590
30.514509
30.514509
30.514509
30.514509
30.514509
30.514509
30.514509
30.514509
30.514509
30.514509
30.514509
30.514509
30.514509
30.514509
30.514509
30.860699
30.860699
30.860699
30.860699
30.860699
30.860699
30.860699
30.860699
30.860699
30.860699
30.860699
30.860699
30.860699
30.860699
30.860699
28.141548
28.141548
28.141548
28.141548
28.141548
28.141548
28.141548
28.141548
28.141548
28.141548
28.141548
28.141548
28.141548
28.141548
28.141548
28.191928
28.191928
28.191928
28.191928
28.191928
28.191928
28.191928
28.191928
28.191928
28.191928
28.191928
28.191928
28.191928
28.191928
28.191928
30.258781
30.258781
30.258781
30.258781
30.258781
30.258781
30.258781
30.258781
30.258781
30.258781
30.258781
30.258781
30.258781
30.258781
30.258781
29.233841
29.233841
29.233841
29.233841
29.233841
29.233841
29.233841
29.233841
29.233841
29.233841
29.233841
29.233841
29.233841
29.233841
29.233841
29.527141
29.527141
29.527141
29.527141
29.527141
29.527141
29.527141
29.527141
29.527141
29.527141
29.527141
29.527141
29.527141
29.527141
29.527141
27.465488
27.465488
27.465488
27.465488
27.465488
27.465488
27.465488
27.465488
27.465488
27.465488
27.465488
27.465488
27.465488
27.465488
27.465488
27.862441
27.862441
27.862441
27.862441
27.862441
27.862441
27.862441
27.862441
27.862441
27.862441
27.862441
27.862441
27.862441
27.862441
27.862441
26.422178
26.422178
26.422178
26.422178
26.422178
26.422178
26.422178
26.422178
26.422178
26.422178
26.422178
26.422178
26.422178
26.422178
26.422178
29.204061
29.204061
29.204061
29.204061
29.204061
29.204061
29.204061
29.204061
29.204061
29.204061
29.204061
29.204061
29.204061
29.204061
29.204061
28.015819
28.015819
28.015819
28.015819
28.015819
28.015819
28.015819
28.015819
28.015819
28.015819
28.015819
28.015819
28.015819
28.015819
28.015819
30.102433
30.102433
30.102433
30.102433
30.102433
30.102433
30.102433
30.102433
30.102433
30.102433
30.102433
30.102433
30.102433
30.102433
30.102433
30.751574
30.751574
30.751574
30.751574
30.751574
30.751574
30.751574
30.751574
30.751574
30.751574
30.751574
30.751574
30.751574
30.751574
30.751574
29.070631
29.070631
29.070631
29.070631
29.070631
29.070631
29.070631
29.070631
29.070631
29.070631
29.070631
29.070631
29.070631
29.070631
29.070631
30.199585
30.199585
30.199585
30.199585
30.199585
30.199585
30.199585
30.199585
30.199585
30.199585
30.199585
30.199585
30.199585
30.199585
30.199585
31.173674
31.173674
31.173674
31.173674
31.173674
31.173674
31.173674
31.173674
31.173674
31.173674
31.173674
31.173674
31.173674
31.173674
31.173674
27.673338
27.673338
27.673338
27.673338
27.673338
27.673338
27.673338
27.673338
27.673338
27.673338
27.673338
27.673338
27.673338
27.673338
27.673338
28.526128
28.526128
28.526128
28.526128
28.526128
28.526128
28.526128
28.526128
28.526128
28.526128
28.526128
28.526128
28.526128
28.526128
28.526128
26.907714
26.907714
26.907714
26.907714
26.907714
26.907714
26.907714
26.907714
26.907714
26.907714
26.907714
26.907714
26.907714
26.907714
26.907714
30.650588
30.650588
30.650588
30.650588
30.650588
30.650588
30.650588
30.650588
30.650588
30.650588
30.650588
30.650588
30.650588
30.650588
30.650588
30.663593
30.663593
30.663593
30.663593
30.663593
30.663593
30.663593
30.663593
30.663593
30.663593
30.663593
30.663593
30.663593
30.663593
30.663593
29.035916
29.035916
29.035916
29.035916
29.035916
29.035916
29.035916
29.035916
29.035916
29.035916
29.035916
29.035916
29.035916
29.035916
29.035916
29.653980
29.653980
29.653980
29.653980
29.653980
29.653980
29.653980
29.653980
29.653980
29.653980
29.653980
29.653980
29.653980
29.653980
29.653980
28.633332
28.633332
28.633332
28.633332
28.633332
28.633332
28.633332
28.633332
28.633332
28.633332
28.633332
28.633332
28.633332
28.633332
28.633332
33.953231
33.953231
33.953231
33.953231
33.953231
33.953231
33.953231
33.953231
33.953231
33.953231
33.953231
33.953231
33.953231
33.953231
33.953231
30.036002
30.036002
30.036002
30.036002
30.036002
30.036002
30.036002
30.036002
30.036002
30.036002
30.036002
30.036002
30.036002
30.036002
30.036002
28.801824
28.801824
28.801824
28.801824
28.801824
28.801824
28.801824
28.801824
28.801824
28.801824
28.801824
28.801824
28.801824
28.801824
28.801824
27.606714
27.606714
27.606714
27.606714
27.606714
27.606714
27.606714
27.606714
27.606714
27.606714
27.606714
27.606714
27.606714
27.606714
27.606714
30.624181
30.624181
30.624181
30.624181
30.624181
30.624181
30.624181
30.624181
30.624181
30.624181
30.624181
30.624181
30.624181
30.624181
30.624181
33.086682
33.086682
33.086682
33.086682
33.086682
33.086682
33.086682
33.086682
33.086682
33.086682
33.086682
33.086682
33.086682
33.086682
33.086682
30.700086
30.700086
30.700086
30.700086
30.700086
30.700086
30.700086
30.700086
30.700086
30.700086
30.700086
30.700086
30.700086
30.700086
30.700086
27.492421
27.492421
27.492421
27.492421
27.492421
27.492421
27.492421
27.492421
27.492421
27.492421
27.492421
27.492421
27.492421
27.492421
27.492421
26.022468
26.022468
26.022468
26.022468
26.022468
26.022468
26.022468
26.022468
26.022468
26.022468
26.022468
26.022468
26.022468
26.022468
26.022468
25.643618
25.643618
25.643618
25.643618
25.643618
25.643618
25.643618
25.643618
25.643618
25.643618
25.643618
25.643618
25.643618
25.643618
25.643618
27.212203
27.212203
27.212203
27.212203
27.212203
27.212203
27.212203
27.212203
27.212203
27.212203
27.212203
27.212203
27.212203
27.212203
27.212203
26.913705
26.913705
26.913705
26.913705
26.913705
26.913705
26.913705
26.913705
26.913705
26.913705
26.913705
26.913705
26.913705
26.913705
26.913705
28.954018
28.954018
28.954018
28.954018
28.954018
28.954018
28.954018
28.954018
28.954018
28.954018
28.954018
28.954018
28.954018
28.954018
28.954018
29.535612
29.535612
29.535612
29.535612
29.535612
29.535612
29.535612
29.535612
29.535612
29.535612
29.535612
29.535612
29.535612
29.535612
29.535612
27.531943
27.531943
27.531943
27.531943
27.531943
27.531943
27.531943
27.531943
27.531943
27.531943
27.531943
27.531943
27.531943
27.531943
27.531943
26.276054
26.276054
26.276054
26.276054
26.276054
26.276054
26.276054
26.276054
26.276054
26.276054
26.276054
26.276054
26.276054
26.276054
26.276054
39.870595
39.870595
39.870595
39.870595
39.870595
39.870595
39.870595
39.870595
39.870595
39.870595
39.870595
39.870595
39.870595
39.870595
39.870595
43.565237
43.565237
43.565237
43.565237
43.565237
43.565237
43.565237
43.565237
43.565237
43.565237
43.565237
43.565237
43.565237
43.565237
43.565237
40.540812
40.540812
40.540812
40.540812
40.540812
40.540812
40.540812
40.540812
40.540812
40.540812
40.540812
40.540812
40.540812
40.540812
40.540812
40.423987
40.423987
40.423987
40.423987
40.423987
40.423987
40.423987
40.423987
40.423987
40.423987
40.423987
40.423987
40.423987
40.423987
40.423987
44.051078
44.051078
44.051078
44.051078
44.051078
44.051078
44.051078
44.051078
44.051078
44.051078
44.051078
44.051078
44.051078
44.051078
44.051078
43.211991
43.211991
43.211991
43.211991
43.211991
43.211991
43.211991
43.211991
43.211991
43.211991
43.211991
43.211991
43.211991
43.211991
43.211991
82.076540
82.076540
82.076540
82.076540
82.076540
82.076540
82.076540
82.076540
82.076540
82.076540
82.076540
82.076540
82.076540
82.076540
82.076540
93.911001
93.911001
93.911001
93.911001
93.911001
93.911001
93.911001
93.911001
93.911001
93.911001
93.911001
93.911001
93.911001
93.911001
93.911001
94.489722
94.489722
94.489722
94.489722
94.489722
94.489722
94.489722
94.489722
94.489722
94.489722
94.489722
94.489722
94.489722
94.489722
94.489722
80.945917
80.945917
80.945917
80.945917
80.945917
80.945917
80.945917
80.945917
80.945917
80.945917
80.945917
80.945917
80.945917
80.945917
80.945917
80.607977
80.607977
80.607977
80.607977
80.607977
80.607977
80.607977
80.607977
80.607977
80.607977
80.607977
80.607977
80.607977
80.607977
80.607977
78.402877
78.402877
78.402877
78.402877
78.402877
78.402877
78.402877
78.402877
78.402877
78.402877
78.402877
78.402877
78.402877
78.402877
78.402877
77.560913
77.560913
77.560913
77.560913
77.560913
77.560913
77.560913
77.560913
77.560913
77.560913
77.560913
77.560913
77.560913
77.560913
77.560913
89.599696
89.599696
89.599696
89.599696
89.599696
89.599696
89.599696
89.599696
89.599696
89.599696
89.599696
89.599696
89.599696
89.599696
89.599696
33.116284
33.116284
33.116284
33.116284
33.116284
33.116284
33.116284
33.116284
33.116284
33.116284
33.116284
33.116284
33.116284
33.116284
33.116284
24.984722
24.984722
24.984722
24.984722
24.984722
24.984722
24.984722
24.984722
24.984722
24.984722
24.984722
24.984722
24.984722
24.984722
24.984722
33.751253
33.751253
33.751253
33.751253
33.751253
33.751253
33.751253
33.751253
33.751253
33.751253
33.751253
33.751253
33.751253
33.751253
33.751253
29.463520
29.463520
29.463520
29.463520
29.463520
29.463520
29.463520
29.463520
29.463520
29.463520
29.463520
29.463520
29.463520
29.463520
29.463520
32.001082
32.001082
32.001082
32.001082
32.001082
32.001082
32.001082
32.001082
32.001082
32.001082
32.001082
32.001082
32.001082
32.001082
32.001082
31.864409
31.864409
31.864409
31.864409
31.864409
31.864409
31.864409
31.864409
31.864409
31.864409
31.864409
31.864409
31.864409
31.864409
31.864409
34.496060
34.496060
34.496060
34.496060
34.496060
34.496060
34.496060
34.496060
34.496060
34.496060
34.496060
34.496060
34.496060
34.496060
34.496060
33.517517
33.517517
33.517517
33.517517
33.517517
33.517517
33.517517
33.517517
33.517517
33.517517
33.517517
33.517517
33.517517
33.517517
33.517517
29.765072
29.765072
29.765072
29.765072
29.765072
29.765072
29.765072
29.765072
29.765072
29.765072
29.765072
29.765072
29.765072
29.765072
29.765072
27.154574
27.154574
27.154574
27.154574
27.154574
27.154574
27.154574
27.154574
27.154574
27.154574
27.154574
27.154574
27.154574
27.154574
27.154574
26.345089
26.345089
26.345089
26.345089
26.345089
26.345089
26.345089
26.345089
26.345089
26.345089
26.345089
26.345089
26.345089
26.345089
26.345089
26.727841
26.727841
26.727841
26.727841
26.727841
26.727841
26.727841
26.727841
26.727841
26.727841
26.727841
26.727841
26.727841
26.727841
26.727841
34.138631
34.138631
34.138631
34.138631
34.138631
34.138631
34.138631
34.138631
34.138631
34.138631
34.138631
34.138631
34.138631
34.138631
34.138631
32.367218
32.367218
32.367218
32.367218
32.367218
32.367218
32.367218
32.367218
32.367218
32.367218
32.367218
32.367218
32.367218
32.367218
32.367218
29.255479
29.255479
29.255479
29.255479
29.255479
29.255479
29.255479
29.255479
29.255479
29.255479
29.255479
29.255479
29.255479
29.255479
29.255479
31.480168
31.480168
31.480168
31.480168
31.480168
31.480168
31.480168
31.480168
31.480168
31.480168
31.480168
31.480168
31.480168
31.480168
31.480168
42.637464
42.637464
42.637464
42.637464
42.637464
42.637464
42.637464
42.637464
42.637464
42.637464
42.637464
42.637464
42.637464
42.637464
42.637464
32.772703
32.772703
32.772703
32.772703
32.772703
32.772703
32.772703
32.772703
32.772703
32.772703
32.772703
32.772703
32.772703
32.772703
32.772703
27.647280
27.647280
27.647280
27.647280
27.647280
27.647280
27.647280
27.647280
27.647280
27.647280
27.647280
27.647280
27.647280
27.647280
27.647280
28.102130
28.102130
28.102130
28.102130
28.102130
28.102130
28.102130
28.102130
28.102130
28.102130
28.102130
28.102130
28.102130
28.102130
28.102130
39.510133
39.510133
39.510133
39.510133
39.510133
39.510133
39.510133
39.510133
39.510133
39.510133
39.510133
39.510133
39.510133
39.510133
39.510133
36.822157
36.822157
36.822157
36.822157
36.822157
36.822157
36.822157
36.822157
36.822157
36.822157
36.822157
36.822157
36.822157
36.822157
36.822157
33.089299
33.089299
33.089299
33.089299
33.089299
33.089299
33.089299
33.089299
33.089299
33.089299
33.089299
33.089299
33.089299
33.089299
33.089299
32.268498
32.268498
32.268498
32.268498
32.268498
32.268498
32.268498
32.268498
32.268498
32.268498
32.268498
32.268498
32.268498
32.268498
32.268498
35.001642
35.001642
35.001642
35.001642
35.001642
35.001642
35.001642
35.001642
35.001642
35.001642
35.001642
35.001642
35.001642
35.001642
35.001642
34.370864
34.370864
34.370864
34.370864
34.370864
34.370864
34.370864
34.370864
34.370864
34.370864
34.370864
34.370864
34.370864
34.370864
34.370864
36.299648
36.299648
36.299648
36.299648
36.299648
36.299648
36.299648
36.299648
36.299648
36.299648
36.299648
36.299648
36.299648
36.299648
36.299648
34.872016
34.872016
34.872016
34.872016
34.872016
34.872016
34.872016
34.872016
34.872016
34.872016
34.872016
34.872016
34.872016
34.872016
34.872016
33.218905
33.218905
33.218905
33.218905
33.218905
33.218905
33.218905
33.218905
33.218905
33.218905
33.218905
33.218905
33.218905
33.218905
33.218905
