8.125669
8.036611
8.021896
8.349763
8.483496
8.344826
7.827904
7.791656
8.163934
9.932958
9.609701
10.015202
9.153670
9.700967
9.233773
10.208181
9.936006
9.961913
10.369182
10.880907
11.008248
11.752924
15.744070
17.056515
19.146566
20.575474
21.412741
22.057350
22.670454
25.526205
28.024519
31.001788
34.431911
38.558352
40.530706
43.373394
43.417839
46.171756
45.379149
45.718368
46.031273
47.527920
46.562329
46.208586
46.007702
43.336886
41.578179
40.670989
40.321938
40.856370
41.431457
41.903904
41.283819
41.461073
40.560390
42.145643
43.898964
44.954417
44.768358
46.132191
45.700094
45.904330
44.565913
43.503237
41.474289
40.034811
39.776114
38.615102
34.372899
31.972565
30.112501
26.712871
20.990819
18.885947
17.667929
16.092013
15.550784
14.628923
12.135480
12.297089
11.304349
10.833946
10.544852
10.342011
9.923190
9.325364
9.225046
9.684711
9.774870
9.429369
8.629161
8.460286
8.194963
7.895172
7.920807
7.761463
