30.940702
31.370005
32.957565
34.889485
33.984848
29.176430
28.772951
28.642685
29.460826
31.773563
31.846776
30.178868
30.728731
28.662475
31.416527
33.678599
33.780582
32.284571
31.030680
31.501747
31.465919
34.495147
33.185026
30.325256
30.781445
31.179186
32.262638
27.100134
26.727001
25.775095
24.709196
26.184096
23.617250
23.132854
20.373104
20.311902
15.875929
21.798046
20.312551
22.084585
21.476347
20.911078
21.555908
17.802741
20.276661
20.909566
21.957265
21.526407
22.860468
23.343428
26.795815
18.751739
18.428702
20.737958
22.264925
23.631986
23.428587
21.525678
22.933659
21.946747
22.043818
21.213787
20.149204
19.186231
26.079930
29.146698
27.620381
25.208447
21.837573
22.419040
21.509604
22.416386
25.226805
24.936750
24.886552
29.890053
25.543570
25.988577
28.563088
25.852651
28.577218
30.145832
28.298425
26.233680
22.664966
26.976449
25.779532
27.453709
30.480969
27.326311
29.151784
30.570298
30.805460
32.328909
31.219357
27.745690