49.913683
41.341544
36.165367
35.143549
37.634959
33.113516
30.795248
22.038894
20.168282
20.649196
21.304195
28.442423
25.376196
21.782784
26.551994
24.164093
30.142103
27.352173
26.879045
28.167590
17.867223
21.001600
23.611913
22.885292
23.231072
19.232290
17.938452
18.103657
18.107823
17.842766
21.969949
19.000742
17.152954
17.094112
19.619573
18.033910
19.548172
21.477152
20.657924
21.567938
17.877506
17.615566
13.974014
14.495363
15.999040
16.902612
17.550331
17.569347
28.261566
28.870448
20.655283
22.503727
27.647081
25.547566
27.993722
27.089792
27.773013
25.986884
29.136766
26.052973
20.593703
19.679375
19.848273
16.889570
18.874951
19.903546
18.580951
19.836710
17.544890
19.206523
19.140077
24.773110
30.851832
33.348383
45.008918
50.678427
50.762080
52.573021
58.208588
50.089366
58.209867
61.425625
64.493525
57.385400
60.469195
64.969220
74.466050
70.238402
67.413431
64.298757
60.741064
58.952944
69.547720
66.923706
67.248146
52.115392
