-0.845738
-0.834141
-0.749703
-0.687554
-0.670129
-0.678066
-0.690570
-0.768273
-0.745891
-0.725832
-0.713451
-0.744657
-0.769319
-0.759701
-0.770553
-0.781001
-0.777906
-0.824078
-0.843222
-0.814159
-0.776562
-0.737833
-0.682978
-0.707334
-0.749660
-0.778390
-0.832806
-0.838794
-0.850503
-0.851417
-0.855269
-0.856256
-0.857274
-0.858446
-0.859548
-0.848765
-0.865781
-0.852263
-0.865120
-0.838769
-0.799722
-0.777764
-0.793723
-0.772426
-0.731358
-0.712638
-0.749880
-0.750034
-0.760623
-0.773768
-0.778488
-0.778332
-0.778322
-0.831883
-0.854117
-0.844520
-0.756805
-0.728520
-0.736619
-0.703928
-0.619159
-0.541897
-0.538226
-0.595462
-0.655484
-0.594446
-0.502628
-0.470564
-0.523426
-0.638544
-0.691697
-0.709796
-0.693394
-0.690134
-0.675905
-0.674844
-0.605614
-0.541519
-0.481633
-0.468178
-0.444826
-0.466878
-0.480867
-0.488926
-0.486230
-0.477498
-0.473037
-0.441485
-0.443068
-0.423022
-0.382124
-0.320783
-0.253323
-0.331063
-0.385742
-0.400188
-0.424572
-0.436105
-0.501085
-0.510289
-0.481337
-0.465707
-0.398604
-0.407552
-0.406654
-0.366938
-0.266092
-0.248852
-0.281946
-0.409172
-0.420453
-0.429910
-0.366249
-0.188990
-0.068835
-0.153722
-0.007192
0.047648
0.056594
0.206405
0.237373
0.330977
0.355096
0.265526
0.096793
-0.090054
-0.219603
-0.349018
-0.372231
-0.369854
-0.375627
-0.350149
-0.309155
-0.283329
-0.365306
-0.449096
-0.447274
-0.458910
-0.535209
-0.609552
-0.607816
-0.402332
-0.306295
-0.181563
-0.169178
-0.281476
-0.349734
-0.431207
-0.586465
-0.653182
-0.662745
-0.688263
-0.727141
-0.801358
-0.854096
-0.751819
-0.650457
-0.647938
-0.607074
-0.565759
-0.584318
-0.676416
-0.775054
-0.842259
-0.861379
-0.864113
-0.853748
-0.885049
-0.911369
-0.962365
-0.948964
-0.882643
-0.833953
-0.726396
-0.670369
-0.771719
-0.861135
-0.870930
-0.875275
-0.880513
-0.859861
-0.873376
-0.843066
-0.824271
-0.767102
-0.688817
-0.626115
-0.513325
-0.397170
-0.234345
-0.218242
-0.183345
-0.091789
-0.066043
-0.071261
-0.176130
-0.214812
-0.223717
-0.281417
-0.224643
-0.285025
-0.318031
-0.213818
-0.215828
-0.191065
-0.096386
-0.013061
0.129268
0.146194
0.233194
0.297763
0.336023
0.465668
0.470402
0.355186
0.170893
-0.034775
-0.120830
-0.176059
-0.227553
-0.377561
-0.411717
-0.455391
-0.544735
-0.521460
-0.428121
-0.467015
-0.556902
-0.556156
-0.453312
-0.441297
-0.437977
-0.375414
-0.360383
-0.405408
-0.528025
-0.598352
-0.682050
-0.761026
-0.774339
-0.804032
-0.773713
-0.783954
-0.847538
-0.827179
-0.706604
-0.542110
-0.529343
-0.604386
-0.601126
-0.578771
-0.56059
-0.565730
-0.621791
-0.728380
-0.7681
-0.819476
-0.833909
-0.716636
-0.701985
-0.722042
-0.691675
-0.629114
-0.706636
-0.858856
-0.862591
-0.861332
-0.901545
-0.854086
-0.856070
-0.856013
-0.834638
-0.814312
-0.850547
-0.846157
-0.845104
-0.843418
-0.806285
-0.671413
-0.660259
-0.665207
-0.710204
-0.753252
-0.729252
-0.787414
-0.833030
-0.833850
-0.730784
-0.677349
-0.664906
-0.584676
-0.499555
-0.535478
-0.602019
-0.596477
-0.608785
-0.694636
-0.814077
-0.753968
-0.745615
-0.817809
-0.807372
-0.804794
-0.734273
-0.701351
-0.791090
-0.818744
-0.825131
-0.824122
-0.818332
-0.822250
-0.803968
-0.770182
-0.748787
-0.797666
-0.774543
-0.701028
-0.660709
-0.689324
-0.690115
-0.69411
-0.692769
-0.712158
-0.778948
-0.794929
-0.843969
-0.827685
-0.793073
-0.769317
-0.682692
-0.676935
-0.613300
-0.564769
-0.571449
-0.623721
-0.674976
-0.675719
-0.676969
-0.680506
-0.689927
-0.732114
-0.772782
-0.811433
-0.842026
-0.861845
-0.967439
-0.973127
-0.960235
-1.01622
-1.03322
-1.01232
-1.0238
-0.991784
-0.965661
-1.03786
-1.03999
-1.03509
-1.00986
-0.956573
-0.915653
-0.892311
-0.895113
-0.889436
-0.853097
-0.861380
-0.849231
-0.769887
-0.730547
-0.669248
-0.614695
-0.472008
-0.402737
-0.332195
-0.334109
-0.380853
-0.329735
-0.312697
-0.219507
-0.168688
-0.078477
0.078479
0.230116
0.341660
0.438996
0.518366
0.641246
0.835343
1.04764
1.31879
1.57556
1.87262
2.15452
2.52996
2.93089
3.32169
3.75015
4.18612
4.71478
5.44462
6.69865
8.10548
9.36784
10.4465
11.5567
12.7674
14.1616
15.6167
17.1074
18.6330
20.2023
21.7916
23.4233
25.2474
27.0211
28.9224
30.8907
33.0481
35.3356
37.4969
39.6493
42.0568
44.6087
47.0540
49.5766
51.9965
54.4434
56.9284
59.5186
62.1183
64.9460
67.6179
70.5638
73.3187
76.0041
78.7407
81.7006
84.5128
87.4756
90.3867
93.3824
96.2718
99.2809
102.150
105.147
108.202
111.134
114.218
117.382
120.501
123.376
126.438
129.488
132.677
135.730
138.835
141.964
145.093
148.184
151.346
154.263
157.538
160.672
163.828
167.187
170.364
173.568
176.647
179.827
182.823
185.908
189.078
192.268
195.333
198.626
201.873
204.845
208.019
211.080
214.339
217.487
220.582
223.752
226.695
230.058
232.976
236.302
239.575
242.543
245.671
248.890
252.033
255.275
258.074
261.041
264.033
267.033
270.219
273.111
276.028
279.299
282.403
285.257
288.187
291.315
294.334
297.444
300.310
303.184
306.164
308.966
311.633
314.448
317.314
319.994
322.808
325.717
328.880
331.790
334.460
337.442
340.423
343.259
345.836
348.765
351.255
354.002
356.947
359.632
361.991
364.787
367.289
369.892
372.724
375.416
378.224
380.680
383.398
386.054
388.737
391.192
393.742
396.281
398.511
401.101
403.757
406.190
408.602
410.923
413.155
415.543
418.104
420.342
422.599
425.053
427.583
430.412
432.944
435.321
437.519
440.172
442.861
445.530
448.086
450.613
452.753
455.305
457.443
459.331
461.446
463.931
465.805
468.118
470.477
472.697
474.870
476.975
479.267
481.254
483.396
485.271
487.413
489.305
491.159
493.483
495.306
497.522
499.275
500.824
502.854
504.603
506.684
508.842
510.663
512.716
514.745
516.342
517.963
520.154
522.431
523.915
525.785
527.549
528.915
530.545
532.225
533.503
535.207
536.668
538.233
539.591
541.009
542.958
544.121
545.434
546.190
547.021
548.384
550.530
552.937
554.491
556.366
557.722
558.790
560.235
560.428
562.000
563.222
565.081
566.577
564.281
566.536
519.511
542.369
547.982
552.153
561.091
546.161
573.479
574.046
575.949
577.248
576.201
576.671
578.514
579.537
581.217
582.010
579.224
579.155
582.242
585.190
587.167
588.459
589.332
589.582
590.22
590.705
590.197
589.945
590.360
592.323
593.211
593.296
594.653
594.700
594.932
595.650
596.542
597.113
597.434
597.653
599.428
598.909
598.371
599.134
600.836
601.329
602.230
602.244
602.112
602.374
592.205
602.499
603.077
603.227
602.817
602.757
602.317
602.573
603.028
604.290
604.518
604.229
603.799
602.382
602.716
602.987
602.194
601.638
602.430
602.204
600.904
601.907
603.026
602.913
604.365
604.195
603.551
602.392
601.351
604.652
605.578
605.978
605.645
605.592
605.233
605.547
605.476
605.638
605.235
605.187
604.953
604.714
604.776
605.395
605.782
605.672
605.546
605.291
605.293
605.178
604.297
603.425
602.206
601.746
601.521
600.931
600.414
600.234
600.093
599.725
599.123
598.247
597.905
597.389
596.906
596.342
595.442
594.674
593.322
592.059
591.199
590.437
589.619
588.833
588.077
587.372
586.309
585.609
584.879
583.942
582.577
581.204
580.011
578.902
577.727
576.706
575.692
574.673
573.687
572.650
571.841
570.478
568.876
567.854
566.357
565.036
563.915
562.559
561.423
559.796
558.033
556.740
555.050
553.734
552.502
550.834
549.476
548.078
546.678
545.381
543.864
542.12
540.393
538.497
537.008
535.433
534.376
533.618
532.838
531.804
530.347
528.677
527.159
525.236
523.658
521.979
520.177
518.606
517.111
515.501
513.400
511.296
509.640
507.442
505.760
503.735
502.005
500.290
498.249
496.033
494.020
491.724
489.810
487.781
485.583
483.892
482.27
480.106
477.973
476.342
474.562
472.656
470.785
468.357
465.844
464.255
462.272
460.649
458.430
456.454
454.438
452.359
450.304
448.148
445.804
443.382
441.008
438.729
436.153
433.605
431.186
428.470
425.812
423.438
421.189
419.089
416.745
414.48
412.392
409.795
407.508
405.315
402.801
400.219
397.990
395.326
392.663
389.439
387.701
384.821
382.051
379.552
376.932
374.322
371.750
369.259
366.426
363.893
361.458
358.924
356.371
353.503
350.724
347.948
345.163
342.425
339.667
337.019
334.472
331.507
328.674
325.900
322.855
320.183
317.520
314.900
312.169
309.417
306.624
303.669
300.513
297.719
294.945
292.034
289.258
286.330
283.255
280.114
277.283
274.234
271.311
268.434
265.649
262.771
259.758
256.864
253.573
250.570
247.524
244.313
241.338
238.330
235.398
232.319
229.087
225.953
222.962
219.718
216.446
213.346
210.268
207.303
204.341
201.392
198.316
195.238
192.343
189.267
186.303
183.453
180.482
177.518
174.399
171.198
168.063
165.028
161.975
159.071
156.319
153.415
150.456
147.388
144.379
140.528
136.179
131.520
127.642
124.319
121.094
117.885
115.225
114.149
114.143
111.860
108.926
105.993
103.275
100.405
97.4165
94.5602
91.6735
88.7019
85.9212
83.0896
80.3719
77.8281
75.1443
72.2870
69.3761
66.4936
63.8392
61.0205
51.9886
35.5255
21.5703
18.0184
17.6138
17.1919
16.7054
16.1747
15.6634
15.1238
14.5452
13.9335
13.3295
12.7292
12.1435
11.5757
11.0127
10.4640
9.94089
9.40216
8.84755
8.34606
7.84403
7.33806
6.86335
6.37815
5.90049
5.45496
5.10346
4.68492
4.29290
3.93282
3.55845
3.18826
2.83439
2.50775
2.15335
1.87344
1.63884
1.40651
1.18916
0.955551
0.734315
0.547611
0.356380
0.155041
0.022722
-0.070948
-0.185015
-0.295363
-0.437679
-0.552276
-0.590128
-0.579363
-0.657466
-0.637712
-0.602136
-0.585511
-0.604939
-0.691855
-0.757742
-0.748539
-0.740621
-0.760767
-0.759685
-0.763965
-0.765131
-0.699125
-0.730031
-0.769247
-0.770439
-0.771717
-0.749285
-0.701379
-0.723953
-0.620413
-0.598667
-0.575
-0.493845
-0.418000
-0.406333
-0.38205
-0.394506
-0.398050
-0.429321
-0.470955
-0.431074
-0.406193
-0.441095
-0.491853
-0.496405
-0.507208
-0.577976
-0.578823
-0.580838
-0.582184
-0.582887
-0.591321
-0.584573
-0.567555
-0.549500
-0.566717
-0.579204
-0.577051
-0.545668
-0.449404
-0.409842
-0.430123
-0.490764
-0.492045
-0.432804
-0.423658
-0.406460
-0.416007
-0.447964
-0.405629
-0.436012
-0.428787
-0.412500
-0.405421
-0.344339
-0.321963
-0.300684
-0.336435
-0.379124
-0.407638
-0.414409
-0.391588
-0.340791
-0.324884
-0.383509
-0.411620
-0.403460
-0.378671
-0.415744
-0.454197
-0.433209
-0.437430
-0.434069
-0.419066
-0.418433
-0.439954
-0.431907
-0.415750
-0.407032
-0.360469
-0.313392
-0.384442
-0.409529
-0.413873
-0.422321
-0.411084
-0.396316
-0.314981
-0.341429
-0.430823
-0.563182
-0.597607
-0.621771
-0.609572
-0.616996
-0.601478
-0.577183
-0.569577
-0.606952
-0.605832
-0.598444
-0.601070
-0.609398
-0.606051
-0.595724
-0.617071
-0.615030
-0.687743
-0.632284
-0.614322
-0.611648
-0.612841
-0.612859
-0.607036
-0.585710
-0.596493
-0.613282
-0.614584
-0.597552
-0.550831
-0.597888
-0.569694
-0.554201
-0.464805
-0.391006
-0.392849
-0.371889
-0.434569
-0.452002
-0.451940
-0.450313
-0.449987
-0.460928
-0.519274
-0.540169
-0.612923
-0.616451
-0.591660
-0.504024
-0.480806
-0.443666
-0.464363
-0.511745
-0.511799
-0.530673
-0.514061
-0.457360
-0.502854
-0.520782
-0.486462
-0.443055
-0.441570
-0.44283
-0.442571
-0.418557
-0.413724
-0.417718
-0.400578
-0.430021
-0.430866
-0.413892
-0.410516
-0.414077
-0.410343
-0.329230
-0.258364
-0.258304
-0.305060
-0.290533
-0.287569
-0.315440
-0.309728
-0.415151
-0.366760
-0.294833
-0.329125
-0.352847
-0.357151
-0.385838
-0.415822
-0.439908
-0.434074
-0.433854
-0.455846
-0.473798
-0.494146
-0.502970
-0.456776
-0.483835
-0.484648
-0.562918
-0.578139
-0.582711
-0.540582
-0.474184
-0.482524
-0.536273
-0.495722
-0.485815
-0.441992
-0.389881
-0.371657
-0.495507
-0.460672
-0.417118
-0.404391
-0.424780
-0.387267
-0.383547
-0.434388
-0.401054
-0.403444
-0.363617
-0.375364
-0.383161
-0.397884
-0.418882
-0.403535
-0.387383
-0.408695
-0.447777
-0.432179
-0.424548
-0.445327
-0.419867
-0.329451
-0.318228
-0.385456
-0.409031
-0.422013
-0.393917
-0.403761
-0.383507
-0.387950
-0.375622
-0.394888
-0.399779
-0.399026
-0.326201
-0.290538
-0.402666
-0.415541
-0.392089
-0.377712
-0.344236
-0.313691
-0.367436
-0.441959
-0.420023
-0.439076
-0.452083
-0.454539
-0.445176
-0.421708
-0.382998
-0.362069
-0.340792
-0.322799
-0.335932
-0.389472
-0.394145
-0.395559
-0.424750
-0.428112
-0.368767
-0.287772
-0.303070
-0.310012
-0.312170
-0.348964
-0.336939
-0.343684
-0.334690
-0.312302
-0.322982
-0.339353
-0.315319
-0.285831
-0.299103
-0.327799
-0.391133
-0.374115
-0.331090
-0.325523
-0.337238
-0.310765
-0.371323
-0.383518
-0.397118
-0.393428
-0.363310
-0.395213
-0.389152
-0.408445
-0.407885
-0.405498
-0.328945
-0.326467
-0.298448
-0.249209
-0.278607
-0.298802
-0.304218
-0.313710
-0.356040
-0.359697
-0.380297
-0.392191
-0.404473
-0.410864
-0.363051
-0.364213
-0.362656
-0.333285
-0.342537
-0.366118
-0.313178
-0.321376
-0.319705
-0.293428
-0.372213
-0.356180
-0.306885
-0.290523
-0.300933
-0.307202
-0.302717
-0.299924
-0.323804
-0.378445
-0.444116
-0.383968
-0.372226
-0.341618
-0.287964
-0.310625
-0.317958
-0.353655
-0.421537
-0.389679
-0.377960
-0.358177
-0.358141
-0.378687
-0.371804
-0.368571
-0.367073
-0.364275
-0.382320
-0.445034
-0.447340
-0.418932
-0.384734
-0.388422
-0.381175
-0.400875
-0.395647
-0.439161
-0.429939
-0.445558
-0.434321
-0.443733
-0.458400
-0.454677
-0.449713
-0.470176
-0.451709
-0.448930
-0.449412
-0.450521
-0.454100
-0.441659
-0.455176
-0.450003
-0.439351
-0.456556
-0.452198
-0.460141
-0.446508
-0.458623
-0.461567
-0.493297
-0.525504
-0.470736
-0.435830
-0.406899
-0.399453
-0.414994
-0.409656
-0.409418
-0.457893
