
SYMMETRICAL COMPONENT POWERS BY CIRCUIT ELEMENT (first 3 phases)                                     Excess Power

Element              Term    P1(kW)   Q1(kvar)       P2         Q2      P0      Q0       P_Norm      Q_Norm     P_Emerg    Q_Emerg

"Vsource.SOURCE"      1      -43.7      -19.1        0.0        0.0     0.0    -0.0
"Vsource.SOURCE"      2        0.0        0.0        0.0        0.0     0.0     0.0
"Line.1743000"        1        6.0        2.6        0.0        0.0     0.0    -0.0        0.0        0.0        0.0        0.0
"Line.1743000"        2       -6.0       -2.6       -0.0       -0.0    -0.0     0.0
"Line.1743001"        1        2.9        1.2        0.0        0.0     0.0    -0.0        0.0        0.0        0.0        0.0
"Line.1743001"        2       -2.9       -1.2       -0.0        0.0    -0.0     0.0
"Line.1743002"        1       12.7        5.4        0.0       -0.0    -0.0    -0.0        0.0        0.0        0.0        0.0
"Line.1743002"        2      -12.6       -5.4        0.0        0.0     0.0     0.0
"Line.1743003"        1       10.9        4.6        0.0       -0.0    -0.0    -0.0        0.0        0.0        0.0        0.0
"Line.1743003"        2      -10.9       -4.6       -0.0        0.0     0.0     0.0
"Line.1743004"        1        8.5        3.6        0.0       -0.0    -0.0    -0.0        0.0        0.0        0.0        0.0
"Line.1743004"        2       -8.4       -3.6       -0.0        0.0     0.0     0.0
"Line.1743005"        1        5.9        2.5        0.0       -0.0    -0.0    -0.0        0.0        0.0        0.0        0.0
"Line.1743005"        2       -5.8       -2.5        0.0        0.0     0.0     0.0
"Line.1743006"        1        3.0        1.3       -0.0       -0.0    -0.0    -0.0        0.0        0.0        0.0        0.0
"Line.1743006"        2       -3.0       -1.3        0.0        0.0     0.0     0.0
"Line.1743007"        1        0.4        0.2       -0.0        0.0    -0.0    -0.0        0.0        0.0        0.0        0.0
"Line.1743007"        2       -0.4       -0.2        0.0       -0.0     0.0     0.0
"Line.1743008"        1        2.4        1.0        0.0       -0.0    -0.0    -0.0        0.0        0.0        0.0        0.0
"Line.1743008"        2       -2.4       -1.0       -0.0        0.0     0.0     0.0
"Line.1743009"        1        2.1        0.9        0.0       -0.0    -0.0    -0.0        0.0        0.0        0.0        0.0
"Line.1743009"        2       -2.1       -0.9       -0.0        0.0     0.0     0.0
"Line.1743010"        1        0.5        0.2       -0.0       -0.0     0.0     0.0        0.0        0.0        0.0        0.0
"Line.1743010"        2       -0.5       -0.2        0.0        0.0     0.0     0.0
"Line.1743011"        1       21.0        8.9       -0.0       -0.0    -0.0    -0.0        0.0        0.0        0.0        0.0
"Line.1743011"        2      -20.8       -8.8        0.0       -0.0    -0.0     0.0
"Line.1743012"        1        3.4        1.5        0.0        0.0     0.0    -0.0        0.0        0.0        0.0        0.0
"Line.1743012"        2       -3.4       -1.5       -0.0       -0.0    -0.0     0.0
"Line.1743013"        1        2.6        1.1        0.0       -0.0     0.0    -0.0        0.0        0.0        0.0        0.0
"Line.1743013"        2       -2.6       -1.1       -0.0        0.0    -0.0     0.0
"Line.1743014"        1       15.7        6.6       -0.0        0.0     0.0    -0.0        0.0        0.0        0.0        0.0
"Line.1743014"        2      -15.6       -6.6        0.0       -0.0    -0.0     0.0
"Line.1743015"        1       14.2        6.0       -0.0        0.0     0.0    -0.0        0.0        0.0        0.0        0.0
"Line.1743015"        2      -14.1       -6.0        0.0       -0.0    -0.0     0.0
"Line.1743016"        1        9.5        4.0       -0.0        0.0     0.0    -0.0        0.0        0.0        0.0        0.0
"Line.1743016"        2       -9.4       -4.0        0.0       -0.0    -0.0     0.0
"Line.1743017"        1        6.6        2.8       -0.0        0.0     0.0    -0.0        0.0        0.0        0.0        0.0
"Line.1743017"        2       -6.5       -2.8        0.0       -0.0    -0.0     0.0
"Line.1743018"        1        2.1        0.9        0.0        0.0     0.0    -0.0        0.0        0.0        0.0        0.0
"Line.1743018"        2       -2.1       -0.9       -0.0       -0.0    -0.0     0.0
"Line.1743019"        1        0.5        0.2        0.0       -0.0     0.0     0.0        0.0        0.0        0.0        0.0
"Line.1743019"        2       -0.5       -0.2       -0.0        0.0     0.0     0.0
"Line.1743020"        1        1.0        0.4       -0.0        0.0     0.0     0.0        0.0        0.0        0.0        0.0
"Line.1743020"        2       -1.0       -0.4        0.0       -0.0    -0.0    -0.0
"Line.1743021"        1        0.5        0.2        0.0        0.0     0.0     0.0        0.0        0.0        0.0        0.0
"Line.1743021"        2       -0.5       -0.2       -0.0       -0.0    -0.0    -0.0
"Line.1743022"        1        0.2        0.1       -0.0       -0.0    -0.0    -0.0        0.0        0.0        0.0        0.0
"Line.1743022"        2       -0.2       -0.1        0.0        0.0     0.0     0.0
"Line.1743023"        1        0.6        0.3        0.0       -0.0     0.0    -0.0        0.0        0.0        0.0        0.0
"Line.1743023"        2       -0.6       -0.3       -0.0        0.0    -0.0     0.0
"Line.1743024"        1        1.7        0.7        0.0       -0.0     0.0    -0.0        0.0        0.0        0.0        0.0
"Line.1743024"        2       -1.7       -0.7       -0.0        0.0    -0.0     0.0
"Line.1743025"        1        1.9        0.8        0.0       -0.0     0.0    -0.0        0.0        0.0        0.0        0.0
"Line.1743025"        2       -1.9       -0.8       -0.0        0.0    -0.0     0.0
"Line.1743026"        1        0.7        0.3        0.0       -0.0     0.0    -0.0        0.0        0.0        0.0        0.0
"Line.1743026"        2       -0.7       -0.3       -0.0        0.0    -0.0     0.0
"Line.1743027"        1        1.4        0.6        0.0       -0.0     0.0    -0.0        0.0        0.0        0.0        0.0
"Line.1743027"        2       -1.4       -0.6       -0.0        0.0    -0.0     0.0
"Line.1743028"        1        1.0        0.4        0.0       -0.0     0.0    -0.0        0.0        0.0        0.0        0.0
"Line.1743028"        2       -1.0       -0.4       -0.0        0.0    -0.0     0.0
"Line.1743029"        1        0.3        0.1        0.0       -0.0     0.0    -0.0        0.0        0.0        0.0        0.0
"Line.1743029"        2       -0.3       -0.1       -0.0        0.0    -0.0     0.0
"Line.1743030"        1        0.9        0.4        0.0       -0.0     0.0    -0.0        0.0        0.0        0.0        0.0
"Line.1743030"        2       -0.9       -0.4       -0.0        0.0    -0.0     0.0
"Line.1743031"        1        0.8        0.3        0.0       -0.0     0.0    -0.0        0.0        0.0        0.0        0.0
"Line.1743031"        2       -0.8       -0.3       -0.0        0.0    -0.0     0.0
"Line.1743032"        1        1.1        0.5        0.0       -0.0     0.0    -0.0        0.0        0.0        0.0        0.0
"Line.1743032"        2       -1.1       -0.5       -0.0        0.0    -0.0     0.0
"Line.1743033"        1        1.5        0.6       -0.0       -0.0    -0.0    -0.0        0.0        0.0        0.0        0.0
"Line.1743033"        2       -1.5       -0.6        0.0        0.0     0.0     0.0
"Line.1743034"        1        0.6        0.3       -0.0       -0.0    -0.0    -0.0        0.0        0.0        0.0        0.0
"Line.1743034"        2       -0.6       -0.3        0.0        0.0     0.0     0.0
"Line.1743035"        1        2.3        1.0       -0.0       -0.0    -0.0    -0.0        0.0        0.0        0.0        0.0
"Line.1743035"        2       -2.3       -1.0        0.0        0.0     0.0     0.0
"Line.1743036"        1        1.1        0.5       -0.0       -0.0    -0.0    -0.0        0.0        0.0        0.0        0.0
"Line.1743036"        2       -1.1       -0.5        0.0        0.0     0.0     0.0
"Line.1743037"        1        1.5        0.6        0.0       -0.0     0.0    -0.0        0.0        0.0        0.0        0.0
"Line.1743037"        2       -1.5       -0.6       -0.0        0.0    -0.0     0.0
"Line.1743038"        1        0.6        0.3        0.0       -0.0     0.0    -0.0        0.0        0.0        0.0        0.0
"Line.1743038"        2       -0.6       -0.3       -0.0        0.0    -0.0     0.0
"Line.1743039"        1        2.3        1.0        0.0       -0.0     0.0    -0.0        0.0        0.0        0.0        0.0
"Line.1743039"        2       -2.3       -1.0       -0.0        0.0    -0.0     0.0
"Line.1743040"        1        1.1        0.5        0.0       -0.0     0.0    -0.0        0.0        0.0        0.0        0.0
"Line.1743040"        2       -1.1       -0.5       -0.0        0.0    -0.0     0.0
"Line.1743041"        1        1.5        0.6        0.0       -0.0     0.0    -0.0        0.0        0.0        0.0        0.0
"Line.1743041"        2       -1.5       -0.6       -0.0        0.0    -0.0     0.0
"Line.1743042"        1        0.6        0.3        0.0       -0.0     0.0    -0.0        0.0        0.0        0.0        0.0
"Line.1743042"        2       -0.6       -0.3       -0.0        0.0    -0.0     0.0
"Line.1743043"        1        2.3        1.0        0.0       -0.0     0.0    -0.0        0.0        0.0        0.0        0.0
"Line.1743043"        2       -2.3       -1.0       -0.0        0.0    -0.0     0.0
"Line.1743044"        1        1.1        0.5        0.0       -0.0     0.0    -0.0        0.0        0.0        0.0        0.0
"Line.1743044"        2       -1.1       -0.5       -0.0        0.0    -0.0     0.0
"Line.1743045"        1        1.5        0.6        0.0       -0.0     0.0    -0.0        0.0        0.0        0.0        0.0
"Line.1743045"        2       -1.5       -0.6       -0.0        0.0    -0.0     0.0
"Line.1743046"        1        0.6        0.3        0.0       -0.0     0.0    -0.0        0.0        0.0        0.0        0.0
"Line.1743046"        2       -0.6       -0.3       -0.0        0.0    -0.0     0.0
"Line.1743047"        1        2.3        1.0        0.0       -0.0     0.0    -0.0        0.0        0.0        0.0        0.0
"Line.1743047"        2       -2.3       -1.0       -0.0        0.0    -0.0     0.0
"Line.1743048"        1        1.1        0.5        0.0       -0.0     0.0    -0.0        0.0        0.0        0.0        0.0
"Line.1743048"        2       -1.1       -0.5       -0.0        0.0    -0.0     0.0
"Transformer.CA746"   1       42.9       18.9       -0.0       -0.0     0.0     0.0        0.0        0.0        0.0        0.0
"Transformer.CA746"   2      -42.4      -18.0        0.0        0.0     0.0     0.0
"Load.IP1"            1        0.0        0.0        0.0        0.0     0.0     0.0
"Load.IP2"            1        0.0        0.0        0.0        0.0     0.0     0.0
"Load.IP3"            1        0.0        0.0        0.0        0.0     0.0     0.0
"Load.IP4"            1        0.0        0.0        0.0        0.0     0.0     0.0
"Load.IP5"            1        0.0        0.0        0.0        0.0     0.0     0.0
"Load.IP6"            1        0.0        0.0        0.0        0.0     0.0     0.0
"Load.IP7"            1        0.0        0.0        0.0        0.0     0.0     0.0
"Load.IP8"            1        0.0        0.0        0.0        0.0     0.0     0.0
"Load.IP9"            1        0.0        0.0        0.0        0.0     0.0     0.0
"Load.IP10"           1        0.0        0.0        0.0        0.0     0.0     0.0
"Load.IP11"           1        0.0        0.0        0.0        0.0     0.0     0.0
"Load.IP12"           1        0.0        0.0        0.0        0.0     0.0     0.0
"Load.IP13"           1        0.0        0.0        0.0        0.0     0.0     0.0
"Load.IP14"           1        0.0        0.0        0.0        0.0     0.0     0.0
"Load.IP15"           1        0.0        0.0        0.0        0.0     0.0     0.0
"Load.IP16"           1        0.0        0.0        0.0        0.0     0.0     0.0
"Load.IP17"           1        0.0        0.0        0.0        0.0     0.0     0.0
"Load.IP18"           1        0.0        0.0        0.0        0.0     0.0     0.0
"Load.IP19"           1        0.0        0.0        0.0        0.0     0.0     0.0
"Load.IP20"           1        0.0        0.0        0.0        0.0     0.0     0.0
"Load.IP21"           1        0.0        0.0        0.0        0.0     0.0     0.0
"Load.IP22"           1        0.0        0.0        0.0        0.0     0.0     0.0
"Load.IP23"           1        0.0        0.0        0.0        0.0     0.0     0.0
"Load.CARGA1"         1        0.6        0.3        0.0       -0.0     0.0    -0.0
"Load.CARGA2"         1        1.7        0.7        0.0       -0.0     0.0    -0.0
"Load.CARGA3"         1        1.9        0.8        0.0       -0.0     0.0    -0.0
"Load.CARGA4"         1        0.7        0.3        0.0       -0.0     0.0    -0.0
"Load.CARGA5"         1        1.4        0.6        0.0       -0.0     0.0    -0.0
"Load.CARGA6"         1        1.0        0.4        0.0       -0.0     0.0    -0.0
"Load.CARGA7"         1        0.3        0.1        0.0       -0.0     0.0    -0.0
"Load.CARGA8"         1        0.9        0.4        0.0       -0.0     0.0    -0.0
"Load.CARGA9"         1        0.8        0.3        0.0       -0.0     0.0    -0.0
"Load.CARGA10"        1        1.1        0.5        0.0       -0.0     0.0    -0.0
"Load.CARGA11"        1        1.5        0.6       -0.0       -0.0    -0.0    -0.0
"Load.CARGA12"        1        0.6        0.3       -0.0       -0.0    -0.0    -0.0
"Load.CARGA13"        1        2.3        1.0       -0.0       -0.0    -0.0    -0.0
"Load.CARGA14"        1        1.1        0.5       -0.0       -0.0    -0.0    -0.0
"Load.CARGA15"        1        1.5        0.6        0.0       -0.0     0.0    -0.0
"Load.CARGA16"        1        0.6        0.3        0.0       -0.0     0.0    -0.0
"Load.CARGA17"        1        2.3        1.0        0.0       -0.0     0.0    -0.0
"Load.CARGA18"        1        1.1        0.5        0.0       -0.0     0.0    -0.0
"Load.CARGA19"        1        1.5        0.6        0.0       -0.0     0.0    -0.0
"Load.CARGA20"        1        0.6        0.3        0.0       -0.0     0.0    -0.0
"Load.CARGA21"        1        2.3        1.0        0.0       -0.0     0.0    -0.0
"Load.CARGA22"        1        1.1        0.5        0.0       -0.0     0.0    -0.0
"Load.CARGA23"        1        1.5        0.6        0.0       -0.0     0.0    -0.0
"Load.CARGA24"        1        0.6        0.3        0.0       -0.0     0.0    -0.0
"Load.CARGA25"        1        2.3        1.0        0.0       -0.0     0.0    -0.0
"Load.CARGA26"        1        1.1        0.5        0.0       -0.0     0.0    -0.0
"Load.CARGAGR"        1        0.2        0.1       -0.0       -0.0    -0.0    -0.0

Total Circuit Losses =    1.0 +j    1.1
