29.547582
34.139111
31.054925
30.122791
27.045863
28.209170
26.044281
29.640076
29.308286
26.567985
28.806478
24.580631
22.465802
26.162933
28.220873
25.104158
26.515018
27.282902
24.746994
26.779268
24.910322
26.495137
21.833183
22.062406
20.019037
25.614156
29.015827
30.189819
32.260981
41.008161
33.046426
33.351486
33.817936
32.171139
35.655507
38.376484
31.972170
35.115163
42.512329
40.677794
40.615443
33.742442
59.006939
38.313351
32.135487
29.722819
48.917772
47.067685
42.149309
46.151174
48.329379
54.556849
59.734768
48.218569
48.264401
41.998716
52.771144
46.694761
44.173170
49.848377
50.062057
60.639590
55.469079
67.997712
61.998673
63.216331
50.203590
61.937141
54.873292
54.151505
61.707475
63.083585
65.134942
69.780131
84.466153
81.192665
74.921379
68.270146
75.422453
65.659494
57.114594
56.680663
50.075247
53.608761
46.206489
43.146621
52.800061
57.856384
58.668873
43.342994
46.161356
41.282910
45.466747
41.774122
35.957986
37.155485
