27.652384
25.167334
29.712553
27.489260
27.258585
24.967744
25.424075
27.490657
27.808918
29.926434
27.731347
25.292596
26.558314
25.086143
28.639648
27.628075
27.708526
28.075965
28.608285
29.893952
30.289239
29.090886
31.469040
29.292141
29.743183
30.384994
33.568554
30.272630
31.262383
32.357841
29.523351
36.660797
23.418374
25.722195
28.539048
25.016072
25.888007
24.767043
26.208784
25.824548
22.257771
23.603670
22.737692
21.661090
21.725668
26.457111
25.568574
28.208467
29.773992
30.875840
28.937223
28.206235
30.712062
30.326343
36.114909
41.904777
39.399963
41.872861
41.809206
42.593452
41.872593
39.258085
41.215456
39.465646
36.538195
42.564958
40.787986
44.210841
41.776456
37.064957
36.176628
35.287920
45.348535
36.538403
39.972490
42.959147
40.109625
40.320534
38.288571
37.950725
36.517245
37.037973
34.080076
34.437501
31.392010
32.097474
33.196835
37.117030
36.215873
38.602469
36.137266
36.565404
40.624423
40.447206
38.257590
36.609210
