0.00000
0.00000
0.00000
0.00000
0.00000
0.00000
0.00000
0.00000
0.00000
0.00000
0.00000
0.00000
0.00000
0.00000
0.00000
0.00000
0.00000
0.00000
0.00000
0.00000
0.00000
0.00000
0.00000
0.00000
0.00000
0.00000
0.00000
0.00000
0.00000
0.00000
0.00000
0.00000
0.00000
0.00000
0.00000
0.00000
0.00000
0.00000
0.00000
0.00000
0.00000
0.00000
0.00000
0.00000
0.00000
0.00000
0.00000
0.00000
0.00000
0.00000
0.00000
0.00000
0.00000
0.00000
0.00000
0.00000
0.00000
0.00000
0.00000
0.00000
0.00000
0.00000
0.00000
0.00000
0.00000
0.00000
0.00000
0.00000
0.00000
0.00000
0.00000
0.00000
0.00000
0.00000
0.00000
0.00000
0.00000
0.00000
0.00000
0.00000
0.00000
0.00000
0.00000
0.00000
0.00000
0.00000
0.00000
0.00000
0.00000
0.00000
0.00000
0.00000
0.00000
0.00000
0.00000
0.00000
0.00000
0.00000
0.00000
0.00000
0.00000
0.00000
0.00000
0.00000
0.00000
0.00000
0.00000
0.00000
0.00000
0.00000
0.00000
0.00000
0.00000
0.00000
0.00000
0.00000
0.00000
0.00000
0.00000
0.00000
0.00000
0.00000
0.00000
0.00000
0.00000
0.00000
0.00000
0.00000
0.00000
0.00000
0.00000
0.00000
0.00000
0.00000
0.00000
0.00000
0.00000
0.00000
0.00000
0.00000
0.00000
0.00000
0.00000
0.00000
0.00000
0.00000
0.00000
0.00000
0.00000
0.00000
0.00000
0.00000
0.00000
0.00000
0.00000
0.00000
0.00000
0.00000
0.00000
0.00000
0.00000
0.00000
0.00000
0.00000
0.00000
0.00000
0.00000
0.00000
0.00000
0.00000
0.00000
0.00000
0.00000
0.00000
0.00000
0.00000
0.00000
0.00000
0.00000
0.00000
0.00000
0.00000
0.00000
0.00000
0.00000
0.00000
0.00000
0.00000
0.00000
0.00000
0.00000
0.00000
0.00000
0.00000
0.00000
0.00000
0.00000
0.00000
0.00000
0.00000
0.00000
0.00000
0.00000
0.00000
0.00000
0.00000
0.00000
0.00000
0.00000
0.00000
0.00000
0.00000
0.00000
0.00000
0.00000
0.00000
0.00000
0.00000
0.00000
0.00000
0.00000
0.00000
0.00000
0.00000
0.00000
0.00000
0.00000
0.00000
0.00000
0.00000
0.00000
0.00000
0.00000
0.00000
0.00000
0.00000
0.00000
0.00000
0.00000
0.00000
0.00000
0.00000
0.00000
0.00000
0.00000
0.00000
0.00000
0.00000
0.00000
0.00000
0.00000
0.00000
0.00000
0.00000
0.00000
0.00000
0.00000
0.00000
0.00000
0.00000
0.00000
0.00000
0.00000
0.00000
0.00000
0.00000
0.00000
0.00000
0.00000
0.00000
0.00000
0.00000
0.00000
0.00000
0.00000
0.00000
0.00000
0.00000
0.00000
0.00000
0.00000
0.00000
0.00000
0.00000
0.00000
0.00000
0.00000
0.00000
0.00000
0.00000
0.00000
0.00000
0.00000
0.00000
0.00000
0.00000
0.00000
0.00000
0.00000
0.00000
0.00000
0.00000
0.00000
0.00000
0.00000
0.00000
0.00000
0.00000
0.00000
0.00000
0.00000
0.00000
0.00000
0.00000
0.00000
0.00000
0.00000
0.00000
0.00000
0.00000
0.00000
0.00000
0.00000
0.00000
0.00000
0.00000
0.00000
0.00000
0.00000
0.00000
0.00000
0.00000
0.00000
0.00000
0.00000
0.00000
0.00000
0.00000
0.00000
0.00000
0.00000
0.00000
0.00000
0.00000
0.00000
0.00000
0.00000
0.00000
0.00000
0.00000
0.00000
0.00000
0.00000
0.00000
0.00000
0.00000
0.00000
0.00000
0.00000
0.00000
0.00000
0.00000
0.00000
0.00000
0.00000
0.00000
0.00000
0.00000
0.00000
0.00000
0.00000
0.00000
0.00000
0.00000
0.00000
0.00000
0.00000
0.00000
0.00000
0.00000
0.00000
0.00000
0.00000
0.00000
0.00000
0.00000
0.00000
0.00000
0.00000
0.00000
0.00000
0.00000
0.00000
0.00000
0.00000
0.00000
0.00000
0.00000
0.00000
0.00000
0.00000
0.00000
0.00000
0.00000
0.00000
0.00000
0.00000
0.00000
0.00000
0.00000
0.00000
0.00000
0.00000
0.00000
0.00000
0.00000
0.00000
0.00000
0.00000
0.00000
0.00000
0.00000
0.00000
0.00000
0.00000
0.00000
0.00000
0.00000
0.00000
0.00000
0.00000
0.00000
0.00000
0.00000
0.00000
0.00000
0.00000
0.00000
0.00000
0.00000
0.00000
0.00000
0.00000
0.00025
0.00036
0.00041
0.00051
0.00061
0.00076
0.00086
0.00102
0.00117
0.00127
0.00137
0.00153
0.00173
0.00183
0.00208
0.00219
0.00249
0.00264
0.00275
0.00300
0.00346
0.00371
0.00412
0.00447
0.00483
0.00529
0.00564
0.00600
0.00620
0.00646
0.00661
0.00676
0.00686
0.00707
0.00702
0.00727
0.00778
0.00803
0.00839
0.00864
0.00885
0.00900
0.00910
0.00931
0.00946
0.00961
0.00981
0.00971
0.00946
0.00910
0.00864
0.00849
0.00880
0.00910
0.00961
0.01058
0.01139
0.01195
0.01256
0.01347
0.01398
0.01469
0.01525
0.01592
0.01612
0.01673
0.01683
0.01703
0.01708
0.01668
0.01683
0.01734
0.01759
0.01836
0.01810
0.01775
0.01780
0.01780
0.01775
0.01785
0.01810
0.01856
0.01902
0.01912
0.01856
0.01836
0.01932
0.01983
0.02003
0.02008
0.02019
0.02095
0.02161
0.02192
0.02166
0.02161
0.02161
0.02232
0.02293
0.02349
0.02425
0.02461
0.02481
0.02573
0.02619
0.02634
0.02669
0.02695
0.02781
0.02919
0.02939
0.03102
0.03254
0.03229
0.03259
0.03397
0.03458
0.03463
0.03539
0.03753
0.03936
0.03981
0.04022
0.04114
0.04251
0.04485
0.04541
0.04658
0.04647
0.04749
0.04876
0.04902
0.04953
0.05029
0.05120
0.05049
0.04978
0.05014
0.05237
0.05186
0.05171
0.05161
0.05247
0.05425
0.05354
0.05283
0.05217
0.05558
0.05939
0.05964
0.05827
0.05771
0.05690
0.05888
0.06061
0.06076
0.06142
0.06529
0.06488
0.06529
0.06676
0.06600
0.06432
0.06661
0.06859
0.07119
0.07175
0.07175
0.07144
0.07169
0.06997
0.07134
0.07053
0.07047
0.06966
0.06976
0.06951
0.06885
0.07312
0.07607
0.07653
0.07592
0.07571
0.07581
0.07759
0.08263
0.08400
0.08263
0.08578
0.08776
0.08690
0.08873
0.08751
0.08664
0.09142
0.09061
0.08827
0.08929
0.08903
0.09056
0.08822
0.08842
0.08669
0.08364
0.08827
0.08680
0.08715
0.08771
0.08776
0.08522
0.08395
0.08303
0.08624
0.08964
0.08781
0.08649
0.08654
0.08939
0.08675
0.08410
0.08410
0.08319
0.08242
0.08003
0.08034
0.07953
0.08024
0.08369
0.08278
0.08110
0.08410
0.08486
0.08136
0.08115
0.08131
0.08466
0.08329
0.08390
0.08339
0.08105
0.08095
0.07734
0.07749
0.07637
0.07851
0.07825
0.07876
0.07703
0.07678
0.07642
0.07597
0.07576
0.07897
0.07592
0.07963
0.08090
0.08242
0.08395
0.08507
0.08751
0.08639
0.08786
0.08959
0.08888
0.08898
0.08944
0.08949
0.09508
0.09478
0.09595
0.09610
0.09854
0.09692
0.09793
0.10098
0.09976
0.09824
0.09961
0.10068
0.10408
0.10536
0.10536
0.10368
0.10434
0.10286
0.10373
0.10566
0.10764
0.10286
0.10597
0.11451
0.11242
0.11115
0.11232
0.11568
0.11695
0.12305
0.12834
0.12249
0.12254
0.12290
0.12051
0.11903
0.11558
0.11558
0.11405
0.11619
0.11578
0.11532
0.11959
0.12341
0.11944
0.11329
0.11903
0.11619
0.11324
0.11492
0.12015
0.12132
0.12275
0.12097
0.12224
0.12000
0.11888
0.12473
0.12671
0.12386
0.12625
0.12610
0.12915
0.12758
0.12717
0.12803
0.12254
0.12661
0.13225
0.13703
0.13505
0.14710
0.14863
0.14959
0.14354
0.15178
0.14283
0.13627
0.14293
0.14258
0.14847
0.13917
0.13612
0.13195
0.13459
0.13378
0.13088
0.12676
0.12107
0.11781
0.11420
0.11237
0.11049
0.11019
0.10398
0.10164
0.10424
0.10246
0.10017
0.09361
0.09137
0.08944
0.09005
0.08995
0.09107
0.09254
0.09112
0.09117
0.08934
0.09183
0.09412
0.09671
0.09631
0.09814
0.09976
0.10042
0.09798
0.09753
0.09788
0.09875
0.09859
0.09961
0.09798
0.09219
0.09193
0.09351
0.09559
0.10251
0.10327
0.10449
0.10327
0.10317
0.10403
0.10647
0.10632
0.10739
0.10642
0.10653
0.10708
0.10531
0.10622
0.10586
0.10566
0.10414
0.10602
0.10653
0.10434
0.10159
0.10053
0.09859
0.09493
0.09325
0.08847
0.08303
0.08095
0.07922
0.07653
0.07734
0.07983
0.08466
0.08639
0.09010
0.09214
0.09031
0.08746
0.08766
0.08054
0.07668
0.07424
0.06992
0.06976
0.06880
0.06661
0.06427
0.06127
0.05629
0.05186
0.04846
0.04546
0.04297
0.04154
0.04297
0.04642
0.05227
0.05212
0.04800
0.04617
0.04953
0.05054
0.05197
0.05578
0.05776
0.05537
0.05293
0.04942
0.04775
0.04922
0.05019
0.04866
0.04973
0.05217
0.05466
0.05161
0.05110
0.05069
0.05003
0.04754
0.04785
0.04917
0.05069
0.05186
0.05359
0.05497
0.05583
0.05837
0.05675
0.05522
0.05364
0.05278
0.05049
0.05019
0.04963
0.04907
0.04744
0.04510
0.04429
0.04531
0.04541
0.04485
0.04439
0.04434
0.04434
0.04576
0.04764
0.04892
0.04612
0.04485
0.04215
0.03910
0.03839
0.03666
0.03386
0.03137
0.03020
0.02975
0.02954
0.02797
0.02720
0.02614
0.02471
0.02344
0.02247
0.02146
0.02034
0.01953
0.01897
0.01942
0.01912
0.01871
0.01805
0.01703
0.01622
0.01586
0.01617
0.01658
0.01647
0.01485
0.01353
0.01307
0.01327
0.01185
0.01068
0.01037
0.00981
0.00966
0.00895
0.00885
0.00854
0.00864
0.00778
0.00697
0.00615
0.00580
0.00625
0.00692
0.00646
0.00595
0.00569
0.00580
0.00569
0.00580
0.00539
0.00488
0.00422
0.00397
0.00361
0.00331
0.00310
0.00280
0.00259
0.00234
0.00203
0.00183
0.00163
0.00000
0.00000
0.00000
0.00000
0.00000
0.00000
0.00000
0.00000
0.00000
0.00000
0.00000
0.00000
0.00000
0.00000
0.00000
0.00000
0.00000
0.00000
0.00000
0.00000
0.00000
0.00000
0.00000
0.00000
0.00000
0.00000
0.00000
0.00000
0.00000
0.00000
0.00000
0.00000
0.00000
0.00000
0.00000
0.00000
0.00000
0.00000
0.00000
0.00000
0.00000
0.00000
0.00000
0.00000
0.00000
0.00000
0.00000
0.00000
0.00000
0.00000
0.00000
0.00000
0.00000
0.00000
0.00000
0.00000
0.00000
0.00000
0.00000
0.00000
0.00000
0.00000
0.00000
0.00000
0.00000
0.00000
0.00000
0.00000
0.00000
0.00000
0.00000
0.00000
0.00000
0.00000
0.00000
0.00000
0.00000
0.00000
0.00000
0.00000
0.00000
0.00000
0.00000
0.00000
0.00000
0.00000
0.00000
0.00000
0.00000
0.00000
0.00000
0.00000
0.00000
0.00000
0.00000
0.00000
0.00000
0.00000
0.00000
0.00000
0.00000
0.00000
0.00000
0.00000
0.00000
0.00000
0.00000
0.00000
0.00000
0.00000
0.00000
0.00000
0.00000
0.00000
0.00000
0.00000
0.00000
0.00000
0.00000
0.00000
0.00000
0.00000
0.00000
0.00000
0.00000
0.00000
0.00000
0.00000
0.00000
0.00000
0.00000
0.00000
0.00000
0.00000
0.00000
0.00000
0.00000
0.00000
0.00000
0.00000
0.00000
0.00000
0.00000
0.00000
0.00000
0.00000
0.00000
0.00000
0.00000
0.00000
0.00000
0.00000
0.00000
0.00000
0.00000
0.00000
0.00000
0.00000
0.00000
0.00000
0.00000
0.00000
0.00000
0.00000
0.00000
0.00000
0.00000
0.00000
0.00000
0.00000
0.00000
0.00000
0.00000
0.00000
0.00000
0.00000
0.00000
0.00000
0.00000
0.00000
0.00000
0.00000
0.00000
0.00000
0.00000
0.00000
0.00000
0.00000
0.00000
0.00000
0.00000
0.00000
0.00000
0.00000
0.00000
0.00000
0.00000
0.00000
0.00000
0.00000
0.00000
0.00000
0.00000
0.00000
0.00000
0.00000
0.00000
0.00000
0.00000
0.00000
0.00000
0.00000
0.00000
0.00000
0.00000
0.00000
0.00000
0.00000
0.00000
0.00000
0.00000
0.00000
0.00000
0.00000
0.00000
0.00000
0.00000
0.00000
0.00000
0.00000
0.00000
0.00000
0.00000
0.00000
0.00000
0.00000
0.00000
0.00000
0.00000
0.00000
0.00000
0.00000
0.00000
0.00000
0.00000
0.00000
0.00000
0.00000
0.00000
0.00000
0.00000
0.00000
0.00000
0.00000
0.00000
0.00000
0.00000
0.00000
0.00000
0.00000
0.00000
0.00000
0.00000
0.00000
0.00000
0.00000
0.00000
0.00000
0.00000
0.00000
0.00000
0.00000
0.00000
0.00000
0.00000
0.00000
0.00000
0.00000
0.00000
0.00000
0.00000
0.00000
0.00000
0.00000
0.00000
0.00000
0.00000
0.00000
0.00000
0.00000
0.00000
0.00000
0.00000
0.00000
0.00000
0.00000
0.00000
0.00000
0.00000
0.00000
0.00000
0.00000
0.00000
0.00000
0.00000
0.00000
0.00000
0.00000
0.00000
0.00000
0.00000
0.00000
0.00000
0.00000
0.00000
0.00000
0.00000
0.00000
0.00000
0.00000
0.00000
0.00000
0.00000
0.00000
0.00000
0.00000
0.00000
0.00000
0.00000
0.00000
0.00000
0.00000
0.00000
0.00000
0.00000
0.00000
0.00000
0.00000
0.00000
0.00000
0.00000
0.00000
0.00000
0.00000
0.00000
0.00000
0.00000
0.00000
0.00000
0.00000
0.00000
0.00000
0.00000
0.00000
0.00000
0.00000
0.00000
0.00000
0.00000
0.00000
0.00000
0.00000
0.00000
0.00000
0.00000
0.00000
0.00000
0.00000
0.00000
0.00000
0.00000
0.00000
0.00000
0.00000
0.00000
0.00000
0.00000
0.00000
0.00000
0.00000
0.00000
0.00000
0.00000
0.00000
0.00000
0.00000
0.00000
0.00000
0.00000
0.00000
0.00000
0.00000
0.00000
0.00000
0.00000
0.00000
0.00000
0.00000
0.00000
0.00000
0.00000
0.00000
0.00000
0.00000
0.00000
0.00000
0.00000
0.00000
0.00000
0.00000
0.00000
0.00000
0.00000
0.00000
0.00000
0.00000
0.00000
0.00000
0.00000
0.00000
0.00000
0.00000
0.00000
0.00000
0.00000
0.00000
