0
0
0
0
0
0
0
0
0
0
0
0
0
0
0
0
0
0
0
0
0
0
0
0
0
0
0
0
0
0
0
0
0
0
0
0
0
0
0
0
0
0
0
0
0
0
0
0
0
0
0
0
0
0
0
0
0
0
0
0
0
0
0
0
0
0
0
0
0
0
0
0
0
0
0
0
0
0
0
0
0
0
0
0
0
0
0
0
0
0
0
0
0
0
0
0
0
0
0
0
0
0
0
0
0
0
0
0
0
0
0
0
0
0
0
0
0
0
0
0
0
0
0
0
0
0
0
0
0
0
0
0
0
0
0
0
0
0
0
0
0
0
0
0
0
0
0
0
0
0
0
0
0
0
0
0
0
0
0
0
0
0
0
0
0
0
0
0
0
0
0
0
0
0
0
0
0
0
0
0
0
0
0
0
0
0
0
0
0
0
0
0
0
0
0
0
0
0
0
0
0
0
0
0
0
0
0
0
0
0
0
0
0
0
0
0
0
0
0
0
0
0
0
0
0
0
0
0
0
0
0
0
0
0
0
0
0
0
0
0
0
0
0
0
0
0
0
0
0
0
0
0
0
0
0
0
0
0
0
0
0
0
0
0
0
0
0
0
0
0
0
0
0
0
0
0
0
0
0
0
0
0
0
0
0
0
0
0
0
0
0
0
0
0
0
0
0
0
0
0
0
0
0
0
0
0
0
0
0
0
0
0
0
0
0
0
0
0
0
0
0
0
0
0
0
0
0
0
0
0
0
0
0
0
0
0
0
0
0
0
0
0
0
0
0
0
0
17.4804
75.9091
89.7176
100.53
122.83
165.606
210.262
238.953
257.293
274.212
292.112
310.489
328.305
346.404
363.219
379.452
394.298
408.238
422.308
435.697
448.421
459.364
471.041
480.827
491.375
503.255
513.883
524.034
532.647
540.825
552.188
560.266
569.485
577.939
586.366
594.707
603.29
610.661
617.543
625.583
633.052
639.226
646.313
653.28
659.908
667.31
673.481
678.942
684.725
690.448
696.777
701.8
706.725
712.607
717.899
723.389
729.009
733.474
739.044
742.962
747.147
751.972
756.733
760.927
763.953
768.88
772.844
777.867
781.42
785.653
789.719
793.14
795.779
798.958
802.458
806.466
810.599
814.269
817.649
821.217
824.539
827.567
830.576
832.726
836.108
839.513
842.786
845.541
848.865
851.18
852.461
856.06
859.909
862.006
864.348
866.49
869.253
872.135
873.507
874.967
877.068
881.452
884.159
886.266
888.933
891.6
893.236
895.104
897.507
899.344
899.523
900.603
902.417
904.154
906.733
908.881
910.824
912.197
913.774
915.856
917.395
919.366
921.263
923.446
925.492
926.86
928.38
930.182
931.505
933.391
935.954
938.242
940.446
941.68
943.181
944.502
946.205
948.191
950.059
950.676
951.554
953.688
954.412
955.942
957.511
958.738
961.07
962.103
963.681
963.713
965.359
965.736
966.7
968.435
968.456
969.415
971.83
973.025
973.193
973.879
973.287
974.386
976.233
978.289
979.094
979.564
979.141
979.285
979.493
980.049
981.112
983.701
984.974
984.867
985.091
986.217
987.754
988.869
989.235
990.953
991.351
991.859
992.527
992.794
993.015
994.28
996.824
998.477
1000.18
1000.87
1001.56
1000.92
1002.3
1004.53
1006.78
1007.17
1007.88
1008.5
1009.26
1009.71
1010.21
1010.92
1011.65
1013.54
1012.83
1013.6
995.994
1012.11
1010.54
1010.71
1011.33
1012.47
1013.28
1013.71
1014.3
1015.01
1014.53
1014.83
1014.78
1015.41
1016.27
1017.13
1018.26
1019.27
1019.66
1020.21
1021.55
1022.98
1023.99
1024.41
1026.26
1027.78
1027.71
1027.44
1026.78
1027.03
1026.94
1028.06
1028.53
1029.68
1029.68
1030.6
1028.58
1029.37
1032.51
1033.24
1031.44
1031
1030.9
1030.71
1030.59
1031.2
1031.4
1031.61
1031.72
1032.42
1032.75
1033.11
1033.87
1034.31
1033.69
1032.87
1032.47
1033.62
1034.3
1034.38
1035.72
1037.28
1039.35
1040.53
1039.89
1039.03
1039.86
1040.48
1040.62
1039.98
1040.58
1040
1040.27
1041.51
1043.38
1044.45
1042.4
1043.77
1043.33
1042.85
1042.51
1043.73
1045.32
1045.12
1044.85
1043.51
1043.7
1043.44
1044.56
1043.67
1040.93
1041.49
1044.13
1045.4
1045.96
1046.14
1046.57
1047.12
1046.4
1045.81
1047.31
1048.92
1048.6
1047.67
1046.59
1047.02
1047.35
1047.17
1046.67
1045.9
1044
1044.43
1044.67
1043.98
1044.97
1044.68
1044.68
1044.39
1042.89
1043.33
1041.23
1040.3
1040.17
1040.36
1042.37
1045.21
1045.11
1043.83
1042.44
1042.07
1043.3
1042.27
1039.99
1039.64
1042.68
1044.05
1042.21
1038.68
1036.43
1036.88
1037.09
1033.96
1035.62
1035.97
1033.22
1029.42
1031.17
1036.39
1043.46
1039.77
1039.43
1039.57
1042.18
1042.63
1039.81
1039.64
1042.56
1042.59
1043.34
1041.57
1040.39
1037.45
1037.14
1040.74
1043.58
1044.2
1045.44
1043.97
1044.72
1042.38
1040.81
1040.57
1041.19
1038.32
1038.68
1040.78
1042.95
1044.84
1044.22
1044.63
1041.94
1041.58
1041.63
1042.02
1042.88
1044.14
1044.71
1045.16
1043.18
1041.74
1039.83
1037.75
1037.75
1037.54
1038.05
1038.48
1036.94
1037.2
1038.19
1039.75
1040.3
1041.74
1043.66
1043.54
1040.44
1039.96
1042.27
1041.94
1040.79
1040.7
1040.11
1038.91
1040.29
1038.85
1038.12
1035.97
1032.6
1031.38
1029.99
1029.36
1026.93
1027.97
1028.54
1029.77
1028.72
1026.4
1026
1023.84
1022.51
1021.54
1020.44
1021.08
1022.14
1021.37
1022.58
1022.47
1021.88
1022.08
1019.34
1018.81
1019.22
1018.57
1017.79
1017.16
1018.29
1019.12
1019.82
1019.61
1018.87
1016.26
1016.41
1018.01
1019.3
1017.43
1016.95
1016.26
1013.92
1011.99
1010.62
1010.46
1010.63
1010.9
1012.43
1012.67
1012.4
1012.39
1011.48
1011.05
1012.07
1009.32
1006.59
1002.53
1001.47
999.612
998.499
1000.97
1002.64
1001.38
997.933
997.94
997.978
998.304
998.933
997.034
996.428
997.609
996.11
993.797
992.157
991.345
989.913
987.973
988.192
987.811
988.114
988.998
989.025
988.95
986.12
983.048
981.281
981.446
979.959
976.806
976.265
977.085
977.793
978.203
976.091
972.237
970.147
966.307
963.82
965.517
970.352
971.856
970.739
969.354
967.101
967.277
967.846
969.137
968.533
966.542
965.423
964.832
964.853
962.995
960.091
957.706
955.022
953.352
953.818
952.324
951.608
949.193
948.432
947.456
946.323
945.788
946.138
943.309
942.889
941.935
939.47
936.621
935.232
935.055
933.87
934.349
934.72
933.29
931.297
929.239
928.689
929.175
928.758
925.895
923.352
922.635
920.301
918.758
915.803
914.322
911.38
909.498
908.637
909.651
907.336
905.626
905.027
903.929
902.99
902.131
901.284
900.685
896.505
892.986
892.385
892.049
888.438
886.529
885.877
884.769
884.374
884.374
884.148
882.832
880.547
878.302
876.236
875.727
875.062
872.528
870.793
868.378
867.186
864.762
864.359
862.055
861.199
859.141
857.266
854.745
853.376
851.605
849.875
847.681
846.635
845.091
844.268
840.453
835.826
832.674
830.904
829.116
827.468
825.703
824.233
821.573
820.902
819.019
817.284
816.478
815.966
813.633
811.872
809.042
805.998
803.867
801.48
797.582
793.601
790.647
786.689
783.98
780.967
778.299
776.08
773.928
771.351
768.466
766.523
765.151
763.266
759.369
755.535
751.96
749.572
746.675
743.048
739.836
737.598
734.731
730.458
727.509
724.349
720.242
715.941
711.317
706.423
702.85
700.031
696.626
693.037
690.81
686.53
682.409
678.617
674.635
669.816
664.388
659.629
655.087
651.32
645.704
641.017
636.02
630.511
624.46
618.293
612.279
607.15
602.19
598.048
593.657
588.502
583.043
576.973
569.216
560.836
553.616
545.983
537.69
530.681
523.846
516.266
507.32
499.61
491.533
483.32
476.085
466.87
457.461
447.554
438.623
429.389
419.934
410.17
400.16
389.448
378.515
367.043
354.408
342.574
330.772
317.765
303.553
288.917
274.386
259.619
200.551
77.0405
8.53327
5.68884
4.65688
3.73493
3.09585
2.56154
2.03771
1.59245
1.33577
1.14196
0.722892
0.597173
0.466215
0.440023
0.408592
0.371923
0.3824
0
0
0
0
0
0
0
0
0
0
0
0
0
0
0
0
0
0
0
0
0
0
0
0
0
0
0
0
0
0
0
0
0
0
0
0
0
0
0
0
0
0
0
0
0
0
0
0
0
0
0
0
0
0
0
0
0
0
0
0
0
0
0
0
0
0
0
0
0
0
0
0
0
0
0
0
0
0
0
0
0
0
0
0
0
0
0
0
0
0
0
0
0
0
0
0
0
0
0
0
0
0
0
0
0
0
0
0
0
0
0
0
0
0
0
0
0
0
0
0
0
0
0
0
0
0
0
0
0
0
0
0
0
0
0
0
0
0
0
0
0
0
0
0
0
0
0
0
0
0
0
0
0
0
0
0
0
0
0
0
0
0
0
0
0
0
0
0
0
0
0
0
0
0
0
0
0
0
0
0
0
0
0
0
0
0
0
0
0
0
0
0
0
0
0
0
0
0
0
0
0
0
0
0
0
0
0
0
0
0
0
0
0
0
0
0
0
0
0
0
0
0
0
0
0
0
0
0
0
0
0
0
0
0
0
0
0
0
0
0
0
0
0
0
0
0
0
0
0
0
0
0
0
0
0
0
0
0
0
0
0
0
0
0
0
0
0
0
0
0
0
0
0
0
0
0
0
0
0
0
0
0
0
0
0
0
0
0
0
0
0
0
0
0
0
0
0
0
0
0
0
0
0
0
0
0
0
0
0
0
0
0
0
0
0
0
0
0
0
0
0
0
0
0
0
0
0
0
0
0
0
0
0
0
0
0
0
0
0
0
0
0
0
0
0
0
0
