0.00000
0.00000
0.00000
0.00000
0.00000
0.00000
0.00000
0.00000
0.00000
0.00000
0.00000
0.00000
0.00000
0.00000
0.00000
0.00000
0.00000
0.00000
0.00000
0.00000
0.00000
0.00000
0.00000
0.00000
0.00000
0.00000
0.00000
0.00000
0.00000
0.00000
0.00000
0.00000
0.00000
0.00000
0.00000
0.00000
0.00000
0.00000
0.00000
0.00000
0.00000
0.00000
0.00000
0.00000
0.00000
0.00000
0.00000
0.00000
0.00000
0.00000
0.00000
0.00000
0.00000
0.00000
0.00000
0.00000
0.00000
0.00000
0.00000
0.00000
0.00000
0.00000
0.00000
0.00000
0.00000
0.00000
0.00000
0.00000
0.00000
0.00000
0.00000
0.00000
0.00000
0.00000
0.00000
0.00000
0.00000
0.00000
0.00000
0.00000
0.00000
0.00000
0.00000
0.00000
0.00000
0.00000
0.00000
0.00000
0.00000
0.00000
0.00000
0.00000
0.00000
0.00000
0.00000
0.00000
0.00000
0.00000
0.00000
0.00000
0.00000
0.00000
0.00000
0.00000
0.00000
0.00000
0.00000
0.00000
0.00000
0.00000
0.00000
0.00000
0.00000
0.00000
0.00000
0.00000
0.00000
0.00000
0.00000
0.00000
0.00000
0.00000
0.00000
0.00000
0.00000
0.00000
0.00000
0.00000
0.00000
0.00000
0.00000
0.00000
0.00000
0.00000
0.00000
0.00000
0.00000
0.00000
0.00000
0.00000
0.00000
0.00000
0.00000
0.00000
0.00000
0.00000
0.00000
0.00000
0.00000
0.00000
0.00000
0.00000
0.00000
0.00000
0.00000
0.00000
0.00000
0.00000
0.00000
0.00000
0.00000
0.00000
0.00000
0.00000
0.00000
0.00000
0.00000
0.00000
0.00000
0.00000
0.00000
0.00000
0.00000
0.00000
0.00000
0.00000
0.00000
0.00000
0.00000
0.00000
0.00000
0.00000
0.00000
0.00000
0.00000
0.00000
0.00000
0.00000
0.00000
0.00000
0.00000
0.00000
0.00000
0.00000
0.00000
0.00000
0.00000
0.00000
0.00000
0.00000
0.00000
0.00000
0.00000
0.00000
0.00000
0.00000
0.00000
0.00000
0.00000
0.00000
0.00000
0.00000
0.00000
0.00000
0.00000
0.00000
0.00000
0.00000
0.00000
0.00000
0.00000
0.00000
0.00000
0.00000
0.00000
0.00000
0.00000
0.00000
0.00000
0.00000
0.00000
0.00000
0.00000
0.00000
0.00000
0.00000
0.00000
0.00000
0.00000
0.00000
0.00000
0.00000
0.00000
0.00000
0.00000
0.00000
0.00000
0.00000
0.00000
0.00000
0.00000
0.00000
0.00000
0.00000
0.00000
0.00000
0.00000
0.00000
0.00000
0.00000
0.00000
0.00000
0.00000
0.00000
0.00000
0.00000
0.00000
0.00000
0.00000
0.00000
0.00000
0.00000
0.00000
0.00000
0.00000
0.00000
0.00000
0.00000
0.00000
0.00000
0.00000
0.00000
0.00000
0.00000
0.00000
0.00000
0.00000
0.00000
0.00000
0.00000
0.00000
0.00000
0.00000
0.00000
0.00000
0.00000
0.00000
0.00000
0.00000
0.00000
0.00000
0.00000
0.00000
0.00000
0.00000
0.00000
0.00000
0.00000
0.00000
0.00000
0.00000
0.00000
0.00000
0.00000
0.00000
0.00000
0.00000
0.00000
0.00000
0.00000
0.00000
0.00000
0.00000
0.00000
0.00000
0.00000
0.00000
0.00000
0.00000
0.00000
0.00000
0.00000
0.00000
0.00000
0.00000
0.00104
0.00116
0.00130
0.00149
0.00175
0.00203
0.00237
0.00269
0.00302
0.00344
0.00387
0.00427
0.00465
0.00502
0.00539
0.00582
0.00627
0.00682
0.00737
0.00777
0.00790
0.00825
0.00874
0.00923
0.00966
0.00998
0.01019
0.01031
0.01038
0.01047
0.01063
0.01085
0.01118
0.01159
0.01207
0.01257
0.01308
0.01353
0.01391
0.01411
0.01419
0.01418
0.01411
0.01408
0.01411
0.01403
0.01392
0.01388
0.01403
0.01442
0.01489
0.01546
0.01600
0.01658
0.01727
0.01873
0.02013
0.02030
0.02040
0.02061
0.02080
0.02110
0.02159
0.02237
0.02337
0.02282
0.02362
0.02683
0.02813
0.03645
0.05280
0.05849
0.05485
0.04240
0.03490
0.03809
0.05615
0.05548
0.05444
0.05101
0.04309
0.04993
0.06570
0.05603
0.04925
0.05704
0.05868
0.04377
0.04626
0.06671
0.09191
0.10001
0.10257
0.10485
0.10470
0.10106
0.10002
0.10016
0.09765
0.09685
0.10393
0.10655
0.10214
0.09910
0.10109
0.10704
0.11197
0.12271
0.12505
0.12445
0.12517
0.11796
0.10739
0.11605
0.11927
0.12664
0.13417
0.12532
0.11465
0.11943
0.11053
0.11723
0.12609
0.08909
0.07500
0.10721
0.15252
0.15305
0.15335
0.15727
0.16674
0.16814
0.16624
0.16494
0.16356
0.15802
0.15761
0.14980
0.14159
0.13573
0.12279
0.09008
0.10636
0.11895
0.10924
0.12032
0.11530
0.08987
0.09398
0.12777
0.16458
0.17371
0.17066
0.16761
0.17425
0.17614
0.18868
0.17564
0.13645
0.12042
0.12536
0.13367
0.10947
0.14648
0.16977
0.17794
0.15817
0.17273
0.15853
0.12600
0.16656
0.16827
0.15899
0.18505
0.19001
0.19525
0.17555
0.18028
0.15574
0.15556
0.12155
0.10630
0.10087
0.09028
0.09080
0.14946
0.13955
0.17615
0.18489
0.13009
0.11141
0.15091
0.14049
0.17423
0.19198
0.14104
0.12999
0.17554
0.16680
0.12967
0.12125
0.15368
0.18987
0.19992
0.16722
0.16401
0.12132
0.10837
0.12740
0.13478
0.13628
0.16652
0.15501
0.11233
0.09844
0.09994
0.12075
0.14360
0.15529
0.18228
0.19787
0.16050
0.16227
0.16793
0.18580
0.18020
0.17007
0.18822
0.19672
0.20432
0.17947
0.17370
0.18740
0.22817
0.21473
0.19063
0.15604
0.19146
0.20205
0.18892
0.19836
0.20967
0.20721
0.20869
0.20150
0.16169
0.16730
0.21046
0.17240
0.17062
0.21042
0.18998
0.20591
0.27904
0.17346
0.19497
0.17687
0.22531
0.21578
0.25098
0.26866
0.26835
0.23851
0.24022
0.22106
0.26590
0.26473
0.20104
0.23024
0.20063
0.19740
0.24531
0.21126
0.18756
0.17689
0.16263
0.15593
0.18108
0.18406
0.26980
0.28233
0.23950
0.26878
0.24767
0.29971
0.31274
0.23455
0.16593
0.21978
0.23801
0.28099
0.22305
0.20421
0.19677
0.21555
0.22155
0.25549
0.27726
0.21921
0.21309
0.25514
0.22548
0.30203
0.27971
0.24460
0.24707
0.25813
0.29007
0.18173
0.23052
0.32889
0.26901
0.27427
0.31742
0.30537
0.26766
0.24262
0.28833
0.24787
0.21716
0.22508
0.24184
0.30954
0.27828
0.22806
0.21069
0.22485
0.17800
0.28762
0.29339
0.34519
0.22262
0.16773
0.28174
0.24740
0.26766
0.32416
0.36600
0.36635
0.19884
0.22273
0.36912
0.35208
0.36948
0.34985
0.36173
0.36051
0.36320
0.36415
0.36370
0.35902
0.36474
0.36972
0.37184
0.37165
0.29830
0.37841
0.39158
0.35837
0.35338
0.38208
0.39078
0.38066
0.39516
0.38203
0.28394
0.35260
0.26032
0.20321
0.21233
0.17457
0.17477
0.27122
0.35674
0.32867
0.32719
0.25032
0.37128
0.39187
0.19216
0.27809
0.37946
0.36553
0.35401
0.34640
0.37906
0.38277
0.38183
0.38349
0.36365
0.38926
0.38814
0.39033
0.40000
0.39693
0.39758
0.38451
0.35552
0.29222
0.23063
0.13107
0.13049
0.13566
0.13043
0.11531
0.11281
0.11149
0.11351
0.12577
0.14455
0.18276
0.17999
0.13664
0.11821
0.11943
0.14230
0.18020
0.18423
0.27319
0.27370
0.22414
0.20428
0.19272
0.16367
0.14179
0.12447
0.11604
0.11156
0.10853
0.10633
0.10470
0.10343
0.10274
0.10259
0.10286
0.10345
0.10429
0.10523
0.10590
0.10672
0.10744
0.10819
0.10908
0.10975
0.10977
0.10952
0.10893
0.10764
0.10593
0.10416
0.10263
0.10149
0.10033
0.09955
0.09966
0.10052
0.10153
0.10198
0.10183
0.10137
0.10082
0.10050
0.10054
0.10074
0.10066
0.09970
0.09729
0.09385
0.09035
0.08800
0.08741
0.08866
0.09113
0.09362
0.09522
0.09595
0.09599
0.09512
0.09317
0.08994
0.08535
0.07990
0.07633
0.07416
0.07322
0.07459
0.07658
0.07908
0.08143
0.08365
0.08576
0.08820
0.09127
0.09713
0.10328
0.10772
0.11079
0.10988
0.11631
0.11673
0.11638
0.12124
0.12881
0.17495
0.19986
0.22708
0.24961
0.29097
0.31553
0.26930
0.28558
0.29948
0.24559
0.22310
0.24422
0.24863
0.29270
0.32713
0.34516
0.35165
0.35673
0.32169
0.27551
0.21698
0.12747
0.12105
0.12019
0.12224
0.12760
0.14592
0.16250
0.13929
0.12756
0.12283
0.12147
0.11959
0.12022
0.12203
0.12388
0.12651
0.13093
0.15112
0.26672
0.29385
0.22243
0.30986
0.31978
0.33175
0.33104
0.32806
0.32872
0.30847
0.20651
0.14869
0.22994
0.11804
0.10282
0.09465
0.09014
0.08760
0.08503
0.08286
0.08131
0.07942
0.07686
0.07342
0.07029
0.06803
0.06724
0.06722
0.06730
0.06814
0.07026
0.07329
0.07668
0.07951
0.08120
0.08052
0.07847
0.07482
0.07021
0.06451
0.05899
0.05465
0.05062
0.04690
0.04301
0.03966
0.03706
0.03516
0.03400
0.03324
0.03299
0.03322
0.03383
0.03454
0.03543
0.03639
0.03735
0.03833
0.03947
0.04074
0.04233
0.04420
0.04582
0.04706
0.04823
0.04923
0.04968
0.04962
0.04930
0.04876
0.04801
0.04714
0.04603
0.04480
0.04368
0.04280
0.04228
0.04205
0.04179
0.04165
0.04210
0.04301
0.04346
0.04326
0.04219
0.03980
0.03735
0.03592
0.03573
0.03659
0.03766
0.03814
0.03804
0.03794
0.03820
0.03881
0.03958
0.04018
0.04034
0.04008
0.03946
0.03889
0.03879
0.03932
0.03940
0.03918
0.03910
0.03866
0.03701
0.03449
0.03217
0.03021
0.02881
0.02803
0.02761
0.02782
0.02857
0.02929
0.02944
0.02891
0.02780
0.02712
0.02684
0.02672
0.02670
0.02661
0.02649
0.02666
0.02721
0.02802
0.02920
0.03082
0.03259
0.03392
0.03490
0.03570
0.03601
0.03682
0.04231
0.04741
0.04638
0.04112
0.03576
0.03863
0.04143
0.04059
0.03662
0.03242
0.03525
0.03893
0.03138
0.02902
0.02818
0.02811
0.02901
0.03046
0.03112
0.03629
0.03626
0.05150
0.04625
0.04874
0.04167
0.04934
0.03966
0.03934
0.03964
0.04230
0.04368
0.04183
0.04383
0.04148
0.07107
0.07030
0.06710
0.06403
0.06111
0.05554
0.05093
0.05215
0.04820
0.04298
0.04054
0.03271
0.03111
0.03224
0.02895
0.02249
0.01944
0.02673
0.03229
0.03185
0.03063
0.02923
0.02718
0.01981
0.01388
0.01328
0.01322
0.01332
0.01318
0.01272
0.01277
0.01261
0.01226
0.01250
0.01212
0.01205
0.01207
0.01216
0.01214
0.01207
0.01196
0.01175
0.01139
0.01093
0.01040
0.00984
0.00925
0.00864
0.00794
0.00724
0.00665
0.00622
0.00000
0.00000
0.00000
0.00000
0.00000
0.00000
0.00000
0.00000
0.00000
0.00000
0.00000
0.00000
0.00000
0.00000
0.00000
0.00000
0.00000
0.00000
0.00000
0.00000
0.00000
0.00000
0.00000
0.00000
0.00000
0.00000
0.00000
0.00000
0.00000
0.00000
0.00000
0.00000
0.00000
0.00000
0.00000
0.00000
0.00000
0.00000
0.00000
0.00000
0.00000
0.00000
0.00000
0.00000
0.00000
0.00000
0.00000
0.00000
0.00000
0.00000
0.00000
0.00000
0.00000
0.00000
0.00000
0.00000
0.00000
0.00000
0.00000
0.00000
0.00000
0.00000
0.00000
0.00000
0.00000
0.00000
0.00000
0.00000
0.00000
0.00000
0.00000
0.00000
0.00000
0.00000
0.00000
0.00000
0.00000
0.00000
0.00000
0.00000
0.00000
0.00000
0.00000
0.00000
0.00000
0.00000
0.00000
0.00000
0.00000
0.00000
0.00000
0.00000
0.00000
0.00000
0.00000
0.00000
0.00000
0.00000
0.00000
0.00000
0.00000
0.00000
0.00000
0.00000
0.00000
0.00000
0.00000
0.00000
0.00000
0.00000
0.00000
0.00000
0.00000
0.00000
0.00000
0.00000
0.00000
0.00000
0.00000
0.00000
0.00000
0.00000
0.00000
0.00000
0.00000
0.00000
0.00000
0.00000
0.00000
0.00000
0.00000
0.00000
0.00000
0.00000
0.00000
0.00000
0.00000
0.00000
0.00000
0.00000
0.00000
0.00000
0.00000
0.00000
0.00000
0.00000
0.00000
0.00000
0.00000
0.00000
0.00000
0.00000
0.00000
0.00000
0.00000
0.00000
0.00000
0.00000
0.00000
0.00000
0.00000
0.00000
0.00000
0.00000
0.00000
0.00000
0.00000
0.00000
0.00000
0.00000
0.00000
0.00000
0.00000
0.00000
0.00000
0.00000
0.00000
0.00000
0.00000
0.00000
0.00000
0.00000
0.00000
0.00000
0.00000
0.00000
0.00000
0.00000
0.00000
0.00000
0.00000
0.00000
0.00000
0.00000
0.00000
0.00000
0.00000
0.00000
0.00000
0.00000
0.00000
0.00000
0.00000
0.00000
0.00000
0.00000
0.00000
0.00000
0.00000
0.00000
0.00000
0.00000
0.00000
0.00000
0.00000
0.00000
0.00000
0.00000
0.00000
0.00000
0.00000
0.00000
0.00000
0.00000
0.00000
0.00000
0.00000
0.00000
0.00000
0.00000
0.00000
0.00000
0.00000
0.00000
0.00000
0.00000
0.00000
0.00000
0.00000
0.00000
0.00000
0.00000
0.00000
0.00000
0.00000
0.00000
0.00000
0.00000
0.00000
0.00000
0.00000
0.00000
0.00000
0.00000
0.00000
0.00000
0.00000
0.00000
0.00000
0.00000
0.00000
0.00000
0.00000
0.00000
0.00000
0.00000
0.00000
0.00000
0.00000
0.00000
0.00000
0.00000
0.00000
0.00000
0.00000
0.00000
0.00000
0.00000
0.00000
0.00000
0.00000
0.00000
0.00000
0.00000
0.00000
0.00000
0.00000
0.00000
0.00000
0.00000
0.00000
0.00000
0.00000
0.00000
0.00000
0.00000
0.00000
0.00000
0.00000
0.00000
0.00000
0.00000
0.00000
0.00000
0.00000
0.00000
0.00000
0.00000
0.00000
0.00000
0.00000
0.00000
0.00000
0.00000
0.00000
0.00000
0.00000
0.00000
0.00000
0.00000
0.00000
0.00000
0.00000
0.00000
0.00000
0.00000
0.00000
0.00000
0.00000
0.00000
0.00000
0.00000
0.00000
0.00000
0.00000
0.00000
0.00000
0.00000
0.00000
