0
0
0
0
0
0
0
0
0
0
0
0
0
0
0
0
0
0
0
0
0
0
0
0
0
0
0
0
0
0
0
0
0
0
0
0
0
0
0
0
0
0
0
0
0
0
0
0
0
0
0
0
0
0
0
0
0
0
0
0
0
0
0
0
0
0
0
0
0
0
0
0
0
0
0
0
0
0
0
0
0
0
0
0
0
0
0
0
0
0
0
0
0
0
0
0
0
0
0
0
0
0
0
0
0
0
0
0
0
0
0
0
0
0
0
0
0
0
0
0
0
0
0
0
0
0
0
0
0
0
0
0
0
0
0
0
0
0
0
0
0
0
0
0
0
0
0
0
0
0
0
0
0
0
0
0
0
0
0
0
0
0
0
0
0
0
0
0
0
0
0
0
0
0
0
0
0
0
0
0
0
0
0
0
0
0
0
0
0
0
0
0
0
0
0
0
0
0
0
0
0
0
0
0
0
0
0
0
0
0
0
0
0
0
0
0
0
0
0
0
0
0
0
0
0
0
0
0
0
0
0
0
0
0
0
0
0
0
0
0
0
0
0
0
0
0
0
0
0
0
0
0
0
0
0
0
0
0
0
0
0
0
0
0
0
0
0
0
0
0
0
0
0
0
0
0
0
0
0
0
0
0
0
0
0
0
0
0
0
0
0
0
0
0
0
0
0
0
0
0
0
0
0
0
0
0
0
0
0
0
0
0
0
0
0
0
0
0
0
0
0
0
0
0
0
0
0
0
0
0
0
0
0
0
0
0
0
0
0
0
0
0
0
0
0
0
0
0
0
0
0
0
0
0
0
0
0
0
0
0
0
0
0
0
0
0
0
0
0
0
0
0
0
0
0
0
0
0
0
0
0
0
0
0
0
0
0
0
0
0
0
0
0
0
0
0
0
0
0
0
0
0
0
0
0
0
0
0
0
0
0
0
0
0
0
0
0
0
0
0
0
0
0
0
0
0
0
0
0
0
0
0
0
0
0.68942
0.796078
0.9271
1.08978
1.31089
1.58085
1.8363
2.03415
2.13292
2.15594
2.1393
2.21932
2.48181
2.75376
2.93805
3.2533
3.74124
4.30295
5.06093
5.77403
6.26186
6.82546
7.64794
8.23648
8.65888
9.00682
9.20719
9.55806
9.86078
10.495
11.9095
12.9107
12.774
12.5014
12.9163
14.1052
15.3066
16.3375
16.7208
16.2892
16.4473
16.8172
17.7907
18.7271
18.9818
18.5863
18.2386
18.2017
18.1458
18.1725
18.8687
19.7526
20.9969
23.1198
25.6578
27.7195
28.9063
28.8214
28.7047
30.722
34.2321
37.8591
39.583
41.0235
42.0995
43.3184
44.7711
46.1795
47.6361
48.6051
49.4589
49.4843
49.1815
49.0761
49.3775
49.5433
50.2093
52.0928
53.0796
51.5048
51.9845
53.1644
55.8829
57.8262
58.2034
60.0382
63.3824
66.5002
66.7658
64.2875
61.4386
59.4269
58.6398
59.2535
60.2976
62.3886
64.8029
66.4599
67.1383
67.0178
67.4636
68.9801
70.5802
71.2858
71.3025
72.0216
73.4423
74.5909
75.3624
76.2776
76.7687
78.054
79.2096
79.5634
79.0972
80.7457
83.7814
86.8181
88.6179
90.7033
93.36
92.4831
90.7017
93.5806
98.4838
101.366
101.046
99.6495
99.591
100.804
101.921
102.485
102.663
100.846
100.058
101.042
102.663
103.111
103.51
105.563
107.905
110.731
113.57
115.93
118.011
119.154
121.468
124.883
128.921
131.672
135.332
141.814
150.319
155.44
156.455
156.908
159.911
164.964
169.31
171.761
172.69
172.409
170.575
167.692
163.354
157.383
153.836
152.318
150.397
148.726
149.934
155.708
160.81
162.235
165.888
171.828
188.329
210.141
237.651
261.208
258.547
246.061
241.4
248.473
257.691
297.577
346.648
346.212
318.521
321.411
319.313
315.118
320.902
297.858
302.027
309.303
278.445
269.624
269.641
266.89
267.491
279.792
301.597
333.273
352.461
396.129
407.023
424.091
361.595
347.789
340.64
354.248
352.818
337.484
297.544
310.486
348.56
348.56
368.1
438.408
452.103
457.05
465.812
521.822
548.633
519.292
482.503
443.459
410.994
467.811
571.951
597.697
565.378
530.113
525.661
555.495
542.586
513.023
482.182
490.237
481.309
504.3
483.291
503.017
508.689
591.197
621.531
637.585
654.518
634.089
607.742
590.944
519.676
421.122
423.193
525.729
600.986
615.16
537.259
507.403
560.534
449.225
506.335
511.133
596.157
510.965
433.368
626.088
650.181
659.743
550.281
542.273
595.43
659.988
687
680.094
691.511
717.551
743.703
757.749
782.496
803.545
807.116
779.555
571.607
410.912
406.966
464.815
757.943
832.847
810.622
800.93
827.756
514.164
583.047
437.748
454.483
790.313
801.403
786.732
568.356
588.161
832.711
846.492
780.036
653.475
651.866
739.371
740.72
526.674
783.215
815.773
801.904
802.775
771.602
726.191
687.412
694.588
693.383
688.438
684.975
691.747
692.337
704.62
724.701
742.496
748.714
740.635
671.876
722.499
723.67
741.74
752.482
753.962
734.154
720.97
724.16
688.035
727.671
734.69
734.928
725.479
700.926
676.815
671.052
670.756
664.876
654.696
644.273
639.741
638.754
640.979
647.605
655.851
668.86
688.772
710.47
731.368
749.874
756.488
748.616
729.796
716.862
707.307
691.831
545.162
674.585
665.16
671.789
674.79
682.13
698.452
715.924
733.898
745.35
749.473
751.949
752.067
749.226
732.279
722.26
711.375
701.504
692.241
689.49
700.632
716.23
729.472
742.864
760.74
764.558
770.207
763.646
754.702
740.7
722.675
709.95
696.883
671.931
636.109
600.846
577.592
567.972
565.405
566.999
563.677
555.335
534.885
531.387
490.45
478.955
492.623
299.916
149.531
169.036
282.007
137.378
160.959
362.382
367.449
430.02
485.53
491.946
475.33
425.175
122.115
117.369
222.075
442.324
345.847
127.257
122.266
158.805
395.317
436.3
159.921
200.538
535.122
525.927
550.336
552.877
588.991
581.535
597.598
620.703
512.598
654.844
659.061
647.702
620.581
616.221
610.039
614.353
621.995
618.294
611.572
603.647
576.277
547.559
515.513
503.579
507.974
508.159
514.234
508.179
504.747
503.161
500.007
498.69
491.548
472.663
461.941
459.967
436.103
409.686
382.678
364.349
355.133
349.316
346.031
330.821
340.174
341.11
318.916
280.329
300.165
305.626
269.433
306.505
310.007
307.793
307.33
301.003
292.076
292.269
291.002
282.269
284.108
279.308
276.215
253.373
248.84
236.218
91.6939
230.038
219.86
207.408
212.852
127.251
134.356
202.748
126.963
87.5559
56.66
90.7711
169.041
219.664
216.701
209.433
211.717
208.546
202.419
194.372
191.377
191.742
188.795
177.336
177.784
172.529
169.53
172.416
176.252
171.917
161.041
157.264
161.225
154.077
154.956
153.617
147.759
148.469
142.657
133.387
125.866
121.471
116.243
112.235
107.834
106.854
104.465
95.7569
92.325
96.7797
102.707
101.49
100.632
98.2673
95.2622
92.826
90.5874
88.3602
78.8551
84.2744
81.5509
74.612
31.7611
40.7174
70.3096
68.138
65.4496
62.5554
59.7559
57.0073
50.4795
36.3651
23.0398
19.1114
18.4908
17.9016
17.3048
16.743
16.1055
15.449
14.7612
14.0453
13.3963
12.7518
12.186
11.6278
11.0186
10.4531
9.90702
9.38057
8.84223
8.33552
7.82193
7.30694
6.791
6.30381
0
0
0
0
0
0
0
0
0
0
0
0
0
0
0
0
0
0
0
0
0
0
0
0
0
0
0
0
0
0
0
0
0
0
0
0
0
0
0
0
0
0
0
0
0
0
0
0
0
0
0
0
0
0
0
0
0
0
0
0
0
0
0
0
0
0
0
0
0
0
0
0
0
0
0
0
0
0
0
0
0
0
0
0
0
0
0
0
0
0
0
0
0
0
0
0
0
0
0
0
0
0
0
0
0
0
0
0
0
0
0
0
0
0
0
0
0
0
0
0
0
0
0
0
0
0
0
0
0
0
0
0
0
0
0
0
0
0
0
0
0
0
0
0
0
0
0
0
0
0
0
0
0
0
0
0
0
0
0
0
0
0
0
0
0
0
0
0
0
0
0
0
0
0
0
0
0
0
0
0
0
0
0
0
0
0
0
0
0
0
0
0
0
0
0
0
0
0
0
0
0
0
0
0
0
0
0
0
0
0
0
0
0
0
0
0
0
0
0
0
0
0
0
0
0
0
0
0
0
0
0
0
0
0
0
0
0
0
0
0
0
0
0
0
0
0
0
0
0
0
0
0
0
0
0
0
0
0
0
0
0
0
0
0
0
0
0
0
0
0
0
0
0
0
0
0
0
0
0
0
0
0
0
0
0
0
0
0
0
0
0
0
0
0
0
0
0
0
0
0
0
0
0
0
0
0
0
0
0
0
0
0
0
0
0
0
0
0
0
0
0
0
0
0
0
0
0
0
0
0
0
0
0
0
0
0
0
0
0
0
0
0
0
0
0
0
0
0
0
0
0
0
0
0
0
0
0
0
0
0
0
0
0
0
0
0
0
0
0
0
0
0
0
0
0
0
0
0
0
0
0
0
0
0
0
0
0
0
0
0
0
0
0
0
0
0
0
0
0
0
0
0
0
0
0
0
0
